# gen_world cr_p2.35_s0.360_k0.270_q0.110 mode set ColourReconnection:range=5.4;ColourReconnection:mode=2;TimeShower:alphaSvalue=0.18;MultipartonInteractions:pT0Ref=2.35;StringPT:sigma=0.360;StringFlav:probStoUD=0.27;StringFlav:probQQtoQ=0.11 nev 200000 seed 20260984
SUMMARY nev 200000 nnsd 155838 dnde 1.9781 eps 0.5019 classN 16.1970 14.5020 6.8111 1.3950 meanpt_ch05 0.4887
SPEC pip sel0 meanpt 0.4250 yield 0.68898 2.731099e+00 2.492821e+00 2.092660e+00 1.648845e+00 1.306384e+00 9.789889e-01 7.705898e-01 5.798090e-01 4.623785e-01 3.589004e-01 2.682031e-01 2.149481e-01 1.658122e-01 1.281660e-01 9.919351e-02 7.657040e-02 6.368954e-02 4.887681e-02 3.895916e-02 2.935913e-02 2.444442e-02 2.040990e-02 1.616812e-02 1.280980e-02 1.035667e-02 8.577426e-03 6.675070e-03 6.498482e-03 5.121678e-03 3.822802e-03 3.622918e-03 3.161445e-03 2.434546e-03 2.117541e-03 1.660747e-03 1.575538e-03 1.146165e-03 1.273240e-03 1.169302e-03 1.082138e-03 9.206847e-04 6.464814e-04 5.563736e-04 5.749440e-04 5.926797e-04 3.697791e-04 2.542567e-04 4.116489e-04 2.156444e-04 3.123387e-04 1.710859e-04 2.207419e-04 2.165373e-04 1.274939e-04 1.585292e-04 1.228996e-04 9.657949e-05 8.699152e-05 8.550449e-05 1.375649e-04 6.764555e-05 7.393958e-05 5.092958e-05 3.580539e-05 7.050053e-06 5.553935e-05 5.470417e-05 3.368359e-05 2.655348e-05 1.962856e-05 1.290010e-05 1.907951e-05 6.272116e-06 1.237356e-05 2.441495e-05 0.000000e+00 0.000000e+00 1.173493e-05 1.737816e-05 0.000000e+00 0.000000e+00 1.115898e-05 5.511860e-06 0.000000e+00 1.076280e-05 5.318461e-06 5.256976e-06 0.000000e+00 1.027635e-05 0.000000e+00 1.004925e-05 0.000000e+00 0.000000e+00 9.726811e-06 0.000000e+00 0.000000e+00 9.424423e-06 0.000000e+00 0.000000e+00 1.371040e-05
SPEC pip sel1 meanpt 0.4284 yield 1.16691 3.223174e+00 2.932857e+00 2.456312e+00 1.940791e+00 1.534469e+00 1.156837e+00 9.111744e-01 6.950727e-01 5.398150e-01 4.191352e-01 3.212086e-01 2.556231e-01 1.977534e-01 1.533591e-01 1.186662e-01 9.408996e-02 7.628067e-02 5.905943e-02 4.665890e-02 3.565592e-02 2.959234e-02 2.424482e-02 1.982654e-02 1.564521e-02 1.288903e-02 1.042912e-02 8.339848e-03 7.561219e-03 6.177876e-03 4.929862e-03 4.419986e-03 3.877639e-03 2.953869e-03 2.682777e-03 2.202422e-03 1.898726e-03 1.600479e-03 1.437969e-03 1.347565e-03 1.261739e-03 1.119630e-03 7.776528e-04 6.824584e-04 7.043342e-04 6.609662e-04 5.386995e-04 4.304769e-04 4.472151e-04 2.779579e-04 3.878818e-04 1.941452e-04 2.379692e-04 2.256553e-04 1.527154e-04 2.023830e-04 1.472122e-04 1.012247e-04 1.349872e-04 1.396628e-04 1.304498e-04 8.102754e-05 9.299502e-05 8.497088e-05 5.146631e-05 1.266710e-05 6.236852e-05 4.300146e-05 4.841645e-05 2.385482e-05 2.351159e-05 2.317809e-05 3.428088e-05 1.126935e-05 2.779006e-05 2.741704e-05 5.410779e-06 5.340050e-06 2.635573e-05 1.561199e-05 0.000000e+00 0.000000e+00 1.503732e-05 4.951683e-06 0.000000e+00 9.668966e-06 4.777939e-06 4.722703e-06 9.337459e-06 9.231951e-06 0.000000e+00 9.027930e-06 0.000000e+00 4.416366e-06 8.738264e-06 0.000000e+00 0.000000e+00 8.466608e-06 0.000000e+00 0.000000e+00 1.231700e-05
SPEC pim sel0 meanpt 0.4235 yield 0.68191 2.814769e+00 2.503128e+00 2.057555e+00 1.648715e+00 1.262831e+00 9.818000e-01 7.539397e-01 5.858115e-01 4.441359e-01 3.429610e-01 2.756520e-01 2.078307e-01 1.610830e-01 1.302207e-01 1.022355e-01 8.017889e-02 6.085093e-02 4.918862e-02 3.898374e-02 3.061838e-02 2.388988e-02 1.897169e-02 1.616812e-02 1.248084e-02 9.744180e-03 9.023238e-03 7.207016e-03 6.382733e-03 4.994035e-03 4.331481e-03 3.458918e-03 3.103702e-03 2.210680e-03 2.144689e-03 1.753011e-03 1.537110e-03 1.245831e-03 1.200483e-03 9.921347e-04 8.749205e-04 6.961274e-04 6.683960e-04 5.884721e-04 3.867805e-04 3.167771e-04 4.297433e-04 3.031523e-04 2.106111e-04 1.875169e-04 2.112879e-04 1.530769e-04 1.765936e-04 1.559069e-04 1.699919e-04 1.084673e-04 1.065130e-04 1.287726e-04 8.699152e-05 8.550449e-05 6.113995e-05 6.012938e-05 5.175771e-05 4.365393e-05 5.728862e-05 1.410011e-05 2.082726e-05 2.051406e-05 1.347343e-05 1.991511e-05 1.962856e-05 3.225024e-05 1.907951e-05 1.881635e-05 3.712069e-05 1.220747e-05 1.806868e-05 2.377665e-05 1.173493e-05 1.158544e-05 1.143971e-05 5.648800e-06 5.579490e-06 0.000000e+00 0.000000e+00 1.076280e-05 5.318461e-06 0.000000e+00 0.000000e+00 0.000000e+00 5.080764e-06 0.000000e+00 4.969709e-06 0.000000e+00 0.000000e+00 4.811941e-06 0.000000e+00 0.000000e+00 0.000000e+00 0.000000e+00 0.000000e+00
SPEC pim sel1 meanpt 0.4264 yield 1.15317 3.233795e+00 2.951649e+00 2.451410e+00 1.935772e+00 1.497521e+00 1.154831e+00 8.936397e-01 6.851049e-01 5.233302e-01 4.100189e-01 3.228815e-01 2.454635e-01 1.919035e-01 1.526026e-01 1.220470e-01 9.459072e-02 7.281449e-02 5.898940e-02 4.732136e-02 3.611681e-02 2.907423e-02 2.262977e-02 1.993547e-02 1.515847e-02 1.228876e-02 1.100584e-02 8.987304e-03 7.516654e-03 6.192210e-03 5.248364e-03 4.085138e-03 3.579359e-03 2.815603e-03 2.597416e-03 2.344514e-03 1.818174e-03 1.466173e-03 1.372606e-03 1.177793e-03 1.044554e-03 9.178953e-04 7.579654e-04 6.824584e-04 5.259029e-04 4.681844e-04 4.758513e-04 4.568327e-04 3.096105e-04 2.611119e-04 2.475841e-04 2.507709e-04 2.062400e-04 2.100928e-04 2.290732e-04 1.499133e-04 1.766546e-04 1.446067e-04 1.065688e-04 1.047471e-04 8.238934e-05 8.777983e-05 6.642501e-05 7.189843e-05 5.789960e-05 3.166774e-05 2.494741e-05 2.457226e-05 1.815617e-05 2.981853e-05 2.938948e-05 4.056166e-05 2.856740e-05 2.253869e-05 3.334807e-05 1.645022e-05 2.164312e-05 3.204030e-05 1.581344e-05 1.561199e-05 1.027708e-05 5.074706e-06 5.012440e-06 0.000000e+00 0.000000e+00 1.450345e-05 4.777939e-06 0.000000e+00 4.668729e-06 0.000000e+00 4.564400e-06 4.513965e-06 8.929264e-06 0.000000e+00 0.000000e+00 4.322898e-06 4.277632e-06 0.000000e+00 0.000000e+00 0.000000e+00 0.000000e+00
SPEC kp sel0 meanpt 0.5633 yield 0.09060 1.664306e-01 1.394500e-01 1.446036e-01 1.294027e-01 1.154000e-01 1.029340e-01 9.178518e-02 7.681879e-02 6.799527e-02 5.222197e-02 4.460669e-02 3.748544e-02 3.066688e-02 2.536374e-02 2.038438e-02 1.549010e-02 1.336626e-02 1.026387e-02 8.160531e-03 7.368932e-03 5.722923e-03 5.118338e-03 3.395305e-03 3.057323e-03 2.282922e-03 2.389553e-03 1.784595e-03 1.537809e-03 1.260475e-03 1.063602e-03 1.058548e-03 9.094568e-04 8.394986e-04 7.194211e-04 5.667629e-04 5.123700e-04 3.862077e-04 3.395305e-04 4.133895e-04 3.108270e-04 2.470130e-04 2.081889e-04 1.497929e-04 1.986170e-04 1.430606e-04 6.995822e-05 9.779106e-05 5.743938e-05 5.625506e-05 7.349146e-05 4.502261e-05 6.180774e-05 6.929195e-05 2.549879e-05 5.840548e-05 1.638661e-05 3.219316e-05 1.581664e-05 3.109254e-05 1.528499e-05 1.503234e-05 1.478792e-05 2.182696e-05 0.000000e+00 1.410011e-05 0.000000e+00 6.838021e-06 6.736717e-06 1.327674e-05 6.542855e-06 1.290010e-05 6.359838e-06 6.272116e-06 6.186781e-06 0.000000e+00 6.022893e-06 0.000000e+00 0.000000e+00 0.000000e+00 0.000000e+00 1.129760e-05 0.000000e+00 5.511860e-06 0.000000e+00 1.076280e-05 5.318461e-06 0.000000e+00 5.196896e-06 5.138174e-06 5.080764e-06 0.000000e+00 0.000000e+00 0.000000e+00 0.000000e+00 0.000000e+00 4.761554e-06 0.000000e+00 0.000000e+00 0.000000e+00 0.000000e+00
SPEC kp sel1 meanpt 0.5672 yield 0.15349 1.870993e-01 1.683077e-01 1.697783e-01 1.513836e-01 1.396209e-01 1.224799e-01 1.091675e-01 9.041773e-02 7.829047e-02 6.222311e-02 5.213415e-02 4.475891e-02 3.594922e-02 2.920117e-02 2.349659e-02 1.863350e-02 1.591966e-02 1.260557e-02 9.782250e-03 8.589265e-03 6.894916e-03 5.947201e-03 4.139607e-03 3.667933e-03 2.951304e-03 2.755466e-03 2.312342e-03 1.842026e-03 1.720058e-03 1.592512e-03 1.433147e-03 1.102339e-03 9.678635e-04 7.926388e-04 6.986178e-04 5.523567e-04 4.476864e-04 4.466418e-04 4.880944e-04 3.516322e-04 2.723425e-04 3.346860e-04 1.922418e-04 2.253869e-04 1.652415e-04 9.876158e-05 1.142082e-04 9.460320e-05 1.010756e-04 6.602244e-05 4.853630e-05 7.932307e-05 7.003094e-05 4.581463e-05 5.996533e-05 2.944244e-05 4.338200e-05 2.131376e-05 3.491571e-05 2.059734e-05 1.350459e-05 1.992750e-05 1.960866e-05 0.000000e+00 1.266710e-05 6.236852e-06 1.842920e-05 1.210411e-05 1.192741e-05 5.877897e-06 1.158904e-05 1.142696e-05 5.634673e-06 1.667403e-05 0.000000e+00 5.410779e-06 0.000000e+00 0.000000e+00 0.000000e+00 0.000000e+00 1.014941e-05 0.000000e+00 4.951683e-06 0.000000e+00 9.668966e-06 9.555879e-06 0.000000e+00 4.668729e-06 4.615975e-06 4.564400e-06 0.000000e+00 0.000000e+00 0.000000e+00 0.000000e+00 0.000000e+00 4.277632e-06 0.000000e+00 0.000000e+00 0.000000e+00 0.000000e+00
SPEC km sel0 meanpt 0.5539 yield 0.08431 1.418753e-01 1.433910e-01 1.335083e-01 1.199184e-01 1.092359e-01 9.425280e-02 8.527907e-02 7.609122e-02 6.195006e-02 5.140824e-02 4.010271e-02 3.491523e-02 2.928451e-02 2.135539e-02 1.825186e-02 1.637022e-02 1.273240e-02 9.328429e-03 7.398554e-03 6.529434e-03 5.589832e-03 4.272332e-03 4.203712e-03 3.057323e-03 2.431405e-03 1.818914e-03 1.595839e-03 1.488202e-03 1.244520e-03 9.865294e-04 8.050929e-04 7.939702e-04 4.897075e-04 4.750894e-04 3.954160e-04 3.586590e-04 2.242496e-04 1.940175e-04 1.771669e-04 2.647786e-04 1.571901e-04 2.191462e-04 1.283939e-04 1.045353e-04 7.153031e-05 1.798926e-04 3.911642e-05 6.701261e-05 4.687922e-05 5.511860e-05 2.701357e-05 4.414839e-05 7.795344e-05 5.949717e-05 8.343641e-06 8.193305e-06 2.414487e-05 1.581664e-05 3.886568e-05 2.292748e-05 3.006469e-05 2.218187e-05 3.637827e-05 2.148323e-05 7.050053e-06 6.942418e-06 6.838021e-06 1.347343e-05 0.000000e+00 0.000000e+00 0.000000e+00 0.000000e+00 0.000000e+00 0.000000e+00 6.103737e-06 6.022893e-06 0.000000e+00 0.000000e+00 1.158544e-05 5.719854e-06 0.000000e+00 0.000000e+00 0.000000e+00 0.000000e+00 5.381401e-06 0.000000e+00 0.000000e+00 5.196896e-06 0.000000e+00 0.000000e+00 0.000000e+00 0.000000e+00 0.000000e+00 4.863405e-06 0.000000e+00 0.000000e+00 4.712211e-06 0.000000e+00 0.000000e+00 0.000000e+00
SPEC km sel1 meanpt 0.5582 yield 0.14311 1.772950e-01 1.723928e-01 1.547450e-01 1.420461e-01 1.284549e-01 1.143839e-01 1.009343e-01 8.905601e-02 7.281158e-02 6.093306e-02 4.730979e-02 4.099347e-02 3.421712e-02 2.496473e-02 2.169349e-02 1.966137e-02 1.500360e-02 1.125164e-02 9.141877e-03 7.897934e-03 6.396729e-03 4.902166e-03 4.992947e-03 3.667933e-03 3.051348e-03 2.210781e-03 2.019446e-03 1.752896e-03 1.333045e-03 1.246313e-03 1.138481e-03 1.063433e-03 7.164704e-04 5.975277e-04 4.973212e-04 4.487898e-04 3.245726e-04 2.941300e-04 2.652687e-04 3.412900e-04 2.219087e-04 2.953112e-04 1.537934e-04 1.314757e-04 7.344069e-05 1.795665e-04 5.271146e-05 1.118038e-04 7.580669e-05 4.951683e-05 4.044691e-05 6.345846e-05 9.337459e-05 6.872195e-05 3.747833e-05 2.944244e-05 5.061233e-05 2.841835e-05 3.491571e-05 2.059734e-05 2.700918e-05 1.992750e-05 3.268111e-05 1.929987e-05 6.333548e-06 6.236852e-06 6.143065e-06 1.210411e-05 0.000000e+00 5.877897e-06 0.000000e+00 0.000000e+00 0.000000e+00 0.000000e+00 5.483407e-06 5.410779e-06 0.000000e+00 0.000000e+00 1.040800e-05 5.138539e-06 0.000000e+00 0.000000e+00 0.000000e+00 0.000000e+00 4.834483e-06 0.000000e+00 0.000000e+00 4.668729e-06 0.000000e+00 0.000000e+00 0.000000e+00 0.000000e+00 0.000000e+00 8.738264e-06 0.000000e+00 0.000000e+00 4.233304e-06 0.000000e+00 0.000000e+00 0.000000e+00
SPEC p sel0 meanpt 0.6200 yield 0.04929 6.457143e-02 6.426828e-02 5.784145e-02 5.768555e-02 5.113168e-02 4.687837e-02 4.225476e-02 3.843971e-02 3.413138e-02 2.824103e-02 2.373249e-02 2.135246e-02 1.764346e-02 1.525866e-02 1.310872e-02 1.094282e-02 8.708738e-03 6.184306e-03 5.702540e-03 4.873756e-03 4.214556e-03 3.405176e-03 2.849631e-03 2.322017e-03 1.874595e-03 1.480096e-03 1.201169e-03 1.306311e-03 1.021144e-03 8.477987e-04 5.665469e-04 6.929195e-04 5.036992e-04 3.936455e-04 2.240691e-04 2.689943e-04 3.488328e-04 1.818914e-04 2.362226e-04 1.151211e-04 2.357851e-04 1.972316e-04 1.604924e-04 1.358958e-04 9.196754e-05 7.995225e-05 2.933732e-05 3.829292e-05 3.750337e-05 3.674573e-05 3.601809e-05 2.648903e-05 6.063045e-05 4.249798e-05 1.668728e-05 0.000000e+00 3.219316e-05 7.908320e-06 2.331941e-05 0.000000e+00 2.254852e-05 0.000000e+00 7.275655e-06 0.000000e+00 0.000000e+00 0.000000e+00 6.838021e-06 0.000000e+00 0.000000e+00 0.000000e+00 0.000000e+00 0.000000e+00 0.000000e+00 0.000000e+00 0.000000e+00 0.000000e+00 0.000000e+00 0.000000e+00 0.000000e+00 0.000000e+00 0.000000e+00 0.000000e+00 0.000000e+00 0.000000e+00 0.000000e+00 5.318461e-06 0.000000e+00 0.000000e+00 0.000000e+00 5.080764e-06 0.000000e+00 0.000000e+00 0.000000e+00 4.863405e-06 0.000000e+00 0.000000e+00 0.000000e+00 0.000000e+00 0.000000e+00 0.000000e+00
SPEC p sel1 meanpt 0.6234 yield 0.08434 7.516654e-02 7.897934e-02 7.402270e-02 6.641268e-02 6.109551e-02 5.682056e-02 4.933590e-02 4.471865e-02 4.056302e-02 3.371314e-02 2.847925e-02 2.493710e-02 2.104663e-02 1.836799e-02 1.518544e-02 1.320422e-02 1.037378e-02 7.680060e-03 6.823285e-03 6.054384e-03 5.440208e-03 4.275145e-03 3.576765e-03 2.433699e-03 2.484431e-03 1.698136e-03 1.526146e-03 1.589490e-03 1.204041e-03 1.093986e-03 7.366643e-04 7.651529e-04 5.907738e-04 4.511944e-04 3.197065e-04 2.991932e-04 4.029177e-04 2.505551e-04 2.758795e-04 1.965003e-04 2.622558e-04 1.870304e-04 2.018539e-04 1.596491e-04 1.101610e-04 8.978326e-05 4.392622e-05 4.300146e-05 8.422965e-05 4.951683e-05 4.044691e-05 3.966154e-05 6.224973e-05 4.581463e-05 2.998267e-05 0.000000e+00 2.892133e-05 7.104588e-06 3.491571e-05 0.000000e+00 2.025688e-05 1.328500e-05 6.536221e-06 0.000000e+00 0.000000e+00 0.000000e+00 1.228613e-05 6.052057e-06 0.000000e+00 0.000000e+00 0.000000e+00 0.000000e+00 0.000000e+00 0.000000e+00 5.483407e-06 0.000000e+00 0.000000e+00 0.000000e+00 0.000000e+00 0.000000e+00 0.000000e+00 0.000000e+00 0.000000e+00 0.000000e+00 0.000000e+00 4.777939e-06 0.000000e+00 0.000000e+00 0.000000e+00 4.564400e-06 0.000000e+00 0.000000e+00 0.000000e+00 4.369132e-06 0.000000e+00 0.000000e+00 0.000000e+00 0.000000e+00 0.000000e+00 0.000000e+00
SPEC pbar sel0 meanpt 0.6163 yield 0.04215 4.729175e-02 5.365795e-02 5.129336e-02 4.625238e-02 4.466443e-02 3.935468e-02 3.980623e-02 3.292234e-02 2.878163e-02 2.560839e-02 2.174035e-02 1.866364e-02 1.462407e-02 1.313660e-02 9.690419e-03 8.331798e-03 7.220536e-03 5.976431e-03 5.309261e-03 3.871021e-03 3.393827e-03 2.580319e-03 2.485849e-03 2.418768e-03 1.874595e-03 1.301772e-03 1.132531e-03 7.937078e-04 7.818138e-04 6.628245e-04 5.367286e-04 5.196896e-04 4.477326e-04 2.714796e-04 2.899717e-04 2.818035e-04 1.494998e-04 1.940175e-04 1.535447e-04 8.058478e-05 1.347343e-04 1.205304e-04 1.283939e-04 1.045353e-04 4.087446e-05 1.099343e-04 4.889553e-05 3.829292e-05 3.750337e-05 0.000000e+00 2.701357e-05 3.531871e-05 3.464597e-05 1.699919e-05 1.668728e-05 0.000000e+00 0.000000e+00 7.908320e-06 7.773135e-06 7.642494e-06 7.516172e-06 1.478792e-05 7.275655e-06 1.432215e-05 0.000000e+00 0.000000e+00 6.838021e-06 0.000000e+00 0.000000e+00 6.542855e-06 1.290010e-05 1.271968e-05 6.272116e-06 0.000000e+00 0.000000e+00 0.000000e+00 5.944162e-06 5.867463e-06 0.000000e+00 0.000000e+00 0.000000e+00 0.000000e+00 0.000000e+00 0.000000e+00 0.000000e+00 0.000000e+00 0.000000e+00 5.196896e-06 0.000000e+00 0.000000e+00 0.000000e+00 0.000000e+00 4.915983e-06 0.000000e+00 0.000000e+00 0.000000e+00 0.000000e+00 0.000000e+00 0.000000e+00 0.000000e+00
SPEC pbar sel1 meanpt 0.6216 yield 0.07203 6.699627e-02 6.536221e-02 6.323794e-02 5.672506e-02 5.120040e-02 4.530790e-02 4.694767e-02 3.861817e-02 3.455546e-02 2.915499e-02 2.560020e-02 2.174004e-02 1.797461e-02 1.591691e-02 1.205820e-02 9.857043e-03 8.467377e-03 7.960184e-03 6.403730e-03 4.629823e-03 3.905791e-03 3.230109e-03 2.814206e-03 2.746604e-03 2.117602e-03 1.489874e-03 1.526146e-03 1.158694e-03 9.316982e-04 7.754839e-04 6.295131e-04 7.132781e-04 5.279256e-04 4.024166e-04 4.144343e-04 3.682378e-04 2.462275e-04 2.832363e-04 1.803827e-04 1.241055e-04 1.513014e-04 1.476556e-04 1.345693e-04 1.126935e-04 3.672034e-05 1.077399e-04 5.271146e-05 6.880233e-05 5.053779e-05 2.475841e-05 4.044691e-05 3.966154e-05 3.112486e-05 1.527154e-05 2.248700e-05 7.360609e-06 0.000000e+00 7.104588e-06 6.983142e-06 2.746311e-05 1.350459e-05 2.657000e-05 6.536221e-06 1.929987e-05 0.000000e+00 0.000000e+00 6.143065e-06 0.000000e+00 0.000000e+00 5.877897e-06 1.158904e-05 1.142696e-05 5.634673e-06 0.000000e+00 0.000000e+00 0.000000e+00 5.340050e-06 5.271146e-06 0.000000e+00 0.000000e+00 0.000000e+00 0.000000e+00 0.000000e+00 0.000000e+00 0.000000e+00 0.000000e+00 0.000000e+00 4.668729e-06 0.000000e+00 0.000000e+00 0.000000e+00 0.000000e+00 4.416366e-06 0.000000e+00 4.322898e-06 0.000000e+00 0.000000e+00 0.000000e+00 0.000000e+00 0.000000e+00
SPEC pinc sel0 meanpt 0.6057 yield 0.06947 9.367405e-02 9.761503e-02 8.712596e-02 8.704801e-02 7.386810e-02 6.729980e-02 6.191302e-02 5.590128e-02 4.943165e-02 3.996823e-02 3.408298e-02 2.985391e-02 2.400966e-02 2.172591e-02 1.796961e-02 1.493269e-02 1.182294e-02 8.626848e-03 7.767253e-03 6.319559e-03 5.478923e-03 4.526134e-03 3.738878e-03 2.979922e-03 2.431405e-03 2.211228e-03 1.681637e-03 1.670093e-03 1.132832e-03 1.048188e-03 8.349112e-04 8.661494e-04 7.975237e-04 5.022373e-04 3.822355e-04 3.458498e-04 4.484993e-04 2.667740e-04 3.070893e-04 1.611696e-04 3.031523e-04 2.191462e-04 1.818914e-04 1.672564e-04 9.196754e-05 8.994628e-05 6.845374e-05 8.615907e-05 3.750337e-05 4.593216e-05 4.502261e-05 4.414839e-05 7.795344e-05 4.249798e-05 3.337456e-05 8.193305e-06 3.219316e-05 7.908320e-06 2.331941e-05 7.642494e-06 2.254852e-05 2.218187e-05 7.275655e-06 7.161077e-06 0.000000e+00 0.000000e+00 6.838021e-06 0.000000e+00 0.000000e+00 0.000000e+00 0.000000e+00 0.000000e+00 0.000000e+00 0.000000e+00 0.000000e+00 0.000000e+00 5.944162e-06 0.000000e+00 0.000000e+00 0.000000e+00 0.000000e+00 0.000000e+00 0.000000e+00 0.000000e+00 0.000000e+00 5.318461e-06 0.000000e+00 5.196896e-06 0.000000e+00 5.080764e-06 0.000000e+00 0.000000e+00 0.000000e+00 4.863405e-06 0.000000e+00 0.000000e+00 0.000000e+00 0.000000e+00 0.000000e+00 0.000000e+00
SPEC pinc sel1 meanpt 0.6081 yield 0.11835 1.086647e-01 1.143839e-01 1.135668e-01 9.921050e-02 8.769430e-02 8.125711e-02 7.208698e-02 6.503540e-02 5.877793e-02 4.751661e-02 4.046232e-02 3.530980e-02 2.862865e-02 2.626593e-02 2.062290e-02 1.781647e-02 1.391423e-02 1.064470e-02 9.362695e-03 7.730339e-03 6.874989e-03 5.681192e-03 4.629823e-03 3.320261e-03 3.118044e-03 2.563224e-03 2.050277e-03 2.005431e-03 1.390380e-03 1.426336e-03 1.044724e-03 1.024527e-03 8.798759e-04 6.219166e-04 4.617982e-04 4.257750e-04 5.036472e-04 3.594922e-04 3.395440e-04 2.482109e-04 3.328631e-04 2.165615e-04 2.306902e-04 1.972136e-04 1.101610e-04 9.876158e-05 8.785244e-05 8.600291e-05 8.422965e-05 5.776963e-05 4.853630e-05 5.552615e-05 8.559337e-05 4.581463e-05 4.497400e-05 7.360609e-06 2.892133e-05 7.104588e-06 3.491571e-05 6.865779e-06 2.025688e-05 3.321251e-05 6.536221e-06 0.000000e+00 0.000000e+00 0.000000e+00 1.228613e-05 6.052057e-06 0.000000e+00 0.000000e+00 0.000000e+00 0.000000e+00 0.000000e+00 0.000000e+00 5.483407e-06 0.000000e+00 5.340050e-06 0.000000e+00 0.000000e+00 0.000000e+00 0.000000e+00 0.000000e+00 0.000000e+00 0.000000e+00 0.000000e+00 4.777939e-06 0.000000e+00 4.668729e-06 0.000000e+00 4.564400e-06 0.000000e+00 0.000000e+00 0.000000e+00 4.369132e-06 0.000000e+00 0.000000e+00 0.000000e+00 0.000000e+00 0.000000e+00 0.000000e+00
SPEC pbarinc sel0 meanpt 0.5983 yield 0.05962 8.276057e-02 8.457948e-02 7.512113e-02 7.106755e-02 6.679455e-02 5.944540e-02 5.652624e-02 4.971697e-02 4.263748e-02 3.594748e-02 3.061838e-02 2.554387e-02 2.000805e-02 1.785230e-02 1.317144e-02 1.158824e-02 9.590636e-03 8.159127e-03 6.710317e-03 5.456741e-03 4.347647e-03 3.595527e-03 3.193204e-03 3.057323e-03 2.524207e-03 1.801081e-03 1.424244e-03 1.091348e-03 1.100921e-03 8.786278e-04 7.305473e-04 7.362269e-04 5.036992e-04 4.479414e-04 3.690549e-04 3.842775e-04 1.993330e-04 2.182696e-04 2.126003e-04 1.381453e-04 1.684179e-04 1.643597e-04 1.711919e-04 1.045353e-04 5.109308e-05 1.299224e-04 5.867463e-05 3.829292e-05 6.563090e-05 0.000000e+00 2.701357e-05 5.297807e-05 4.330747e-05 3.399839e-05 1.668728e-05 0.000000e+00 0.000000e+00 2.372496e-05 1.554627e-05 7.642494e-06 7.516172e-06 1.478792e-05 7.275655e-06 1.432215e-05 0.000000e+00 0.000000e+00 6.838021e-06 0.000000e+00 0.000000e+00 1.308571e-05 1.290010e-05 1.271968e-05 6.272116e-06 0.000000e+00 6.103737e-06 0.000000e+00 5.944162e-06 5.867463e-06 0.000000e+00 0.000000e+00 0.000000e+00 0.000000e+00 0.000000e+00 0.000000e+00 0.000000e+00 0.000000e+00 0.000000e+00 5.196896e-06 0.000000e+00 0.000000e+00 0.000000e+00 0.000000e+00 4.915983e-06 0.000000e+00 0.000000e+00 0.000000e+00 0.000000e+00 0.000000e+00 0.000000e+00 0.000000e+00
SPEC pbarinc sel1 meanpt 0.6009 yield 0.10234 1.102987e-01 9.940503e-02 9.265094e-02 8.520431e-02 7.834387e-02 7.122996e-02 6.800184e-02 5.877152e-02 5.118438e-02 4.201242e-02 3.622156e-02 2.983927e-02 2.460887e-02 2.142428e-02 1.631238e-02 1.404760e-02 1.136411e-02 1.066805e-02 8.236522e-03 6.536221e-03 5.221006e-03 4.522153e-03 3.613078e-03 3.476713e-03 2.851260e-03 2.034559e-03 1.880705e-03 1.559780e-03 1.275710e-03 1.024747e-03 8.170276e-04 9.726520e-04 6.159131e-04 6.097221e-04 5.091622e-04 4.948196e-04 3.021883e-04 3.050237e-04 2.334365e-04 1.861582e-04 2.017352e-04 1.870304e-04 1.826297e-04 1.314757e-04 7.344069e-05 1.256966e-04 6.149670e-05 6.880233e-05 7.580669e-05 2.475841e-05 4.044691e-05 5.552615e-05 3.890608e-05 3.054309e-05 2.248700e-05 7.360609e-06 0.000000e+00 1.420918e-05 1.396628e-05 2.746311e-05 1.350459e-05 2.657000e-05 6.536221e-06 1.929987e-05 0.000000e+00 0.000000e+00 6.143065e-06 0.000000e+00 0.000000e+00 1.175579e-05 1.158904e-05 1.142696e-05 5.634673e-06 0.000000e+00 5.483407e-06 0.000000e+00 5.340050e-06 5.271146e-06 0.000000e+00 0.000000e+00 0.000000e+00 0.000000e+00 0.000000e+00 0.000000e+00 0.000000e+00 0.000000e+00 0.000000e+00 4.668729e-06 0.000000e+00 0.000000e+00 0.000000e+00 0.000000e+00 4.416366e-06 0.000000e+00 4.322898e-06 0.000000e+00 0.000000e+00 0.000000e+00 0.000000e+00 0.000000e+00
SPEC chpm sel0eta05 meanpt 0.4887 yield 1.97809 2.925904e+00 2.805371e+00 2.996442e+00 2.767113e+00 2.362991e+00 1.911017e+00 1.559718e+00 1.238820e+00 9.861240e-01 7.831763e-01 6.203102e-01 4.985563e-01 3.939912e-01 3.144194e-01 2.514648e-01 2.003915e-01 1.602353e-01 1.269420e-01 1.016699e-01 8.044262e-02 6.538551e-02 5.317996e-02 4.464827e-02 3.552880e-02 2.902466e-02 2.460348e-02 2.010758e-02 1.740866e-02 1.418434e-02 1.197708e-02 1.016504e-02 9.023833e-03 7.179112e-03 6.309187e-03 5.249807e-03 4.492204e-03 3.636581e-03 3.310423e-03 3.001207e-03 2.699590e-03 2.357851e-03 2.001901e-03 1.685170e-03 1.543986e-03 1.223168e-03 1.245256e-03 9.515070e-04 8.845664e-04 6.759983e-04 6.494808e-04 4.979501e-04 5.624505e-04 5.759893e-04 4.402791e-04 4.029978e-04 3.097069e-04 2.985916e-04 2.491121e-04 2.883833e-04 2.300391e-04 1.894075e-04 1.915035e-04 1.782535e-04 1.203061e-04 5.428541e-05 7.775509e-05 9.094568e-05 7.073553e-05 5.111546e-05 6.411998e-05 6.772551e-05 6.677830e-05 3.512385e-05 6.063045e-05 4.272616e-05 2.951217e-05 3.744822e-05 3.696502e-05 3.243922e-05 1.201169e-05 1.186248e-05 1.562257e-05 7.716603e-06 0.000000e+00 3.013585e-05 1.861461e-05 3.679883e-06 2.546479e-05 1.079017e-05 1.066961e-05 1.055171e-05 6.957593e-06 6.882376e-06 1.702192e-05 6.736717e-06 6.666176e-06 9.895644e-06 0.000000e+00 0.000000e+00 9.597283e-06
