# gen_world cr_p2.35_s0.300_k0.270_q0.110 mode set ColourReconnection:range=5.4;ColourReconnection:mode=2;TimeShower:alphaSvalue=0.18;MultipartonInteractions:pT0Ref=2.35;StringPT:sigma=0.300;StringFlav:probStoUD=0.27;StringFlav:probQQtoQ=0.11 nev 200000 seed 20260983
SUMMARY nev 200000 nnsd 155890 dnde 2.0151 eps 0.5154 classN 17.6776 15.3431 6.1137 1.1509 meanpt_ch05 0.4577
SPEC pip sel0 meanpt 0.3972 yield 0.71496 3.035767e+00 2.788091e+00 2.312385e+00 1.857631e+00 1.425422e+00 1.090356e+00 8.331324e-01 6.411671e-01 4.847405e-01 3.573687e-01 2.778174e-01 2.072375e-01 1.539892e-01 1.158379e-01 8.711969e-02 6.750517e-02 5.423670e-02 4.030193e-02 3.207679e-02 2.672404e-02 2.100623e-02 1.617987e-02 1.323765e-02 1.066193e-02 9.131689e-03 7.418314e-03 6.263240e-03 4.811853e-03 4.100533e-03 3.344951e-03 2.877462e-03 2.699499e-03 2.070763e-03 1.710322e-03 1.318053e-03 1.216879e-03 1.195998e-03 9.822134e-04 9.094568e-04 7.828236e-04 7.185832e-04 6.136094e-04 5.777726e-04 3.867805e-04 3.985260e-04 4.497314e-04 3.129314e-04 3.063433e-04 2.812753e-04 2.755930e-04 1.530769e-04 1.412748e-04 1.472454e-04 1.274939e-04 1.334982e-04 1.147063e-04 4.828974e-05 7.908320e-05 6.995822e-05 1.146374e-04 6.012938e-05 5.915166e-05 5.092958e-05 7.161077e-05 2.115016e-05 3.471209e-05 2.051406e-05 6.736717e-06 1.991511e-05 2.617142e-05 6.450048e-06 1.907951e-05 6.272116e-06 1.856034e-05 1.831121e-05 1.806868e-05 1.188832e-05 5.867463e-06 1.158544e-05 5.719854e-06 1.129760e-05 0.000000e+00 5.511860e-06 5.445849e-06 0.000000e+00 0.000000e+00 1.051395e-05 5.196896e-06 1.027635e-05 0.000000e+00 0.000000e+00 0.000000e+00 0.000000e+00 0.000000e+00 0.000000e+00 4.761554e-06 0.000000e+00 0.000000e+00 0.000000e+00 0.000000e+00
SPEC pip sel1 meanpt 0.3995 yield 1.21212 3.642728e+00 3.328005e+00 2.722245e+00 2.193804e+00 1.686690e+00 1.291513e+00 9.838758e-01 7.576220e-01 5.726414e-01 4.250566e-01 3.296579e-01 2.422922e-01 1.823324e-01 1.386971e-01 1.054741e-01 8.088510e-02 6.487016e-02 4.870194e-02 3.781355e-02 3.147649e-02 2.474170e-02 2.032391e-02 1.651660e-02 1.308546e-02 1.101786e-02 8.952277e-03 7.381617e-03 6.058838e-03 5.086808e-03 4.056089e-03 3.508030e-03 3.228127e-03 2.701575e-03 2.108935e-03 1.822903e-03 1.702532e-03 1.488061e-03 1.165237e-03 1.198615e-03 9.098032e-04 7.865049e-04 7.970743e-04 7.494929e-04 4.881755e-04 4.404971e-04 5.744212e-04 3.688571e-04 3.438969e-04 3.368062e-04 3.217520e-04 2.587739e-04 1.744525e-04 1.944655e-04 1.526645e-04 1.348770e-04 1.324468e-04 7.950713e-05 9.232884e-05 1.047122e-04 1.304063e-04 6.750042e-05 7.304314e-05 5.227233e-05 7.074257e-05 3.798861e-05 5.611295e-05 1.842305e-05 6.050038e-06 3.577030e-05 2.350374e-05 5.792589e-06 3.426945e-05 1.126559e-05 1.666847e-05 3.288947e-05 2.163590e-05 1.067654e-05 1.053878e-05 1.560679e-05 5.136825e-06 2.029205e-05 1.002154e-05 4.950031e-06 9.781498e-06 0.000000e+00 4.776346e-06 9.442256e-06 4.667172e-06 9.228871e-06 0.000000e+00 0.000000e+00 0.000000e+00 0.000000e+00 0.000000e+00 0.000000e+00 0.000000e+00 0.000000e+00 4.188488e-06 0.000000e+00 0.000000e+00
SPEC pim sel0 meanpt 0.3961 yield 0.70144 3.042133e+00 2.764142e+00 2.307110e+00 1.838272e+00 1.403797e+00 1.062163e+00 8.152231e-01 6.152779e-01 4.691727e-01 3.507153e-01 2.701087e-01 2.015040e-01 1.524250e-01 1.164105e-01 8.693153e-02 6.653703e-02 5.197684e-02 3.999012e-02 3.205221e-02 2.506836e-02 1.909859e-02 1.469936e-02 1.257071e-02 1.077803e-02 7.962387e-03 7.222157e-03 6.040166e-03 5.803988e-03 4.260087e-03 3.576169e-03 3.116008e-03 2.021015e-03 2.154713e-03 1.656026e-03 1.594845e-03 1.396208e-03 1.021582e-03 1.018592e-03 6.732343e-04 7.137509e-04 7.747225e-04 5.040363e-04 5.563736e-04 4.285946e-04 4.598377e-04 3.098150e-04 2.640359e-04 3.254898e-04 2.906511e-04 2.388472e-04 1.260633e-04 2.119123e-04 9.527643e-05 4.249798e-05 8.343641e-05 1.310929e-04 9.657949e-05 1.265331e-04 6.218508e-05 8.406744e-05 4.509703e-05 2.957583e-05 4.365393e-05 6.444970e-05 4.230032e-05 3.471209e-05 2.735208e-05 6.063045e-05 3.319185e-05 1.962856e-05 1.935015e-05 3.179919e-05 6.272116e-06 6.186781e-06 1.831121e-05 0.000000e+00 1.188832e-05 5.867463e-06 5.792719e-06 0.000000e+00 1.129760e-05 1.115898e-05 5.511860e-06 5.445849e-06 1.614420e-05 5.318461e-06 5.256976e-06 5.196896e-06 5.138174e-06 5.080764e-06 0.000000e+00 0.000000e+00 4.915983e-06 4.863405e-06 0.000000e+00 0.000000e+00 0.000000e+00 4.663881e-06 0.000000e+00 4.570135e-06
SPEC pim sel1 meanpt 0.3988 yield 1.19017 3.588005e+00 3.257219e+00 2.730249e+00 2.182836e+00 1.669629e+00 1.258026e+00 9.646506e-01 7.223382e-01 5.542885e-01 4.177487e-01 3.197791e-01 2.384215e-01 1.792941e-01 1.397559e-01 1.038124e-01 7.809233e-02 6.276639e-02 4.776851e-02 3.933669e-02 2.984298e-02 2.380542e-02 1.829152e-02 1.606285e-02 1.315497e-02 9.967746e-03 8.760099e-03 7.782289e-03 6.890443e-03 5.144124e-03 4.402172e-03 3.749040e-03 2.878089e-03 2.462831e-03 2.255219e-03 2.118828e-03 1.714035e-03 1.275481e-03 1.306808e-03 8.379695e-04 9.201418e-04 9.175891e-04 7.281913e-04 7.591018e-04 5.069514e-04 5.965065e-04 3.949146e-04 3.249456e-04 4.212737e-04 3.452264e-04 2.392515e-04 1.374736e-04 2.616788e-04 1.244579e-04 5.343258e-05 1.198907e-04 1.545212e-04 1.373305e-04 1.278399e-04 6.980813e-05 8.236186e-05 4.725030e-05 3.320143e-05 6.534041e-05 5.788028e-05 5.065148e-05 5.611295e-05 2.456406e-05 5.445034e-05 3.577030e-05 1.762781e-05 4.054813e-05 3.426945e-05 1.126559e-05 1.111231e-05 2.192631e-05 0.000000e+00 1.601481e-05 5.269388e-06 5.202262e-06 0.000000e+00 1.014603e-05 1.002154e-05 0.000000e+00 1.467225e-05 1.933148e-05 4.776346e-06 9.442256e-06 4.667172e-06 4.614436e-06 4.562878e-06 0.000000e+00 4.463143e-06 4.414892e-06 4.367674e-06 4.321456e-06 0.000000e+00 0.000000e+00 4.188488e-06 4.145965e-06 4.104297e-06
SPEC kp sel0 meanpt 0.5177 yield 0.09320 1.691590e-01 1.961395e-01 1.657030e-01 1.579856e-01 1.421784e-01 1.187255e-01 1.036081e-01 8.342751e-02 6.713931e-02 5.566833e-02 4.776814e-02 3.558744e-02 2.932089e-02 2.277010e-02 1.881635e-02 1.381788e-02 1.105128e-02 8.756770e-03 6.439937e-03 5.969768e-03 4.813467e-03 3.807029e-03 3.617617e-03 2.825121e-03 2.227241e-03 1.765416e-03 1.647318e-03 1.620487e-03 1.228564e-03 9.402859e-04 6.709108e-04 6.351762e-04 4.057577e-04 5.972552e-04 3.163328e-04 2.689943e-04 2.989995e-04 2.425218e-04 2.598448e-04 2.878028e-04 1.684179e-04 1.205304e-04 1.711919e-04 1.463494e-04 1.328420e-04 4.997015e-05 6.845374e-05 7.658584e-05 5.625506e-05 9.186433e-05 6.303166e-05 7.063742e-05 8.661494e-06 4.249798e-05 3.337456e-05 3.277322e-05 3.219316e-05 0.000000e+00 3.886568e-05 3.056998e-05 3.758086e-05 7.393958e-06 1.455131e-05 7.161077e-06 1.410011e-05 6.942418e-06 2.051406e-05 2.021015e-05 0.000000e+00 6.542855e-06 0.000000e+00 6.359838e-06 1.254423e-05 0.000000e+00 6.103737e-06 0.000000e+00 5.944162e-06 0.000000e+00 0.000000e+00 0.000000e+00 1.129760e-05 0.000000e+00 0.000000e+00 0.000000e+00 0.000000e+00 5.318461e-06 1.051395e-05 5.196896e-06 5.138174e-06 0.000000e+00 0.000000e+00 0.000000e+00 0.000000e+00 0.000000e+00 0.000000e+00 0.000000e+00 0.000000e+00 4.663881e-06 0.000000e+00 4.570135e-06
SPEC kp sel1 meanpt 0.5217 yield 0.15778 1.968380e-01 2.267857e-01 1.986348e-01 1.850534e-01 1.662550e-01 1.386256e-01 1.246494e-01 9.877292e-02 8.061853e-02 6.658704e-02 5.425588e-02 4.236473e-02 3.361764e-02 2.671092e-02 2.284098e-02 1.617702e-02 1.314233e-02 1.036112e-02 8.035104e-03 7.413623e-03 5.856732e-03 4.539639e-03 4.174526e-03 3.440798e-03 2.700292e-03 1.937792e-03 2.018772e-03 1.885962e-03 1.475891e-03 1.107465e-03 1.111323e-03 8.945413e-04 5.528804e-04 7.070417e-04 4.498072e-04 3.336042e-04 3.244644e-04 3.811524e-04 3.500379e-04 3.928695e-04 1.915845e-04 1.672872e-04 2.210043e-04 1.595958e-04 1.560094e-04 4.487665e-05 7.025850e-05 1.031691e-04 8.420156e-05 9.075057e-05 8.086684e-05 8.722627e-05 7.778620e-06 6.106580e-05 3.746583e-05 3.679077e-05 2.891169e-05 1.420444e-05 5.584650e-05 2.745395e-05 3.375021e-05 1.328057e-05 1.306808e-05 6.431143e-06 1.899430e-05 1.246954e-05 2.456406e-05 1.815011e-05 0.000000e+00 5.875936e-06 0.000000e+00 1.142315e-05 1.126559e-05 0.000000e+00 5.481578e-06 0.000000e+00 5.338269e-06 0.000000e+00 0.000000e+00 5.136825e-06 1.014603e-05 0.000000e+00 0.000000e+00 0.000000e+00 0.000000e+00 4.776346e-06 1.416338e-05 4.667172e-06 4.614436e-06 0.000000e+00 0.000000e+00 0.000000e+00 0.000000e+00 0.000000e+00 0.000000e+00 0.000000e+00 0.000000e+00 4.188488e-06 0.000000e+00 4.104297e-06
SPEC km sel0 meanpt 0.5108 yield 0.08868 1.864386e-01 1.791630e-01 1.698865e-01 1.526588e-01 1.327807e-01 1.133514e-01 9.773163e-02 8.191174e-02 6.676483e-02 5.265276e-02 4.456338e-02 3.566652e-02 2.732008e-02 2.044594e-02 1.637022e-02 1.282041e-02 1.016938e-02 8.315034e-03 6.857796e-03 5.293505e-03 3.881828e-03 3.637827e-03 3.233624e-03 2.883172e-03 1.688991e-03 1.765416e-03 1.407084e-03 1.339382e-03 1.053055e-03 1.048188e-03 7.752747e-04 6.640478e-04 5.876490e-04 5.429593e-04 3.690549e-04 3.458498e-04 3.986660e-04 2.425218e-04 2.126003e-04 2.417543e-04 2.021015e-04 1.424450e-04 7.489644e-05 6.272116e-05 1.021862e-04 8.994628e-05 6.845374e-05 3.829292e-05 3.750337e-05 3.674573e-05 3.601809e-05 8.829678e-06 3.464597e-05 5.099758e-05 4.171820e-05 1.638661e-05 3.219316e-05 3.163328e-05 1.554627e-05 1.528499e-05 1.503234e-05 1.478792e-05 7.275655e-06 1.432215e-05 0.000000e+00 6.942418e-06 0.000000e+00 6.736717e-06 0.000000e+00 0.000000e+00 1.290010e-05 1.271968e-05 6.272116e-06 6.186781e-06 0.000000e+00 6.022893e-06 0.000000e+00 5.867463e-06 0.000000e+00 0.000000e+00 5.648800e-06 5.579490e-06 0.000000e+00 0.000000e+00 0.000000e+00 5.318461e-06 5.256976e-06 0.000000e+00 0.000000e+00 0.000000e+00 0.000000e+00 0.000000e+00 4.915983e-06 0.000000e+00 0.000000e+00 0.000000e+00 0.000000e+00 0.000000e+00 0.000000e+00 4.570135e-06
SPEC km sel1 meanpt 0.5145 yield 0.15032 2.156233e-01 2.080003e-01 2.071291e-01 1.802695e-01 1.531870e-01 1.327598e-01 1.166075e-01 9.741166e-02 7.802414e-02 6.323404e-02 5.184450e-02 4.300393e-02 3.175544e-02 2.507741e-02 1.937681e-02 1.557104e-02 1.210283e-02 9.521031e-03 8.013030e-03 6.073307e-03 5.020056e-03 4.273719e-03 3.920425e-03 3.388665e-03 2.216907e-03 2.129969e-03 1.633510e-03 1.707761e-03 1.318271e-03 1.218211e-03 1.124712e-03 7.389689e-04 7.539278e-04 5.851380e-04 5.445034e-04 4.371365e-04 4.922908e-04 2.940318e-04 2.545730e-04 2.791442e-04 2.016679e-04 2.066489e-04 1.153066e-04 7.510392e-05 1.193013e-04 1.077040e-04 8.782313e-05 6.877938e-05 4.210078e-05 4.950031e-05 3.234674e-05 2.378898e-05 5.445034e-05 6.106580e-05 3.746583e-05 2.207446e-05 2.891169e-05 2.840887e-05 2.094244e-05 4.118093e-05 1.350008e-05 1.328057e-05 1.960212e-05 1.929343e-05 0.000000e+00 6.234772e-06 6.141016e-06 6.050038e-06 0.000000e+00 0.000000e+00 1.158518e-05 1.142315e-05 5.632794e-06 5.556157e-06 0.000000e+00 5.408974e-06 0.000000e+00 5.269388e-06 5.202262e-06 0.000000e+00 5.073013e-06 5.010768e-06 0.000000e+00 0.000000e+00 0.000000e+00 9.552691e-06 4.721128e-06 0.000000e+00 0.000000e+00 0.000000e+00 0.000000e+00 0.000000e+00 4.414892e-06 0.000000e+00 4.321456e-06 0.000000e+00 0.000000e+00 0.000000e+00 0.000000e+00 4.104297e-06
SPEC p sel0 meanpt 0.5834 yield 0.05024 8.548894e-02 7.396915e-02 7.784950e-02 7.197701e-02 6.194411e-02 5.307921e-02 4.631234e-02 3.928853e-02 3.375690e-02 3.029927e-02 2.572464e-02 1.858455e-02 1.738881e-02 1.367554e-02 1.260695e-02 9.241255e-03 7.661485e-03 7.249670e-03 5.284682e-03 4.687201e-03 2.972371e-03 3.109073e-03 2.405008e-03 1.722163e-03 1.429146e-03 1.622756e-03 9.609355e-04 1.140955e-03 1.053055e-03 5.857518e-04 7.007290e-04 4.908180e-04 3.637827e-04 3.257756e-04 3.163328e-04 3.330405e-04 1.744164e-04 3.031523e-04 2.598448e-04 1.726817e-04 1.010508e-04 1.753170e-04 1.497929e-04 9.408174e-05 7.153031e-05 5.996419e-05 1.271284e-04 7.658584e-05 2.812753e-05 4.593216e-05 3.601809e-05 8.829678e-06 8.661494e-06 2.549879e-05 2.503092e-05 2.457991e-05 0.000000e+00 2.372496e-05 0.000000e+00 0.000000e+00 0.000000e+00 0.000000e+00 7.275655e-06 7.161077e-06 7.050053e-06 6.942418e-06 0.000000e+00 0.000000e+00 6.638371e-06 0.000000e+00 1.290010e-05 1.271968e-05 0.000000e+00 6.186781e-06 0.000000e+00 0.000000e+00 0.000000e+00 0.000000e+00 0.000000e+00 0.000000e+00 0.000000e+00 0.000000e+00 0.000000e+00 0.000000e+00 0.000000e+00 0.000000e+00 0.000000e+00 0.000000e+00 5.138174e-06 0.000000e+00 0.000000e+00 0.000000e+00 0.000000e+00 0.000000e+00 0.000000e+00 0.000000e+00 0.000000e+00 0.000000e+00 0.000000e+00 0.000000e+00
SPEC p sel1 meanpt 0.5882 yield 0.08652 1.012776e-01 9.038757e-02 9.196663e-02 8.354238e-02 7.314496e-02 6.289014e-02 5.629328e-02 4.758960e-02 4.069362e-02 3.559333e-02 3.142563e-02 2.361488e-02 2.159501e-02 1.609310e-02 1.427913e-02 1.109206e-02 9.405059e-03 8.727612e-03 6.070477e-03 5.926710e-03 3.665438e-03 3.836850e-03 2.867718e-03 2.120088e-03 1.716853e-03 2.049895e-03 1.402353e-03 1.410759e-03 1.289613e-03 7.475386e-04 8.569234e-04 6.352540e-04 5.026185e-04 5.119957e-04 4.142961e-04 4.026258e-04 2.685222e-04 3.593722e-04 2.545730e-04 2.067734e-04 1.210008e-04 2.361702e-04 1.633510e-04 8.449191e-05 9.177024e-05 7.180265e-05 1.141701e-04 8.597422e-05 4.210078e-05 4.950031e-05 3.234674e-05 7.929661e-06 2.333586e-05 2.289968e-05 2.997266e-05 2.207446e-05 7.227921e-06 2.840887e-05 0.000000e+00 6.863488e-06 6.750042e-06 0.000000e+00 1.306808e-05 6.431143e-06 6.331435e-06 6.234772e-06 0.000000e+00 0.000000e+00 1.192343e-05 0.000000e+00 1.158518e-05 1.142315e-05 0.000000e+00 1.111231e-05 0.000000e+00 0.000000e+00 5.338269e-06 0.000000e+00 0.000000e+00 0.000000e+00 0.000000e+00 0.000000e+00 4.950031e-06 4.890749e-06 0.000000e+00 0.000000e+00 0.000000e+00 0.000000e+00 4.614436e-06 0.000000e+00 0.000000e+00 0.000000e+00 0.000000e+00 0.000000e+00 0.000000e+00 0.000000e+00 0.000000e+00 0.000000e+00 0.000000e+00 0.000000e+00
SPEC pbar sel0 meanpt 0.5711 yield 0.04324 7.366600e-02 5.911469e-02 6.348009e-02 5.599656e-02 5.840734e-02 5.035084e-02 4.260455e-02 3.728773e-02 2.953060e-02 2.565626e-02 2.087420e-02 1.818914e-02 1.586093e-02 1.189031e-02 9.470895e-03 7.334329e-03 5.980368e-03 5.768555e-03 4.817663e-03 3.917660e-03 2.550915e-03 2.284217e-03 1.859334e-03 1.528661e-03 1.466267e-03 8.916243e-04 8.408186e-04 1.041741e-03 5.105722e-04 5.857518e-04 4.174556e-04 4.042030e-04 3.917660e-04 3.529235e-04 2.767912e-04 3.074220e-04 1.993330e-04 1.333870e-04 9.448902e-05 1.036090e-04 1.684179e-04 9.861580e-05 8.559594e-05 1.358958e-04 5.109308e-05 4.997015e-05 5.867463e-05 3.829292e-05 3.750337e-05 3.674573e-05 2.701357e-05 8.829678e-06 3.464597e-05 8.499596e-06 1.668728e-05 8.193305e-06 2.414487e-05 7.908320e-06 2.331941e-05 1.528499e-05 7.516172e-06 7.393958e-06 7.275655e-06 0.000000e+00 7.050053e-06 6.942418e-06 0.000000e+00 1.347343e-05 0.000000e+00 0.000000e+00 0.000000e+00 0.000000e+00 0.000000e+00 0.000000e+00 0.000000e+00 0.000000e+00 0.000000e+00 0.000000e+00 0.000000e+00 0.000000e+00 0.000000e+00 0.000000e+00 0.000000e+00 0.000000e+00 0.000000e+00 0.000000e+00 0.000000e+00 0.000000e+00 0.000000e+00 0.000000e+00 0.000000e+00 0.000000e+00 0.000000e+00 0.000000e+00 0.000000e+00 0.000000e+00 0.000000e+00 4.663881e-06 0.000000e+00 0.000000e+00
SPEC pbar sel1 meanpt 0.5729 yield 0.07407 8.330902e-02 7.759174e-02 7.448807e-02 7.024094e-02 6.552191e-02 5.902912e-02 5.302625e-02 4.405033e-02 3.636962e-02 3.030591e-02 2.594170e-02 2.162625e-02 1.914474e-02 1.349158e-02 1.118110e-02 8.641796e-03 7.227045e-03 6.790735e-03 5.253722e-03 4.795818e-03 3.247100e-03 3.001100e-03 2.359515e-03 1.842043e-03 1.716853e-03 1.217125e-03 9.400389e-04 1.173157e-03 7.021228e-04 8.029118e-04 5.221877e-04 4.796816e-04 4.146603e-04 4.754246e-04 3.077628e-04 3.796186e-04 2.237685e-04 1.306808e-04 1.485009e-04 1.344027e-04 1.815011e-04 1.082447e-04 1.153066e-04 1.595958e-04 4.588512e-05 4.487665e-05 7.025850e-05 5.158453e-05 5.894109e-05 4.125026e-05 2.426005e-05 1.585932e-05 3.111448e-05 2.289968e-05 2.997266e-05 2.207446e-05 2.168376e-05 1.420444e-05 2.792325e-05 2.745395e-05 6.750042e-06 6.640285e-06 6.534041e-06 0.000000e+00 6.331435e-06 6.234772e-06 1.228203e-05 1.210008e-05 0.000000e+00 0.000000e+00 0.000000e+00 0.000000e+00 0.000000e+00 0.000000e+00 0.000000e+00 5.408974e-06 0.000000e+00 5.269388e-06 0.000000e+00 0.000000e+00 0.000000e+00 0.000000e+00 0.000000e+00 0.000000e+00 0.000000e+00 0.000000e+00 0.000000e+00 0.000000e+00 0.000000e+00 0.000000e+00 0.000000e+00 0.000000e+00 0.000000e+00 0.000000e+00 0.000000e+00 0.000000e+00 0.000000e+00 4.188488e-06 0.000000e+00 0.000000e+00
SPEC pinc sel0 meanpt 0.5660 yield 0.07129 1.336902e-01 1.139853e-01 1.145916e-01 1.078356e-01 9.316880e-02 7.862668e-02 6.869897e-02 5.899343e-02 4.937816e-02 4.226581e-02 3.607512e-02 2.593929e-02 2.360950e-02 1.906491e-02 1.684063e-02 1.270306e-02 9.948906e-03 9.328429e-03 7.029855e-03 6.296240e-03 4.347647e-03 3.807029e-03 3.375095e-03 2.650970e-03 1.800353e-03 2.211228e-03 1.235489e-03 1.521273e-03 1.324297e-03 8.015552e-04 9.243659e-04 6.784837e-04 4.617242e-04 3.529235e-04 4.613187e-04 4.867515e-04 2.740829e-04 4.001610e-04 2.834671e-04 1.957059e-04 1.571901e-04 2.081889e-04 1.925909e-04 1.045353e-04 1.124048e-04 9.994031e-05 1.369075e-04 8.615907e-05 4.687922e-05 5.511860e-05 3.601809e-05 1.765936e-05 3.464597e-05 2.549879e-05 4.171820e-05 3.277322e-05 1.609658e-05 2.372496e-05 0.000000e+00 0.000000e+00 0.000000e+00 0.000000e+00 7.275655e-06 7.161077e-06 7.050053e-06 6.942418e-06 0.000000e+00 0.000000e+00 6.638371e-06 0.000000e+00 1.290010e-05 1.271968e-05 0.000000e+00 6.186781e-06 0.000000e+00 0.000000e+00 0.000000e+00 0.000000e+00 0.000000e+00 0.000000e+00 0.000000e+00 0.000000e+00 0.000000e+00 0.000000e+00 0.000000e+00 0.000000e+00 0.000000e+00 0.000000e+00 5.138174e-06 0.000000e+00 0.000000e+00 0.000000e+00 0.000000e+00 0.000000e+00 0.000000e+00 0.000000e+00 0.000000e+00 0.000000e+00 0.000000e+00 0.000000e+00
SPEC pinc sel1 meanpt 0.5703 yield 0.12277 1.519165e-01 1.388484e-01 1.395018e-01 1.248469e-01 1.093544e-01 9.325858e-02 8.211530e-02 7.171110e-02 5.971921e-02 5.063882e-02 4.394920e-02 3.227958e-02 2.933784e-02 2.268764e-02 1.912334e-02 1.499141e-02 1.249883e-02 1.136456e-02 8.344147e-03 7.790587e-03 5.239185e-03 4.843548e-03 4.120076e-03 3.127998e-03 2.333586e-03 2.738532e-03 1.756794e-03 1.856262e-03 1.647839e-03 1.052091e-03 1.057765e-03 8.556482e-04 6.659696e-04 5.607572e-04 5.800145e-04 5.751797e-04 3.804065e-04 4.682729e-04 2.863946e-04 2.377895e-04 1.815011e-04 2.558510e-04 2.113954e-04 9.387990e-05 1.376554e-04 1.077040e-04 1.229524e-04 9.457164e-05 6.736125e-05 5.775036e-05 3.234674e-05 3.171865e-05 5.445034e-05 3.053290e-05 4.495900e-05 2.943262e-05 2.168376e-05 2.840887e-05 0.000000e+00 1.372698e-05 6.750042e-06 0.000000e+00 1.306808e-05 6.431143e-06 6.331435e-06 6.234772e-06 0.000000e+00 0.000000e+00 1.192343e-05 0.000000e+00 1.158518e-05 1.142315e-05 0.000000e+00 1.111231e-05 0.000000e+00 0.000000e+00 5.338269e-06 0.000000e+00 0.000000e+00 0.000000e+00 0.000000e+00 0.000000e+00 4.950031e-06 4.890749e-06 0.000000e+00 0.000000e+00 0.000000e+00 0.000000e+00 4.614436e-06 0.000000e+00 0.000000e+00 0.000000e+00 0.000000e+00 0.000000e+00 0.000000e+00 0.000000e+00 0.000000e+00 0.000000e+00 0.000000e+00 0.000000e+00
SPEC pbarinc sel0 meanpt 0.5522 yield 0.06245 1.209578e-01 9.185514e-02 1.000402e-01 8.964646e-02 8.508474e-02 7.598098e-02 6.471135e-02 5.286976e-02 4.461688e-02 3.767066e-02 2.966562e-02 2.570204e-02 2.109940e-02 1.690916e-02 1.326553e-02 1.073746e-02 8.433145e-03 7.639437e-03 6.292458e-03 5.223547e-03 3.349463e-03 3.257124e-03 2.425218e-03 2.225267e-03 2.190120e-03 1.301772e-03 1.063893e-03 1.289775e-03 7.658584e-04 6.474099e-04 6.261834e-04 5.341254e-04 5.456741e-04 4.479414e-04 3.558744e-04 3.586590e-04 2.491663e-04 2.061435e-04 1.063001e-04 1.841938e-04 1.796458e-04 1.205304e-04 1.283939e-04 1.568029e-04 5.109308e-05 5.996419e-05 5.867463e-05 5.743938e-05 3.750337e-05 3.674573e-05 3.601809e-05 1.765936e-05 4.330747e-05 1.699919e-05 2.503092e-05 8.193305e-06 2.414487e-05 7.908320e-06 2.331941e-05 1.528499e-05 7.516172e-06 7.393958e-06 7.275655e-06 0.000000e+00 7.050053e-06 6.942418e-06 0.000000e+00 1.347343e-05 0.000000e+00 0.000000e+00 0.000000e+00 0.000000e+00 0.000000e+00 0.000000e+00 0.000000e+00 0.000000e+00 0.000000e+00 0.000000e+00 0.000000e+00 0.000000e+00 0.000000e+00 5.579490e-06 0.000000e+00 0.000000e+00 0.000000e+00 0.000000e+00 0.000000e+00 0.000000e+00 0.000000e+00 0.000000e+00 0.000000e+00 0.000000e+00 0.000000e+00 0.000000e+00 0.000000e+00 0.000000e+00 0.000000e+00 4.663881e-06 0.000000e+00 0.000000e+00
SPEC pbarinc sel1 meanpt 0.5546 yield 0.10705 1.429321e-01 1.178850e-01 1.177761e-01 1.137623e-01 9.773836e-02 8.902631e-02 7.796870e-02 6.240009e-02 5.289690e-02 4.449166e-02 3.694845e-02 3.093016e-02 2.623417e-02 1.936012e-02 1.568733e-02 1.254114e-02 1.027131e-02 8.914299e-03 6.953456e-03 6.366501e-03 4.442351e-03 4.178747e-03 3.121820e-03 2.641421e-03 2.600282e-03 1.697569e-03 1.263659e-03 1.499859e-03 9.600455e-04 9.275016e-04 8.167551e-04 6.482183e-04 5.780113e-04 5.851380e-04 4.142961e-04 4.486401e-04 2.685222e-04 2.178014e-04 1.803226e-04 2.067734e-04 2.117513e-04 1.279255e-04 1.537421e-04 1.877598e-04 5.506214e-05 5.385199e-05 7.025850e-05 8.597422e-05 5.894109e-05 4.125026e-05 3.234674e-05 2.378898e-05 3.889310e-05 4.579935e-05 3.746583e-05 2.207446e-05 2.168376e-05 1.420444e-05 2.792325e-05 2.745395e-05 6.750042e-06 1.328057e-05 6.534041e-06 0.000000e+00 6.331435e-06 6.234772e-06 1.228203e-05 1.210008e-05 0.000000e+00 0.000000e+00 0.000000e+00 0.000000e+00 0.000000e+00 5.556157e-06 0.000000e+00 5.408974e-06 0.000000e+00 5.269388e-06 0.000000e+00 0.000000e+00 0.000000e+00 5.010768e-06 0.000000e+00 0.000000e+00 0.000000e+00 0.000000e+00 0.000000e+00 0.000000e+00 0.000000e+00 0.000000e+00 0.000000e+00 0.000000e+00 0.000000e+00 0.000000e+00 0.000000e+00 0.000000e+00 0.000000e+00 4.188488e-06 0.000000e+00 0.000000e+00
SPEC chpm sel0eta05 meanpt 0.4577 yield 2.01513 3.122620e+00 3.115193e+00 3.354350e+00 3.120074e+00 2.599955e+00 2.113404e+00 1.692772e+00 1.330111e+00 1.039488e+00 7.981872e-01 6.304961e-01 4.778523e-01 3.703090e-01 2.865261e-01 2.194802e-01 1.688275e-01 1.350020e-01 1.060609e-01 8.482528e-02 6.898347e-02 5.392635e-02 4.366027e-02 3.690980e-02 3.002949e-02 2.407462e-02 2.024701e-02 1.714069e-02 1.549880e-02 1.209578e-02 9.937743e-03 8.943986e-03 7.285760e-03 6.082167e-03 5.225983e-03 4.631640e-03 4.052847e-03 3.305190e-03 2.987869e-03 2.447266e-03 2.272491e-03 1.972735e-03 1.779467e-03 1.730108e-03 1.185430e-03 1.180250e-03 1.021390e-03 8.351356e-04 8.912677e-04 7.350661e-04 6.108978e-04 4.538280e-04 4.821004e-04 3.819719e-04 3.034356e-04 3.270707e-04 3.154422e-04 2.422535e-04 2.435763e-04 2.176478e-04 2.514381e-04 1.367943e-04 1.242185e-04 1.375099e-04 1.303316e-04 9.376570e-05 1.166326e-04 6.701261e-05 8.488264e-05 6.970289e-05 3.663999e-05 5.418041e-05 7.568207e-05 3.073337e-05 3.897672e-05 4.699878e-05 2.529615e-05 2.912639e-05 2.053612e-05 2.027452e-05 8.007796e-06 3.558744e-05 2.343386e-05 1.157490e-05 2.287257e-05 1.506792e-05 1.861461e-05 2.943906e-05 1.091348e-05 1.798361e-05 3.556535e-06 0.000000e+00 3.478797e-06 6.882376e-06 3.404384e-06 6.736717e-06 3.333088e-06 0.000000e+00 1.305887e-05 3.231572e-06 9.597283e-06
