# gen_world cr_p2.05_s0.335_k0.270_q0.110 mode set ColourReconnection:range=5.4;ColourReconnection:mode=2;TimeShower:alphaSvalue=0.18;MultipartonInteractions:pT0Ref=2.05;StringPT:sigma=0.335;StringFlav:probStoUD=0.27;StringFlav:probQQtoQ=0.11 nev 200000 seed 20260986
SUMMARY nev 200000 nnsd 155679 dnde 2.4370 eps 0.5114 classN 18.5243 16.4395 7.5746 1.7481 meanpt_ch05 0.4953
SPEC pip sel0 meanpt 0.4295 yield 0.85001 3.370447e+00 3.075480e+00 2.567215e+00 2.049266e+00 1.594278e+00 1.235125e+00 9.508021e-01 7.201079e-01 5.470650e-01 4.281148e-01 3.379715e-01 2.619236e-01 2.044095e-01 1.555845e-01 1.227767e-01 9.613839e-02 7.352821e-02 5.885485e-02 4.677558e-02 3.740433e-02 2.987898e-02 2.468224e-02 1.946238e-02 1.627347e-02 1.384602e-02 1.171594e-02 8.991611e-03 7.887471e-03 6.765082e-03 5.734202e-03 4.696375e-03 3.839929e-03 3.833710e-03 3.040572e-03 2.741551e-03 2.331284e-03 2.068080e-03 1.903796e-03 1.523635e-03 1.312381e-03 1.246293e-03 1.095731e-03 8.559594e-04 7.317469e-04 6.846473e-04 5.696598e-04 4.987344e-04 4.499418e-04 3.656579e-04 3.215251e-04 3.061538e-04 3.002090e-04 2.771678e-04 2.379887e-04 1.835601e-04 1.966393e-04 2.092556e-04 1.028082e-04 1.243702e-04 1.069949e-04 9.019406e-05 5.915166e-05 8.730785e-05 1.217383e-04 7.755058e-05 5.553935e-05 6.154219e-05 1.347343e-05 3.319185e-05 5.234284e-05 4.515034e-05 5.087870e-05 6.899328e-05 1.856034e-05 2.441495e-05 2.409157e-05 1.188832e-05 5.867463e-06 1.158544e-05 1.715956e-05 0.000000e+00 2.231796e-05 1.653558e-05 5.445849e-06 1.614420e-05 5.318461e-06 1.051395e-05 1.039379e-05 5.138174e-06 5.080764e-06 0.000000e+00 4.969709e-06 4.915983e-06 0.000000e+00 0.000000e+00 4.761554e-06 4.712211e-06 0.000000e+00 0.000000e+00 0.000000e+00
SPEC pip sel1 meanpt 0.4317 yield 1.45618 4.092582e+00 3.692647e+00 3.089392e+00 2.453703e+00 1.883355e+00 1.473862e+00 1.127895e+00 8.618086e-01 6.573687e-01 5.146505e-01 4.061659e-01 3.128856e-01 2.459475e-01 1.867452e-01 1.473562e-01 1.159781e-01 9.036137e-02 7.115400e-02 5.645459e-02 4.577931e-02 3.586625e-02 2.999462e-02 2.377253e-02 1.954168e-02 1.680790e-02 1.433664e-02 1.157352e-02 9.621032e-03 7.805561e-03 6.875587e-03 5.483698e-03 4.764371e-03 4.844260e-03 3.906207e-03 3.330714e-03 2.845239e-03 2.386365e-03 2.442681e-03 1.901264e-03 1.677135e-03 1.595336e-03 1.241574e-03 1.077654e-03 7.990607e-04 7.902937e-04 7.010247e-04 6.331836e-04 5.940262e-04 4.215784e-04 4.378454e-04 3.724917e-04 3.573184e-04 3.660907e-04 2.828121e-04 2.025897e-04 2.799888e-04 2.677956e-04 1.635724e-04 1.677666e-04 1.580742e-04 1.216654e-04 1.196871e-04 6.542897e-05 1.352370e-04 8.242021e-05 8.740511e-05 7.994141e-05 3.634943e-05 4.178857e-05 5.883900e-05 6.380484e-05 5.147384e-05 7.332557e-05 3.338213e-05 2.195603e-05 2.166522e-05 2.138202e-05 1.055306e-05 2.083725e-05 2.571893e-05 5.079889e-06 2.007024e-05 1.982696e-05 1.469213e-05 1.935768e-05 9.565639e-06 1.891011e-05 9.346995e-06 9.241380e-06 9.138124e-06 0.000000e+00 1.787677e-05 4.420876e-06 0.000000e+00 0.000000e+00 4.282001e-06 4.237627e-06 0.000000e+00 8.303169e-06 4.109860e-06
SPEC pim sel0 meanpt 0.4292 yield 0.84227 3.404097e+00 3.116102e+00 2.534838e+00 2.005742e+00 1.595187e+00 1.215613e+00 9.282756e-01 7.233213e-01 5.478675e-01 4.280191e-01 3.261052e-01 2.489144e-01 1.975340e-01 1.527887e-01 1.252855e-01 9.291128e-02 7.487861e-02 6.223283e-02 4.746381e-02 3.924656e-02 2.921353e-02 2.489374e-02 1.877523e-02 1.656372e-02 1.388314e-02 1.155545e-02 9.866748e-03 7.705580e-03 6.621484e-03 6.073322e-03 5.173467e-03 4.099774e-03 3.539886e-03 3.244182e-03 2.517482e-03 1.959815e-03 1.619581e-03 1.831040e-03 1.440958e-03 1.174235e-03 1.044191e-03 8.217983e-04 8.345604e-04 7.317469e-04 7.459590e-04 5.496717e-04 4.205015e-04 5.648205e-04 5.437989e-04 3.307116e-04 3.331673e-04 2.737200e-04 2.425218e-04 2.719871e-04 1.418419e-04 1.884460e-04 8.048290e-05 1.423498e-04 1.165970e-04 9.935243e-05 1.202588e-04 8.133354e-05 9.458351e-05 5.728862e-05 5.640042e-05 6.248177e-05 6.838021e-05 3.368359e-05 5.974534e-05 4.579998e-05 3.225024e-05 1.907951e-05 2.508846e-05 2.474712e-05 6.103737e-06 1.806868e-05 5.944162e-06 5.867463e-06 1.737816e-05 2.859927e-05 1.129760e-05 1.115898e-05 1.653558e-05 1.633755e-05 1.076280e-05 5.318461e-06 0.000000e+00 5.196896e-06 5.138174e-06 0.000000e+00 5.024623e-06 0.000000e+00 0.000000e+00 4.863405e-06 4.811941e-06 4.761554e-06 4.712211e-06 0.000000e+00 0.000000e+00 0.000000e+00
SPEC pim sel1 meanpt 0.4313 yield 1.43956 4.052507e+00 3.666476e+00 3.041466e+00 2.403580e+00 1.894714e+00 1.452523e+00 1.105561e+00 8.595731e-01 6.559254e-01 5.133161e-01 3.916391e-01 3.032135e-01 2.376380e-01 1.829285e-01 1.493585e-01 1.121263e-01 9.001440e-02 7.300003e-02 5.607882e-02 4.737309e-02 3.680379e-02 2.988050e-02 2.295466e-02 2.018553e-02 1.642401e-02 1.409609e-02 1.138834e-02 9.591292e-03 8.121227e-03 7.291449e-03 6.140670e-03 5.062956e-03 4.252883e-03 4.162552e-03 2.927709e-03 2.419029e-03 1.983036e-03 2.246395e-03 1.773805e-03 1.439023e-03 1.241939e-03 1.143036e-03 1.048788e-03 9.306707e-04 8.178621e-04 7.908996e-04 5.716241e-04 6.456806e-04 6.829570e-04 4.295841e-04 4.129799e-04 3.255568e-04 3.115665e-04 2.980993e-04 1.950864e-04 2.505163e-04 1.230412e-04 1.991316e-04 1.607763e-04 1.237102e-04 1.487022e-04 9.973928e-05 1.243150e-04 9.015803e-05 6.340016e-05 8.116189e-05 7.994141e-05 5.452414e-05 5.969796e-05 5.295510e-05 4.640352e-05 2.859658e-05 2.820214e-05 2.781844e-05 1.097801e-05 4.333044e-05 2.138202e-05 1.582959e-05 1.562794e-05 3.600651e-05 1.015978e-05 1.003512e-05 1.982696e-05 1.469213e-05 9.678841e-06 9.565639e-06 0.000000e+00 4.673498e-06 4.620690e-06 0.000000e+00 1.807430e-05 0.000000e+00 0.000000e+00 4.373594e-06 4.327313e-06 4.282001e-06 4.237627e-06 0.000000e+00 0.000000e+00 0.000000e+00
SPEC kp sel0 meanpt 0.5667 yield 0.10801 1.846197e-01 1.767378e-01 1.726149e-01 1.638321e-01 1.390458e-01 1.260011e-01 1.079455e-01 9.403783e-02 7.618038e-02 6.241746e-02 5.326819e-02 4.491926e-02 3.339525e-02 2.849631e-02 2.135655e-02 2.047745e-02 1.510250e-02 1.278436e-02 9.930285e-03 8.091834e-03 7.453110e-03 5.266389e-03 4.850436e-03 3.599127e-03 3.136698e-03 2.799700e-03 2.196424e-03 1.918127e-03 1.547672e-03 1.202333e-03 1.297094e-03 7.795344e-04 9.094568e-04 8.551609e-04 6.853877e-04 7.429366e-04 4.609576e-04 4.486654e-04 5.669341e-04 3.914118e-04 2.245572e-04 2.958474e-04 2.353888e-04 2.195241e-04 1.634979e-04 1.698985e-04 1.271284e-04 1.053055e-04 9.375843e-05 1.377965e-04 9.004523e-05 1.236155e-04 8.661494e-05 6.799677e-05 6.674912e-05 4.096652e-05 4.828974e-05 6.326656e-05 5.441195e-05 3.821247e-05 2.254852e-05 2.218187e-05 2.182696e-05 3.580539e-05 2.115016e-05 2.082726e-05 2.051406e-05 1.347343e-05 0.000000e+00 1.308571e-05 1.290010e-05 1.907951e-05 0.000000e+00 0.000000e+00 0.000000e+00 0.000000e+00 0.000000e+00 0.000000e+00 0.000000e+00 5.719854e-06 5.648800e-06 1.115898e-05 0.000000e+00 0.000000e+00 0.000000e+00 0.000000e+00 5.256976e-06 5.196896e-06 0.000000e+00 0.000000e+00 0.000000e+00 0.000000e+00 0.000000e+00 0.000000e+00 0.000000e+00 0.000000e+00 0.000000e+00 0.000000e+00 4.616532e-06 0.000000e+00
SPEC kp sel1 meanpt 0.5715 yield 0.18685 2.281835e-01 2.126441e-01 2.080641e-01 1.916134e-01 1.647538e-01 1.490740e-01 1.314241e-01 1.141190e-01 9.270707e-02 7.541550e-02 6.566264e-02 5.365887e-02 4.141654e-02 3.486516e-02 2.673563e-02 2.324311e-02 1.866213e-02 1.516550e-02 1.193637e-02 1.029667e-02 8.757109e-03 6.809178e-03 6.034005e-03 4.663554e-03 3.838945e-03 3.511996e-03 2.669625e-03 2.364365e-03 1.980087e-03 1.649586e-03 1.474833e-03 1.064519e-03 1.170172e-03 9.277242e-04 8.652744e-04 9.100156e-04 5.153652e-04 5.779559e-04 6.585383e-04 4.037547e-04 3.332031e-04 3.645891e-04 2.886572e-04 2.350178e-04 2.113576e-04 2.696249e-04 1.319132e-04 1.463543e-04 1.264735e-04 1.404410e-04 1.457576e-04 1.111657e-04 1.012591e-04 1.375843e-04 8.253654e-05 5.157689e-05 5.066402e-05 8.534213e-05 5.592220e-05 4.810954e-05 3.379595e-05 2.659714e-05 2.617159e-05 5.151887e-05 4.438011e-05 1.872967e-05 1.844802e-05 1.211648e-05 1.193959e-05 2.941950e-05 2.320176e-05 1.143863e-05 0.000000e+00 5.563688e-06 0.000000e+00 5.416305e-06 0.000000e+00 0.000000e+00 0.000000e+00 1.028757e-05 5.079889e-06 1.003512e-05 0.000000e+00 0.000000e+00 0.000000e+00 0.000000e+00 4.727527e-06 4.673498e-06 0.000000e+00 0.000000e+00 0.000000e+00 0.000000e+00 0.000000e+00 0.000000e+00 0.000000e+00 0.000000e+00 0.000000e+00 4.194165e-06 4.151584e-06 0.000000e+00
SPEC km sel0 meanpt 0.5577 yield 0.10465 1.873481e-01 1.876513e-01 1.747976e-01 1.573360e-01 1.350038e-01 1.268279e-01 1.048674e-01 8.973307e-02 7.350551e-02 6.404491e-02 5.140596e-02 4.211180e-02 3.295872e-02 2.795738e-02 2.057254e-02 1.833582e-02 1.504738e-02 1.106939e-02 8.897929e-03 7.648765e-03 6.654562e-03 5.139489e-03 4.345183e-03 4.044180e-03 2.932534e-03 2.657041e-03 2.127786e-03 1.951198e-03 1.483851e-03 1.356478e-03 1.312003e-03 1.198173e-03 7.835320e-04 7.601430e-04 4.744992e-04 4.867515e-04 4.983325e-04 4.122871e-04 3.543338e-04 2.993149e-04 2.806965e-04 1.534024e-04 2.139898e-04 2.404311e-04 1.430606e-04 1.199284e-04 1.369075e-04 1.340252e-04 1.031343e-04 1.010508e-04 6.303166e-05 3.531871e-05 6.929195e-05 6.799677e-05 6.674912e-05 4.096652e-05 8.048290e-05 3.954160e-05 2.331941e-05 3.821247e-05 3.758086e-05 2.218187e-05 1.455131e-05 2.864431e-05 1.410011e-05 6.942418e-06 0.000000e+00 1.347343e-05 6.638371e-06 0.000000e+00 1.935015e-05 6.359838e-06 0.000000e+00 1.237356e-05 1.220747e-05 6.022893e-06 0.000000e+00 1.173493e-05 1.158544e-05 0.000000e+00 0.000000e+00 5.579490e-06 5.511860e-06 0.000000e+00 0.000000e+00 0.000000e+00 5.256976e-06 5.196896e-06 0.000000e+00 0.000000e+00 0.000000e+00 0.000000e+00 0.000000e+00 0.000000e+00 0.000000e+00 0.000000e+00 0.000000e+00 0.000000e+00 0.000000e+00 0.000000e+00
SPEC km sel1 meanpt 0.5641 yield 0.17986 2.216406e-01 2.167335e-01 2.010305e-01 1.858884e-01 1.624819e-01 1.488509e-01 1.241263e-01 1.064856e-01 8.804045e-02 7.700817e-02 6.281960e-02 5.148975e-02 3.899567e-02 3.386555e-02 2.566395e-02 2.242525e-02 1.789383e-02 1.418407e-02 1.094167e-02 9.604637e-03 7.739768e-03 6.733097e-03 5.416065e-03 4.924574e-03 3.605270e-03 3.415777e-03 2.638763e-03 2.602289e-03 1.893996e-03 1.635724e-03 1.582094e-03 1.466959e-03 1.006600e-03 1.013172e-03 6.519191e-04 5.068441e-04 6.161975e-04 5.561462e-04 4.142418e-04 4.555181e-04 2.827178e-04 2.463440e-04 2.694134e-04 3.196243e-04 1.745998e-04 1.348124e-04 1.407075e-04 1.721815e-04 1.096104e-04 1.073960e-04 8.907409e-05 7.146368e-05 6.231330e-05 6.114857e-05 6.002658e-05 5.157689e-05 9.409033e-05 4.267107e-05 3.495137e-05 4.123674e-05 4.055515e-05 1.994786e-05 1.308579e-05 2.575944e-05 1.268003e-05 1.248644e-05 0.000000e+00 1.211648e-05 1.193959e-05 0.000000e+00 1.740132e-05 5.719315e-06 5.640428e-06 1.112738e-05 1.097801e-05 1.083261e-05 0.000000e+00 1.055306e-05 1.041863e-05 5.143787e-06 0.000000e+00 5.017559e-06 4.956740e-06 0.000000e+00 0.000000e+00 0.000000e+00 4.727527e-06 4.673498e-06 0.000000e+00 4.569062e-06 0.000000e+00 0.000000e+00 0.000000e+00 0.000000e+00 0.000000e+00 0.000000e+00 0.000000e+00 0.000000e+00 0.000000e+00 0.000000e+00
SPEC p sel0 meanpt 0.6491 yield 0.06232 7.002817e-02 7.457546e-02 7.675816e-02 6.872895e-02 5.961995e-02 5.737846e-02 5.309829e-02 4.432086e-02 4.039058e-02 3.508589e-02 2.897270e-02 2.744187e-02 2.306382e-02 1.946911e-02 1.499036e-02 1.343649e-02 1.050009e-02 8.315034e-03 7.668933e-03 6.715989e-03 6.188743e-03 4.737636e-03 3.718668e-03 3.018623e-03 2.524207e-03 1.872411e-03 2.076307e-03 1.570880e-03 1.451940e-03 1.079017e-03 1.207639e-03 8.661494e-04 8.394986e-04 6.108292e-04 6.063045e-04 4.995608e-04 4.111243e-04 2.789001e-04 2.952782e-04 3.683876e-04 2.919244e-04 2.191462e-04 1.497929e-04 1.777100e-04 1.532792e-04 1.199284e-04 1.075702e-04 9.573230e-05 1.125101e-04 1.010508e-04 6.303166e-05 8.829678e-05 5.196896e-05 5.949717e-05 3.337456e-05 3.277322e-05 1.609658e-05 0.000000e+00 7.773135e-06 7.642494e-06 7.516172e-06 1.478792e-05 1.455131e-05 7.161077e-06 1.410011e-05 0.000000e+00 0.000000e+00 6.736717e-06 0.000000e+00 6.542855e-06 6.450048e-06 6.359838e-06 0.000000e+00 0.000000e+00 6.103737e-06 6.022893e-06 1.188832e-05 0.000000e+00 0.000000e+00 0.000000e+00 0.000000e+00 1.115898e-05 5.511860e-06 0.000000e+00 5.381401e-06 0.000000e+00 0.000000e+00 0.000000e+00 0.000000e+00 0.000000e+00 0.000000e+00 0.000000e+00 0.000000e+00 0.000000e+00 0.000000e+00 0.000000e+00 4.712211e-06 0.000000e+00 0.000000e+00 0.000000e+00
SPEC p sel1 meanpt 0.6545 yield 0.10777 8.423980e-02 8.832911e-02 8.914697e-02 8.213672e-02 7.451633e-02 6.832866e-02 6.228334e-02 5.327009e-02 4.753222e-02 4.265797e-02 3.579120e-02 3.196774e-02 2.905046e-02 2.332422e-02 1.883903e-02 1.546023e-02 1.325928e-02 1.070231e-02 9.195423e-03 7.926971e-03 7.380707e-03 5.610914e-03 4.652727e-03 3.810889e-03 3.187993e-03 2.373404e-03 2.407292e-03 1.947999e-03 1.807906e-03 1.400069e-03 1.528464e-03 1.038555e-03 1.044347e-03 8.544828e-04 6.993314e-04 6.335552e-04 5.377723e-04 3.816690e-04 3.611339e-04 4.244601e-04 3.231060e-04 2.857590e-04 2.309258e-04 2.350178e-04 1.562209e-04 1.437999e-04 1.055306e-04 1.205270e-04 1.096104e-04 1.073960e-04 8.097645e-05 1.111657e-04 4.673498e-05 6.879214e-05 5.252325e-05 2.947251e-05 2.171315e-05 7.111844e-06 1.398055e-05 2.061837e-05 1.351838e-05 2.659714e-05 1.962869e-05 1.287972e-05 2.536007e-05 0.000000e+00 0.000000e+00 6.058238e-06 0.000000e+00 5.883900e-06 1.740132e-05 5.719315e-06 0.000000e+00 0.000000e+00 5.489007e-06 5.416305e-06 1.069101e-05 0.000000e+00 0.000000e+00 0.000000e+00 5.079889e-06 1.003512e-05 4.956740e-06 0.000000e+00 4.839421e-06 4.782819e-06 0.000000e+00 0.000000e+00 0.000000e+00 0.000000e+00 0.000000e+00 0.000000e+00 4.420876e-06 0.000000e+00 0.000000e+00 4.282001e-06 4.237627e-06 0.000000e+00 0.000000e+00 0.000000e+00
SPEC pbar sel0 meanpt 0.6369 yield 0.05119 6.911872e-02 6.790611e-02 5.984226e-02 6.184306e-02 5.224324e-02 5.026816e-02 4.505309e-02 3.674206e-02 3.359640e-02 2.962915e-02 2.563802e-02 1.945447e-02 1.746157e-02 1.478709e-02 1.213654e-02 1.050276e-02 9.011890e-03 7.171717e-03 6.317038e-03 4.757159e-03 4.680375e-03 3.278275e-03 3.274045e-03 2.786421e-03 2.227241e-03 1.854579e-03 1.424244e-03 1.471666e-03 9.254122e-04 9.557004e-04 7.454564e-04 6.207404e-04 6.436156e-04 5.429593e-04 4.613187e-04 6.276533e-04 4.235826e-04 3.274045e-04 2.952782e-04 2.417543e-04 1.347343e-04 1.753170e-04 1.390934e-04 9.408174e-05 1.124048e-04 1.698985e-04 6.845374e-05 8.615907e-05 4.687922e-05 4.593216e-05 1.800905e-05 5.297807e-05 3.464597e-05 2.549879e-05 8.343641e-06 0.000000e+00 1.609658e-05 0.000000e+00 2.331941e-05 2.292748e-05 2.254852e-05 7.393958e-06 7.275655e-06 0.000000e+00 7.050053e-06 6.942418e-06 6.838021e-06 6.736717e-06 0.000000e+00 0.000000e+00 6.450048e-06 0.000000e+00 0.000000e+00 6.186781e-06 0.000000e+00 0.000000e+00 0.000000e+00 0.000000e+00 0.000000e+00 0.000000e+00 0.000000e+00 5.579490e-06 0.000000e+00 5.445849e-06 0.000000e+00 0.000000e+00 0.000000e+00 0.000000e+00 0.000000e+00 0.000000e+00 0.000000e+00 0.000000e+00 0.000000e+00 0.000000e+00 0.000000e+00 0.000000e+00 0.000000e+00 0.000000e+00 4.616532e-06 0.000000e+00
SPEC pbar sel1 meanpt 0.6406 yield 0.08728 7.933262e-02 7.660642e-02 7.197187e-02 6.951828e-02 6.170315e-02 5.918348e-02 5.404181e-02 4.465527e-02 3.920927e-02 3.568461e-02 2.975460e-02 2.354020e-02 2.123170e-02 1.781122e-02 1.438309e-02 1.298026e-02 1.080569e-02 8.599236e-03 7.427072e-03 5.829889e-03 5.645243e-03 4.412651e-03 4.016612e-03 3.201843e-03 2.770717e-03 2.229075e-03 1.743744e-03 1.620854e-03 1.162225e-03 1.192138e-03 8.983076e-04 7.789163e-04 8.178621e-04 5.737242e-04 5.333883e-04 7.026703e-04 5.153652e-04 4.143835e-04 3.398907e-04 3.416386e-04 2.019413e-04 2.167827e-04 1.443286e-04 1.128086e-04 1.378419e-04 1.977249e-04 7.914795e-05 7.748167e-05 5.058941e-05 5.782863e-05 2.429293e-05 4.764245e-05 5.452414e-05 3.057428e-05 1.500664e-05 0.000000e+00 2.171315e-05 0.000000e+00 2.796110e-05 2.061837e-05 2.703676e-05 6.649285e-06 1.308579e-05 0.000000e+00 6.340016e-06 6.243222e-06 6.149339e-06 6.058238e-06 0.000000e+00 0.000000e+00 5.800440e-06 0.000000e+00 5.640428e-06 5.563688e-06 0.000000e+00 0.000000e+00 0.000000e+00 0.000000e+00 0.000000e+00 0.000000e+00 0.000000e+00 5.017559e-06 0.000000e+00 4.897378e-06 0.000000e+00 0.000000e+00 0.000000e+00 0.000000e+00 0.000000e+00 0.000000e+00 0.000000e+00 0.000000e+00 0.000000e+00 0.000000e+00 0.000000e+00 0.000000e+00 0.000000e+00 0.000000e+00 4.151584e-06 0.000000e+00
SPEC pinc sel0 meanpt 0.6263 yield 0.08674 1.091348e-01 1.124695e-01 1.138640e-01 1.026387e-01 9.023833e-02 8.524091e-02 7.737379e-02 6.487459e-02 5.879371e-02 4.925427e-02 4.187832e-02 3.625965e-02 3.103067e-02 2.610478e-02 2.050982e-02 1.713299e-02 1.402768e-02 1.119931e-02 1.049562e-02 8.511583e-03 8.029838e-03 6.048945e-03 5.194009e-03 3.715228e-03 3.507905e-03 2.639208e-03 2.676892e-03 2.083483e-03 1.802958e-03 1.479794e-03 1.416367e-03 1.154866e-03 1.147315e-03 7.465690e-04 7.776515e-04 5.251793e-04 4.858742e-04 3.880349e-04 3.307116e-04 4.489724e-04 3.480637e-04 2.958474e-04 1.604924e-04 2.299776e-04 1.839351e-04 1.199284e-04 1.466866e-04 9.573230e-05 1.406377e-04 1.194236e-04 8.104071e-05 1.059561e-04 6.929195e-05 5.949717e-05 5.840548e-05 4.096652e-05 1.609658e-05 0.000000e+00 7.773135e-06 7.642494e-06 1.503234e-05 1.478792e-05 1.455131e-05 7.161077e-06 1.410011e-05 0.000000e+00 0.000000e+00 6.736717e-06 0.000000e+00 6.542855e-06 6.450048e-06 1.271968e-05 0.000000e+00 0.000000e+00 6.103737e-06 6.022893e-06 1.188832e-05 0.000000e+00 0.000000e+00 0.000000e+00 0.000000e+00 1.115898e-05 1.102372e-05 0.000000e+00 5.381401e-06 0.000000e+00 0.000000e+00 0.000000e+00 0.000000e+00 0.000000e+00 0.000000e+00 0.000000e+00 0.000000e+00 0.000000e+00 0.000000e+00 0.000000e+00 9.424423e-06 0.000000e+00 0.000000e+00 0.000000e+00
SPEC pinc sel1 meanpt 0.6321 yield 0.15007 1.357651e-01 1.357651e-01 1.347837e-01 1.227962e-01 1.117745e-01 1.014893e-01 8.958736e-02 7.802404e-02 6.860420e-02 6.056484e-02 5.094113e-02 4.373784e-02 3.863581e-02 3.162400e-02 2.552294e-02 1.989252e-02 1.749729e-02 1.423080e-02 1.231214e-02 1.021279e-02 9.515127e-03 7.189578e-03 6.306626e-03 4.907173e-03 4.373059e-03 3.367667e-03 3.070841e-03 2.602289e-03 2.281405e-03 1.871379e-03 1.783208e-03 1.402049e-03 1.434404e-03 1.074207e-03 9.363928e-04 7.257086e-04 6.722154e-04 5.343366e-04 4.248634e-04 5.072816e-04 3.836884e-04 3.941504e-04 2.501696e-04 2.914221e-04 2.113576e-04 1.437999e-04 1.495017e-04 1.291361e-04 1.433367e-04 1.404410e-04 1.052694e-04 1.349869e-04 6.231330e-05 7.643571e-05 8.253654e-05 3.684064e-05 2.171315e-05 1.422369e-05 1.398055e-05 2.061837e-05 2.027757e-05 2.659714e-05 1.962869e-05 1.287972e-05 2.536007e-05 6.243222e-06 0.000000e+00 6.058238e-06 0.000000e+00 5.883900e-06 1.740132e-05 1.143863e-05 0.000000e+00 0.000000e+00 5.489007e-06 5.416305e-06 1.069101e-05 0.000000e+00 0.000000e+00 0.000000e+00 5.079889e-06 1.003512e-05 9.913480e-06 0.000000e+00 4.839421e-06 4.782819e-06 0.000000e+00 0.000000e+00 0.000000e+00 0.000000e+00 0.000000e+00 0.000000e+00 4.420876e-06 0.000000e+00 0.000000e+00 4.282001e-06 8.475255e-06 0.000000e+00 0.000000e+00 0.000000e+00
SPEC pbarinc sel0 meanpt 0.6170 yield 0.07314 1.054970e-01 9.852449e-02 9.076379e-02 9.367405e-02 8.003220e-02 7.606366e-02 6.736976e-02 5.523434e-02 4.975264e-02 4.193075e-02 3.577197e-02 2.850949e-02 2.430069e-02 2.101856e-02 1.709152e-02 1.428727e-02 1.259460e-02 9.718196e-03 8.529230e-03 6.459475e-03 6.122197e-03 4.906837e-03 4.385603e-03 3.928079e-03 3.025336e-03 2.264726e-03 1.784595e-03 1.885056e-03 1.244520e-03 1.371892e-03 8.796386e-04 7.795344e-04 7.695404e-04 6.786991e-04 6.063045e-04 7.045088e-04 5.357074e-04 4.365393e-04 3.661450e-04 3.338512e-04 2.133294e-04 2.081889e-04 1.604924e-04 1.045353e-04 1.328420e-04 2.098747e-04 8.801195e-05 1.148788e-04 7.500675e-05 7.349146e-05 6.303166e-05 5.297807e-05 3.464597e-05 4.249798e-05 2.503092e-05 0.000000e+00 2.414487e-05 0.000000e+00 2.331941e-05 2.292748e-05 3.758086e-05 7.393958e-06 7.275655e-06 0.000000e+00 1.410011e-05 6.942418e-06 6.838021e-06 6.736717e-06 6.638371e-06 0.000000e+00 6.450048e-06 0.000000e+00 0.000000e+00 6.186781e-06 6.103737e-06 0.000000e+00 0.000000e+00 0.000000e+00 0.000000e+00 0.000000e+00 0.000000e+00 5.579490e-06 0.000000e+00 5.445849e-06 0.000000e+00 0.000000e+00 0.000000e+00 0.000000e+00 0.000000e+00 0.000000e+00 0.000000e+00 0.000000e+00 0.000000e+00 0.000000e+00 0.000000e+00 0.000000e+00 0.000000e+00 0.000000e+00 4.616532e-06 0.000000e+00
SPEC pbarinc sel1 meanpt 0.6210 yield 0.12532 1.218615e-01 1.177721e-01 1.097571e-01 1.066726e-01 9.441764e-02 8.974178e-02 8.153456e-02 6.646493e-02 5.806821e-02 5.014786e-02 4.221726e-02 3.488360e-02 3.013004e-02 2.568693e-02 2.022094e-02 1.741255e-02 1.511806e-02 1.173048e-02 9.991180e-03 8.010854e-03 7.380707e-03 6.257596e-03 5.379715e-03 4.402534e-03 3.788871e-03 2.806390e-03 2.268410e-03 2.081831e-03 1.621376e-03 1.732759e-03 1.153051e-03 1.090483e-03 9.562695e-04 7.568276e-04 7.348906e-04 8.409005e-04 6.498082e-04 5.343366e-04 4.248634e-04 4.244601e-04 3.029119e-04 2.561978e-04 1.924381e-04 1.410107e-04 1.654103e-04 2.246874e-04 9.673638e-05 1.119180e-04 7.588411e-05 8.261233e-05 7.287880e-05 4.764245e-05 6.231330e-05 5.350500e-05 3.751661e-05 0.000000e+00 2.895087e-05 7.111844e-06 2.796110e-05 3.436395e-05 4.055515e-05 6.649285e-06 1.308579e-05 0.000000e+00 1.268003e-05 6.243222e-06 6.149339e-06 6.058238e-06 5.969796e-06 0.000000e+00 5.800440e-06 0.000000e+00 5.640428e-06 5.563688e-06 5.489007e-06 0.000000e+00 0.000000e+00 0.000000e+00 0.000000e+00 0.000000e+00 0.000000e+00 5.017559e-06 0.000000e+00 4.897378e-06 0.000000e+00 0.000000e+00 0.000000e+00 0.000000e+00 0.000000e+00 0.000000e+00 0.000000e+00 0.000000e+00 0.000000e+00 0.000000e+00 0.000000e+00 0.000000e+00 0.000000e+00 0.000000e+00 4.151584e-06 0.000000e+00
SPEC chpm sel0eta05 meanpt 0.4953 yield 2.43701 3.554885e+00 3.450479e+00 3.705764e+00 3.424923e+00 2.908221e+00 2.388713e+00 1.911182e+00 1.517744e+00 1.196658e+00 9.587494e-01 7.625189e-01 5.992530e-01 4.754276e-01 3.765960e-01 3.015382e-01 2.399646e-01 1.924521e-01 1.537164e-01 1.227300e-01 1.011899e-01 8.159602e-02 6.711157e-02 5.397121e-02 4.561990e-02 3.804128e-02 3.239271e-02 2.642573e-02 2.273311e-02 1.848431e-02 1.636868e-02 1.383865e-02 1.150968e-02 1.061686e-02 9.264243e-03 7.436457e-03 6.384131e-03 5.223770e-03 5.398536e-03 4.448071e-03 3.835836e-03 3.238115e-03 2.853284e-03 2.471583e-03 2.129383e-03 1.881247e-03 1.783935e-03 1.375920e-03 1.420667e-03 1.207609e-03 1.054602e-03 9.265654e-04 8.344046e-04 7.518176e-04 7.139661e-04 5.139683e-04 5.219135e-04 4.563381e-04 3.985793e-04 3.591188e-04 3.370340e-04 3.156792e-04 2.380854e-04 2.139042e-04 2.456250e-04 1.875314e-04 1.700893e-04 1.435984e-04 1.084611e-04 1.022309e-04 1.145000e-04 1.354510e-04 8.903773e-05 9.220010e-05 6.496120e-05 4.272616e-05 7.167242e-05 4.993096e-05 2.875057e-05 3.649413e-05 6.005847e-05 1.977080e-05 4.686771e-05 4.244132e-05 2.668466e-05 2.636887e-05 1.861461e-05 2.207930e-05 1.818914e-05 1.079017e-05 1.066961e-05 1.406895e-05 1.391519e-05 6.882376e-06 3.404384e-06 3.368359e-06 9.999263e-06 1.319419e-05 3.264717e-06 1.292629e-05 3.199094e-06
