# gen_world cr_p2.20_s0.360_k0.270_q0.110 mode set ColourReconnection:range=5.4;ColourReconnection:mode=2;TimeShower:alphaSvalue=0.18;MultipartonInteractions:pT0Ref=2.20;StringPT:sigma=0.360;StringFlav:probStoUD=0.27;StringFlav:probQQtoQ=0.11 nev 200000 seed 20260982
SUMMARY nev 200000 nnsd 155519 dnde 2.1740 eps 0.5041 classN 16.9339 15.1792 7.2794 1.6207 meanpt_ch05 0.5003
SPEC pip sel0 meanpt 0.4353 yield 0.75897 3.001207e+00 2.725945e+00 2.234899e+00 1.793189e+00 1.409355e+00 1.071671e+00 8.293547e-01 6.259488e-01 4.991848e-01 3.867585e-01 2.970892e-01 2.393849e-01 1.856383e-01 1.483425e-01 1.124904e-01 8.915611e-02 6.922896e-02 5.688003e-02 4.507956e-02 3.395305e-02 2.970153e-02 2.330747e-02 1.948259e-02 1.513181e-02 1.276952e-02 1.075299e-02 9.163206e-03 7.904007e-03 5.520562e-03 5.595472e-03 4.502557e-03 3.839929e-03 3.413961e-03 2.579057e-03 2.530662e-03 1.934197e-03 1.457623e-03 1.637022e-03 1.393713e-03 8.173599e-04 9.206847e-04 1.051902e-03 6.526690e-04 6.585722e-04 5.722425e-04 3.397971e-04 4.791762e-04 3.637827e-04 3.469062e-04 3.674573e-04 2.341176e-04 2.825497e-04 2.944908e-04 1.869911e-04 1.334982e-04 1.884460e-04 1.287726e-04 1.265331e-04 1.243702e-04 9.170993e-05 9.771024e-05 5.175771e-05 5.820524e-05 4.296646e-05 3.525026e-05 6.248177e-05 2.051406e-05 4.715702e-05 3.983023e-05 4.579998e-05 3.870029e-05 3.179919e-05 2.508846e-05 2.474712e-05 1.831121e-05 1.806868e-05 1.188832e-05 1.760239e-05 1.158544e-05 5.719854e-06 5.648800e-06 5.579490e-06 0.000000e+00 1.633755e-05 1.614420e-05 1.595538e-05 0.000000e+00 0.000000e+00 0.000000e+00 0.000000e+00 0.000000e+00 0.000000e+00 9.831966e-06 0.000000e+00 4.811941e-06 0.000000e+00 4.712211e-06 4.663881e-06 0.000000e+00 4.570135e-06
SPEC pip sel1 meanpt 0.4377 yield 1.28957 3.564635e+00 3.223782e+00 2.654073e+00 2.115647e+00 1.663242e+00 1.272191e+00 9.864118e-01 7.428370e-01 5.884552e-01 4.620935e-01 3.598397e-01 2.825951e-01 2.216722e-01 1.760516e-01 1.353966e-01 1.070917e-01 8.258982e-02 6.757813e-02 5.330424e-02 4.074624e-02 3.618270e-02 2.878790e-02 2.277815e-02 1.794180e-02 1.572245e-02 1.306715e-02 1.075128e-02 9.184365e-03 6.980525e-03 6.535752e-03 5.395390e-03 5.172127e-03 4.206877e-03 3.201497e-03 3.108700e-03 2.490704e-03 1.816849e-03 1.888476e-03 1.796895e-03 1.160694e-03 1.182572e-03 1.163940e-03 8.668626e-04 8.563451e-04 6.531230e-04 4.138501e-04 5.458024e-04 3.878069e-04 4.051316e-04 4.134866e-04 3.323450e-04 3.417889e-04 3.118871e-04 2.524974e-04 1.802650e-04 2.433983e-04 1.449033e-04 1.423832e-04 1.959291e-04 1.169576e-04 8.795988e-05 9.318577e-05 9.824442e-05 7.735781e-05 5.077231e-05 8.124539e-05 3.077833e-05 6.670918e-05 4.780751e-05 4.711963e-05 4.064486e-05 4.007640e-05 3.387739e-05 2.227765e-05 2.197862e-05 2.168751e-05 1.605301e-05 2.640979e-05 1.564402e-05 1.029816e-05 1.017023e-05 1.004544e-05 4.961840e-06 1.470725e-05 1.453320e-05 1.436322e-05 0.000000e+00 0.000000e+00 0.000000e+00 0.000000e+00 0.000000e+00 4.473790e-06 8.850849e-06 0.000000e+00 4.331765e-06 0.000000e+00 4.241987e-06 4.198480e-06 0.000000e+00 4.114088e-06
SPEC pim sel0 meanpt 0.4324 yield 0.75026 3.111252e+00 2.680776e+00 2.276370e+00 1.785004e+00 1.371360e+00 1.054557e+00 8.194206e-01 6.321937e-01 4.868269e-01 3.837908e-01 3.005538e-01 2.273247e-01 1.816731e-01 1.463889e-01 1.137135e-01 9.088701e-02 6.729980e-02 5.373591e-02 4.267073e-02 3.495579e-02 2.739461e-02 2.208077e-02 1.899754e-02 1.482221e-02 1.180438e-02 9.540380e-03 8.768536e-03 7.159905e-03 6.366198e-03 5.040549e-03 4.129828e-03 3.637827e-03 3.441944e-03 2.619779e-03 2.253871e-03 1.947006e-03 1.681872e-03 1.394500e-03 1.440958e-03 1.128187e-03 9.094568e-04 7.779691e-04 8.024619e-04 6.376651e-04 6.744287e-04 4.697195e-04 3.813851e-04 4.116489e-04 4.406646e-04 2.204744e-04 2.251131e-04 2.737200e-04 2.338603e-04 2.039903e-04 1.251546e-04 1.474795e-04 8.048290e-05 1.028082e-04 1.088239e-04 9.935243e-05 7.516172e-05 5.915166e-05 5.820524e-05 8.593293e-05 8.460063e-05 2.776967e-05 3.419011e-05 3.368359e-05 3.319185e-05 1.962856e-05 3.225024e-05 2.543935e-05 1.881635e-05 1.856034e-05 6.103737e-06 2.409157e-05 1.188832e-05 4.107224e-05 1.737816e-05 1.143971e-05 1.129760e-05 5.579490e-06 0.000000e+00 0.000000e+00 0.000000e+00 1.063692e-05 5.256976e-06 5.196896e-06 0.000000e+00 1.524229e-05 5.024623e-06 4.969709e-06 0.000000e+00 0.000000e+00 0.000000e+00 0.000000e+00 4.712211e-06 4.663881e-06 4.616532e-06 0.000000e+00
SPEC pim sel1 meanpt 0.4360 yield 1.27274 3.660423e+00 3.171930e+00 2.677324e+00 2.111086e+00 1.617121e+00 1.254105e+00 9.689041e-01 7.449656e-01 5.756931e-01 4.596374e-01 3.590210e-01 2.723435e-01 2.153845e-01 1.736561e-01 1.337874e-01 1.058240e-01 8.065470e-02 6.427992e-02 5.160045e-02 4.169090e-02 3.330726e-02 2.682682e-02 2.296009e-02 1.820309e-02 1.451946e-02 1.194344e-02 1.095209e-02 8.216806e-03 7.770502e-03 6.313731e-03 4.912221e-03 4.613329e-03 4.458785e-03 3.384789e-03 2.634090e-03 2.398455e-03 2.086012e-03 1.975805e-03 1.775630e-03 1.326507e-03 1.253324e-03 9.863898e-04 9.535488e-04 7.528308e-04 7.911068e-04 5.847882e-04 4.753762e-04 5.170759e-04 5.317353e-04 3.307893e-04 3.647689e-04 3.179431e-04 3.118871e-04 2.448459e-04 1.652429e-04 1.843927e-04 1.449033e-04 1.139066e-04 1.679392e-04 1.100778e-04 1.014922e-04 1.131541e-04 9.824442e-05 1.160367e-04 8.885155e-05 3.749787e-05 5.540099e-05 4.851576e-05 4.183157e-05 1.766986e-05 4.645126e-05 3.435120e-05 2.258492e-05 2.227765e-05 1.648396e-05 2.710939e-05 1.605301e-05 4.753762e-05 1.564402e-05 1.029816e-05 1.525535e-05 1.004544e-05 0.000000e+00 4.902416e-06 0.000000e+00 1.436322e-05 4.732390e-06 9.356612e-06 0.000000e+00 1.829505e-05 4.523224e-06 8.947580e-06 4.425424e-06 0.000000e+00 4.331765e-06 0.000000e+00 4.241987e-06 4.198480e-06 4.155855e-06 0.000000e+00
SPEC kp sel0 meanpt 0.5737 yield 0.09638 1.637022e-01 1.458162e-01 1.617014e-01 1.301822e-01 1.234840e-01 1.051663e-01 9.283455e-02 8.100229e-02 7.029566e-02 5.389728e-02 4.607915e-02 3.926481e-02 3.328612e-02 2.667740e-02 2.245418e-02 1.751438e-02 1.320090e-02 1.151112e-02 1.007776e-02 7.648765e-03 6.898563e-03 5.245239e-03 4.506864e-03 3.657177e-03 3.415103e-03 2.603543e-03 2.282222e-03 1.868520e-03 1.180698e-03 1.356478e-03 1.043639e-03 8.228419e-04 8.814735e-04 6.922731e-04 4.481381e-04 5.379885e-04 4.484993e-04 4.365393e-04 3.425227e-04 2.532665e-04 3.480637e-04 3.068047e-04 2.460883e-04 2.090705e-04 1.124048e-04 6.995822e-05 1.173493e-04 6.701261e-05 7.500675e-05 8.267789e-05 8.104071e-05 6.180774e-05 4.330747e-05 5.099758e-05 4.171820e-05 6.554644e-05 1.609658e-05 7.117488e-05 2.331941e-05 2.292748e-05 1.503234e-05 2.218187e-05 2.182696e-05 0.000000e+00 2.820021e-05 6.942418e-06 6.838021e-06 1.347343e-05 0.000000e+00 3.271427e-05 6.450048e-06 6.359838e-06 0.000000e+00 0.000000e+00 6.103737e-06 0.000000e+00 5.944162e-06 0.000000e+00 5.792719e-06 0.000000e+00 5.648800e-06 0.000000e+00 0.000000e+00 0.000000e+00 0.000000e+00 5.318461e-06 0.000000e+00 0.000000e+00 0.000000e+00 0.000000e+00 0.000000e+00 0.000000e+00 0.000000e+00 0.000000e+00 4.811941e-06 0.000000e+00 0.000000e+00 0.000000e+00 0.000000e+00 0.000000e+00
SPEC kp sel1 meanpt 0.5769 yield 0.16523 1.915766e-01 1.754755e-01 1.871556e-01 1.534484e-01 1.456383e-01 1.266758e-01 1.125402e-01 9.644328e-02 8.442278e-02 6.653043e-02 5.539894e-02 4.741361e-02 4.014922e-02 3.135331e-02 2.681960e-02 2.083733e-02 1.595231e-02 1.415188e-02 1.197077e-02 8.879784e-03 8.326814e-03 6.492509e-03 5.185122e-03 4.145775e-03 4.126934e-03 3.258761e-03 2.795950e-03 2.381683e-03 1.522501e-03 1.734541e-03 1.409244e-03 1.169576e-03 1.133590e-03 8.431424e-04 5.576676e-04 6.803311e-04 5.383256e-04 4.912221e-04 4.253005e-04 3.523534e-04 3.638682e-04 3.551003e-04 3.082178e-04 2.540804e-04 1.379837e-04 6.297719e-05 1.232457e-04 1.120331e-04 9.284267e-05 8.269733e-05 9.727171e-05 9.538294e-05 3.898588e-05 5.356004e-05 4.506625e-05 6.638137e-05 1.449033e-05 7.119161e-05 2.099240e-05 2.751945e-05 1.353229e-05 3.328063e-05 2.619851e-05 6.446484e-06 5.711885e-05 6.249645e-06 6.155666e-06 1.819341e-05 0.000000e+00 3.533972e-05 1.161282e-05 5.725200e-06 0.000000e+00 5.569412e-06 5.494655e-06 0.000000e+00 5.351003e-06 0.000000e+00 1.042934e-05 0.000000e+00 5.085115e-06 0.000000e+00 0.000000e+00 0.000000e+00 0.000000e+00 1.436322e-05 0.000000e+00 0.000000e+00 0.000000e+00 0.000000e+00 0.000000e+00 0.000000e+00 0.000000e+00 0.000000e+00 4.331765e-06 0.000000e+00 0.000000e+00 0.000000e+00 0.000000e+00 0.000000e+00
SPEC km sel0 meanpt 0.5661 yield 0.09319 1.446036e-01 1.509698e-01 1.362366e-01 1.277137e-01 1.186336e-01 1.034300e-01 8.961648e-02 8.197237e-02 6.612286e-02 5.552473e-02 4.594922e-02 4.017427e-02 3.274045e-02 2.735107e-02 2.129383e-02 1.704498e-02 1.416548e-02 1.148514e-02 8.701290e-03 7.112419e-03 5.966924e-03 4.843386e-03 4.527074e-03 3.560427e-03 2.672689e-03 2.229061e-03 2.007669e-03 1.471666e-03 1.276431e-03 1.109846e-03 9.392751e-04 9.383285e-04 5.456741e-04 6.515512e-04 4.481381e-04 5.636070e-04 2.865412e-04 1.697653e-04 2.952782e-04 3.108270e-04 3.031523e-04 1.862743e-04 1.925909e-04 1.568029e-04 1.430606e-04 1.299224e-04 1.075702e-04 6.701261e-05 7.500675e-05 5.511860e-05 7.203618e-05 6.180774e-05 5.196896e-05 6.799677e-05 4.171820e-05 3.277322e-05 3.219316e-05 7.908320e-06 4.663881e-05 1.528499e-05 3.006469e-05 1.478792e-05 1.455131e-05 2.864431e-05 1.410011e-05 6.942418e-06 1.367604e-05 2.021015e-05 0.000000e+00 6.542855e-06 0.000000e+00 6.359838e-06 0.000000e+00 1.237356e-05 0.000000e+00 6.022893e-06 5.944162e-06 0.000000e+00 0.000000e+00 0.000000e+00 0.000000e+00 0.000000e+00 0.000000e+00 0.000000e+00 5.381401e-06 0.000000e+00 0.000000e+00 1.039379e-05 0.000000e+00 0.000000e+00 0.000000e+00 0.000000e+00 0.000000e+00 0.000000e+00 0.000000e+00 0.000000e+00 0.000000e+00 0.000000e+00 0.000000e+00 0.000000e+00
SPEC km sel1 meanpt 0.5733 yield 0.15960 1.694716e-01 1.828438e-01 1.665243e-01 1.534484e-01 1.399983e-01 1.194563e-01 1.075021e-01 9.491503e-02 7.941424e-02 6.609954e-02 5.426835e-02 4.766278e-02 3.936327e-02 3.199008e-02 2.501280e-02 2.012426e-02 1.714316e-02 1.382439e-02 1.066527e-02 9.152686e-03 7.268490e-03 6.264034e-03 5.512604e-03 4.441902e-03 3.408480e-03 2.777171e-03 2.734161e-03 2.039316e-03 1.781039e-03 1.346004e-03 1.328716e-03 1.026628e-03 7.557263e-04 7.942646e-04 6.525898e-04 5.650207e-04 4.149593e-04 2.947333e-04 3.402404e-04 3.627168e-04 3.941906e-04 2.761891e-04 2.311633e-04 2.070285e-04 2.115751e-04 1.349511e-04 2.112783e-04 9.479725e-05 7.596218e-05 6.615786e-05 1.053777e-04 7.153720e-05 5.458024e-05 9.181722e-05 4.506625e-05 3.687854e-05 2.898066e-05 1.423832e-05 4.198480e-05 1.375972e-05 2.706458e-05 1.331225e-05 1.964888e-05 2.578594e-05 1.269308e-05 6.249645e-06 1.231133e-05 1.819341e-05 0.000000e+00 1.177991e-05 0.000000e+00 1.145040e-05 5.646231e-06 1.113882e-05 0.000000e+00 5.421878e-06 5.351003e-06 5.281958e-06 0.000000e+00 0.000000e+00 0.000000e+00 0.000000e+00 9.923679e-06 0.000000e+00 4.844400e-06 0.000000e+00 0.000000e+00 9.356612e-06 0.000000e+00 0.000000e+00 0.000000e+00 0.000000e+00 0.000000e+00 0.000000e+00 0.000000e+00 0.000000e+00 0.000000e+00 0.000000e+00 0.000000e+00 0.000000e+00
SPEC p sel0 meanpt 0.6488 yield 0.05461 6.820926e-02 6.366198e-02 6.366198e-02 5.742570e-02 5.254639e-02 4.894531e-02 4.701192e-02 4.013736e-02 3.471985e-02 3.120873e-02 2.693724e-02 2.340863e-02 1.942600e-02 1.697653e-02 1.345369e-02 1.150023e-02 9.397720e-03 8.185111e-03 7.496874e-03 5.689935e-03 4.791285e-03 3.849329e-03 3.334675e-03 3.057323e-03 2.097319e-03 1.801081e-03 1.853233e-03 1.223633e-03 1.148788e-03 1.063602e-03 9.243659e-04 9.094568e-04 6.016407e-04 6.786991e-04 5.140408e-04 4.355145e-04 3.114578e-04 2.789001e-04 3.307116e-04 2.302422e-04 1.908737e-04 1.424450e-04 1.390934e-04 1.986170e-04 9.196754e-05 1.898866e-04 1.075702e-04 1.053055e-04 8.438259e-05 4.593216e-05 7.203618e-05 8.829678e-05 8.661494e-06 1.699919e-05 1.668728e-05 4.915983e-05 0.000000e+00 0.000000e+00 3.886568e-05 7.642494e-06 7.516172e-06 0.000000e+00 1.455131e-05 2.148323e-05 7.050053e-06 6.942418e-06 1.367604e-05 6.736717e-06 0.000000e+00 0.000000e+00 0.000000e+00 0.000000e+00 0.000000e+00 0.000000e+00 0.000000e+00 6.022893e-06 0.000000e+00 0.000000e+00 0.000000e+00 0.000000e+00 0.000000e+00 0.000000e+00 0.000000e+00 0.000000e+00 0.000000e+00 0.000000e+00 5.256976e-06 0.000000e+00 0.000000e+00 5.080764e-06 0.000000e+00 0.000000e+00 0.000000e+00 0.000000e+00 0.000000e+00 0.000000e+00 0.000000e+00 0.000000e+00 0.000000e+00 0.000000e+00
SPEC p sel1 meanpt 0.6566 yield 0.09521 7.695813e-02 8.050585e-02 7.433828e-02 6.912197e-02 6.022019e-02 5.797910e-02 5.699436e-02 5.015924e-02 4.271706e-02 3.826362e-02 3.134465e-02 2.829867e-02 2.312019e-02 2.025533e-02 1.730570e-02 1.407642e-02 1.200765e-02 9.777659e-03 8.983612e-03 7.179400e-03 6.130292e-03 4.988380e-03 4.184485e-03 3.954164e-03 2.740151e-03 2.343740e-03 2.147166e-03 1.548094e-03 1.479412e-03 1.387633e-03 1.154238e-03 1.117595e-03 7.053446e-04 8.431424e-04 6.169940e-04 5.419587e-04 4.598198e-04 5.130542e-04 3.934030e-04 3.109001e-04 1.819341e-04 1.578224e-04 1.637407e-04 2.258492e-04 1.563816e-04 1.979283e-04 1.232457e-04 1.120331e-04 9.284267e-05 5.788813e-05 1.053777e-04 8.743436e-05 1.559435e-05 2.295430e-05 1.502208e-05 5.162995e-05 7.245164e-06 1.423832e-05 4.898226e-05 1.375972e-05 1.353229e-05 6.656126e-06 1.309926e-05 1.933945e-05 1.269308e-05 1.874894e-05 1.231133e-05 6.064471e-06 0.000000e+00 0.000000e+00 5.806408e-06 0.000000e+00 0.000000e+00 0.000000e+00 0.000000e+00 5.421878e-06 0.000000e+00 5.281958e-06 0.000000e+00 0.000000e+00 0.000000e+00 0.000000e+00 0.000000e+00 0.000000e+00 0.000000e+00 0.000000e+00 4.732390e-06 0.000000e+00 0.000000e+00 4.573763e-06 0.000000e+00 0.000000e+00 0.000000e+00 4.378094e-06 0.000000e+00 0.000000e+00 0.000000e+00 0.000000e+00 0.000000e+00 0.000000e+00
SPEC pbar sel0 meanpt 0.6376 yield 0.04473 6.093361e-02 5.123273e-02 4.838310e-02 5.079966e-02 4.607915e-02 4.365393e-02 3.714781e-02 3.474125e-02 2.787218e-02 2.512973e-02 2.187027e-02 1.977080e-02 1.571541e-02 1.340607e-02 1.116437e-02 9.358604e-03 8.488264e-03 6.937856e-03 5.333841e-03 4.827117e-03 3.460372e-03 2.897572e-03 2.627320e-03 2.147866e-03 2.115879e-03 1.640589e-03 1.184010e-03 1.058277e-03 1.084966e-03 7.553116e-04 6.858199e-04 6.063045e-04 6.156323e-04 5.701073e-04 3.954160e-04 2.689943e-04 2.740829e-04 2.061435e-04 2.952782e-04 1.496575e-04 2.582408e-04 4.382924e-05 1.176944e-04 6.272116e-05 6.131170e-05 8.994628e-05 6.845374e-05 4.786615e-05 1.875169e-05 6.430503e-05 3.601809e-05 8.829678e-06 5.196896e-05 0.000000e+00 5.006184e-05 0.000000e+00 0.000000e+00 1.581664e-05 3.109254e-05 7.642494e-06 0.000000e+00 7.393958e-06 7.275655e-06 7.161077e-06 0.000000e+00 1.388484e-05 0.000000e+00 0.000000e+00 0.000000e+00 1.308571e-05 6.450048e-06 0.000000e+00 6.272116e-06 6.186781e-06 6.103737e-06 0.000000e+00 0.000000e+00 5.867463e-06 0.000000e+00 0.000000e+00 0.000000e+00 5.579490e-06 0.000000e+00 0.000000e+00 0.000000e+00 0.000000e+00 0.000000e+00 0.000000e+00 0.000000e+00 0.000000e+00 0.000000e+00 0.000000e+00 0.000000e+00 0.000000e+00 4.811941e-06 0.000000e+00 0.000000e+00 0.000000e+00 0.000000e+00 0.000000e+00
SPEC pbar sel1 meanpt 0.6404 yield 0.07661 6.713369e-02 6.549628e-02 5.911039e-02 6.046710e-02 5.394347e-02 5.209932e-02 4.414701e-02 4.022563e-02 3.385580e-02 3.111073e-02 2.584764e-02 2.374240e-02 1.846995e-02 1.652568e-02 1.355095e-02 1.162031e-02 9.774824e-03 8.233818e-03 6.195594e-03 5.751917e-03 4.173391e-03 3.522329e-03 3.220234e-03 2.647722e-03 2.456111e-03 1.926361e-03 1.452040e-03 1.399239e-03 1.378869e-03 8.880852e-04 7.381753e-04 7.537271e-04 6.801537e-04 5.987533e-04 4.627455e-04 3.689931e-04 2.803779e-04 2.619851e-04 3.189754e-04 1.969034e-04 2.729012e-04 1.183668e-04 1.541089e-04 8.469347e-05 7.359133e-05 8.097068e-05 7.922937e-05 8.617932e-05 6.752194e-05 8.269733e-05 4.052988e-05 3.974289e-05 4.678306e-05 2.295430e-05 5.257729e-05 7.375707e-06 7.245164e-06 3.559581e-05 3.498733e-05 6.879862e-06 6.766145e-06 6.656126e-06 6.549628e-06 1.289297e-05 0.000000e+00 2.499858e-05 0.000000e+00 0.000000e+00 0.000000e+00 1.177991e-05 5.806408e-06 0.000000e+00 5.646231e-06 5.569412e-06 5.494655e-06 0.000000e+00 0.000000e+00 5.281958e-06 0.000000e+00 0.000000e+00 0.000000e+00 5.022721e-06 4.961840e-06 0.000000e+00 0.000000e+00 0.000000e+00 0.000000e+00 4.678306e-06 0.000000e+00 0.000000e+00 0.000000e+00 0.000000e+00 0.000000e+00 0.000000e+00 4.331765e-06 0.000000e+00 0.000000e+00 0.000000e+00 0.000000e+00 0.000000e+00
SPEC pinc sel0 meanpt 0.6277 yield 0.07674 1.036781e-01 9.670557e-02 9.531107e-02 8.600863e-02 7.861749e-02 7.192977e-02 6.974834e-02 5.590128e-02 5.071559e-02 4.451552e-02 3.858695e-02 3.289861e-02 2.713819e-02 2.324167e-02 1.891043e-02 1.604751e-02 1.259460e-02 1.101742e-02 9.512427e-03 7.765362e-03 6.565835e-03 5.202939e-03 4.385603e-03 4.179631e-03 2.913974e-03 2.478716e-03 2.316541e-03 1.752771e-03 1.483851e-03 1.341063e-03 1.133094e-03 9.960718e-04 8.115153e-04 8.551609e-04 6.458461e-04 4.995608e-04 4.360409e-04 3.759088e-04 3.897672e-04 2.417543e-04 2.357851e-04 1.862743e-04 1.711919e-04 2.195241e-04 1.021862e-04 1.998806e-04 1.173493e-04 1.340252e-04 1.312618e-04 5.511860e-05 7.203618e-05 9.712646e-05 8.661494e-06 2.549879e-05 2.503092e-05 4.915983e-05 0.000000e+00 0.000000e+00 3.886568e-05 7.642494e-06 7.516172e-06 0.000000e+00 1.455131e-05 3.580539e-05 1.410011e-05 6.942418e-06 1.367604e-05 6.736717e-06 6.638371e-06 0.000000e+00 0.000000e+00 0.000000e+00 0.000000e+00 0.000000e+00 0.000000e+00 6.022893e-06 0.000000e+00 0.000000e+00 0.000000e+00 0.000000e+00 0.000000e+00 0.000000e+00 0.000000e+00 0.000000e+00 5.381401e-06 0.000000e+00 5.256976e-06 0.000000e+00 0.000000e+00 5.080764e-06 0.000000e+00 0.000000e+00 0.000000e+00 0.000000e+00 0.000000e+00 0.000000e+00 0.000000e+00 0.000000e+00 0.000000e+00 0.000000e+00
SPEC pinc sel1 meanpt 0.6338 yield 0.13295 1.285365e-01 1.225326e-01 1.121624e-01 1.039753e-01 9.142189e-02 8.626158e-02 8.294097e-02 6.969896e-02 6.207699e-02 5.399134e-02 4.448289e-02 3.961813e-02 3.173295e-02 2.765399e-02 2.368594e-02 1.927915e-02 1.587789e-02 1.321621e-02 1.148398e-02 9.635511e-03 8.067225e-03 6.587707e-03 5.476217e-03 5.243186e-03 3.792769e-03 3.098231e-03 2.811397e-03 2.203057e-03 1.953398e-03 1.720665e-03 1.395822e-03 1.247548e-03 8.942762e-04 1.014215e-03 7.831077e-04 6.572690e-04 6.168314e-04 6.222147e-04 4.784631e-04 3.419901e-04 2.324714e-04 2.268697e-04 2.022679e-04 2.729012e-04 1.747794e-04 2.069251e-04 1.408522e-04 1.378869e-04 1.519244e-04 7.442759e-05 1.053777e-04 1.033315e-04 2.339153e-05 3.060574e-05 2.253312e-05 5.900566e-05 7.245164e-06 1.423832e-05 4.898226e-05 1.375972e-05 1.353229e-05 6.656126e-06 1.309926e-05 3.223242e-05 1.903962e-05 1.874894e-05 1.231133e-05 6.064471e-06 5.975938e-06 0.000000e+00 5.806408e-06 0.000000e+00 0.000000e+00 0.000000e+00 5.494655e-06 5.421878e-06 0.000000e+00 5.281958e-06 0.000000e+00 0.000000e+00 0.000000e+00 0.000000e+00 0.000000e+00 0.000000e+00 4.844400e-06 0.000000e+00 4.732390e-06 0.000000e+00 0.000000e+00 4.573763e-06 0.000000e+00 0.000000e+00 0.000000e+00 4.378094e-06 0.000000e+00 0.000000e+00 0.000000e+00 0.000000e+00 0.000000e+00 0.000000e+00
SPEC pbarinc sel0 meanpt 0.6147 yield 0.06407 8.457948e-02 8.427633e-02 7.493924e-02 7.912274e-02 7.002817e-02 6.531554e-02 5.722582e-02 5.026265e-02 4.210250e-02 3.719200e-02 3.165776e-02 2.846995e-02 2.266366e-02 1.768388e-02 1.505308e-02 1.287908e-02 1.179538e-02 9.276460e-03 7.005275e-03 6.366198e-03 4.746921e-03 3.997380e-03 3.637827e-03 2.979922e-03 2.839733e-03 2.175563e-03 1.527201e-03 1.488202e-03 1.404074e-03 9.557004e-04 8.349112e-04 6.929195e-04 7.275655e-04 7.058471e-04 5.404019e-04 3.586590e-04 3.862077e-04 3.274045e-04 3.425227e-04 2.302422e-04 2.694687e-04 8.765849e-05 1.711919e-04 7.317469e-05 9.196754e-05 9.994031e-05 6.845374e-05 5.743938e-05 1.875169e-05 8.267789e-05 4.502261e-05 8.829678e-06 6.063045e-05 8.499596e-06 5.006184e-05 0.000000e+00 0.000000e+00 2.372496e-05 3.109254e-05 7.642494e-06 0.000000e+00 7.393958e-06 7.275655e-06 1.432215e-05 0.000000e+00 1.388484e-05 0.000000e+00 6.736717e-06 0.000000e+00 1.308571e-05 6.450048e-06 0.000000e+00 6.272116e-06 1.237356e-05 6.103737e-06 0.000000e+00 0.000000e+00 5.867463e-06 0.000000e+00 0.000000e+00 0.000000e+00 5.579490e-06 0.000000e+00 0.000000e+00 0.000000e+00 0.000000e+00 0.000000e+00 0.000000e+00 0.000000e+00 0.000000e+00 0.000000e+00 0.000000e+00 0.000000e+00 0.000000e+00 4.811941e-06 0.000000e+00 0.000000e+00 0.000000e+00 0.000000e+00 0.000000e+00
SPEC pbarinc sel1 meanpt 0.6177 yield 0.10962 9.251350e-02 1.039753e-01 9.087609e-02 9.333220e-02 8.296196e-02 7.866997e-02 6.732262e-02 5.905581e-02 5.080778e-02 4.545959e-02 3.695862e-02 3.392280e-02 2.652599e-02 2.268112e-02 1.795502e-02 1.595151e-02 1.362025e-02 1.087706e-02 8.430434e-03 7.536271e-03 5.651051e-03 4.931261e-03 4.366419e-03 3.658037e-03 3.308231e-03 2.600588e-03 1.900010e-03 1.860690e-03 1.838492e-03 1.165612e-03 9.394959e-04 8.706847e-04 7.809172e-04 7.942646e-04 5.932634e-04 4.727725e-04 4.373896e-04 3.929777e-04 3.827705e-04 2.694467e-04 2.830086e-04 1.578224e-04 2.215315e-04 1.035142e-04 1.195859e-04 8.996742e-05 7.922937e-05 1.120331e-04 6.752194e-05 1.075065e-04 5.674183e-05 3.974289e-05 6.237741e-05 3.060574e-05 6.008833e-05 1.475141e-05 7.245164e-06 4.271497e-05 3.498733e-05 6.879862e-06 6.766145e-06 6.656126e-06 6.549628e-06 1.933945e-05 0.000000e+00 2.499858e-05 0.000000e+00 0.000000e+00 5.975938e-06 1.177991e-05 5.806408e-06 0.000000e+00 5.646231e-06 1.113882e-05 5.494655e-06 0.000000e+00 0.000000e+00 5.281958e-06 0.000000e+00 0.000000e+00 0.000000e+00 5.022721e-06 4.961840e-06 0.000000e+00 0.000000e+00 0.000000e+00 0.000000e+00 4.678306e-06 0.000000e+00 0.000000e+00 0.000000e+00 0.000000e+00 0.000000e+00 0.000000e+00 4.331765e-06 0.000000e+00 0.000000e+00 0.000000e+00 0.000000e+00 0.000000e+00
SPEC chpm sel0eta05 meanpt 0.5003 yield 2.17401 3.127713e+00 2.989566e+00 3.271334e+00 2.987293e+00 2.535515e+00 2.065773e+00 1.673722e+00 1.329432e+00 1.069484e+00 8.620837e-01 6.866096e-01 5.466903e-01 4.376379e-01 3.544322e-01 2.780931e-01 2.233509e-01 1.755141e-01 1.432031e-01 1.140926e-01 9.136310e-02 7.662728e-02 6.221108e-02 5.224526e-02 4.174600e-02 3.476723e-02 2.869782e-02 2.500835e-02 2.041813e-02 1.692068e-02 1.470700e-02 1.198098e-02 1.103474e-02 9.559091e-03 7.857978e-03 6.458461e-03 5.774410e-03 4.665638e-03 4.388432e-03 4.076020e-03 2.981637e-03 2.908016e-03 2.561819e-03 2.179487e-03 1.924494e-03 1.652350e-03 1.196286e-03 1.245858e-03 1.058799e-03 1.063221e-03 8.231044e-04 8.446243e-04 7.602353e-04 6.487459e-04 5.711729e-04 4.029978e-04 4.760310e-04 2.816902e-04 3.266136e-04 4.080896e-04 2.246893e-04 2.104528e-04 2.122066e-04 2.139042e-04 2.155484e-04 1.875314e-04 1.312117e-04 9.094568e-05 1.273240e-04 7.899661e-05 1.053400e-04 8.578564e-05 7.123018e-05 5.268577e-05 5.629971e-05 4.699878e-05 4.637627e-05 3.744822e-05 6.982281e-05 3.243922e-05 1.601559e-05 2.372496e-05 1.952821e-05 1.157490e-05 1.524838e-05 1.883490e-05 3.350630e-05 7.359766e-06 1.818914e-05 0.000000e+00 1.778268e-05 3.517236e-06 1.043639e-05 1.032356e-05 3.404384e-06 1.347343e-05 0.000000e+00 6.597096e-06 6.529434e-06 3.231572e-06 3.199094e-06
