# gen_world cr_p2.20_s0.335_k0.300_q0.110 mode set ColourReconnection:range=5.4;ColourReconnection:mode=2;TimeShower:alphaSvalue=0.18;MultipartonInteractions:pT0Ref=2.20;StringPT:sigma=0.335;StringFlav:probStoUD=0.30;StringFlav:probQQtoQ=0.11 nev 200000 seed 20260985
SUMMARY nev 200000 nnsd 155351 dnde 2.1860 eps 0.5103 classN 17.5733 15.5305 6.9851 1.4925 meanpt_ch05 0.4846
SPEC pip sel0 meanpt 0.4195 yield 0.76338 3.093063e+00 2.851147e+00 2.365133e+00 1.898946e+00 1.441792e+00 1.122683e+00 8.522310e-01 6.599625e-01 4.981683e-01 3.948479e-01 2.909396e-01 2.248731e-01 1.752705e-01 1.363848e-01 1.067201e-01 8.625171e-02 6.473679e-02 5.199495e-02 4.053228e-02 3.185431e-02 2.479933e-02 2.100211e-02 1.622875e-02 1.424171e-02 1.122901e-02 9.754370e-03 8.167952e-03 6.829194e-03 5.440786e-03 4.531870e-03 3.906192e-03 3.377982e-03 3.232070e-03 2.416169e-03 2.306593e-03 1.742058e-03 1.793997e-03 1.309618e-03 1.086624e-03 1.070626e-03 8.982290e-04 7.450972e-04 7.275655e-04 5.853975e-04 5.109308e-04 4.997015e-04 3.813851e-04 3.829292e-04 3.469062e-04 2.572201e-04 2.791402e-04 1.501045e-04 1.818914e-04 1.954907e-04 1.668728e-04 1.720594e-04 1.287726e-04 8.699152e-05 1.243702e-04 1.299224e-04 4.509703e-05 1.035154e-04 5.820524e-05 5.728862e-05 1.410011e-05 3.471209e-05 4.786615e-05 4.042030e-05 4.646860e-05 3.271427e-05 3.225024e-05 1.907951e-05 6.272116e-06 4.330747e-05 2.441495e-05 1.204579e-05 1.188832e-05 2.346985e-05 5.792719e-06 0.000000e+00 5.648800e-06 5.579490e-06 5.511860e-06 5.445849e-06 5.381401e-06 5.318461e-06 0.000000e+00 5.196896e-06 1.027635e-05 0.000000e+00 0.000000e+00 0.000000e+00 0.000000e+00 0.000000e+00 0.000000e+00 0.000000e+00 0.000000e+00 4.663881e-06 0.000000e+00 0.000000e+00
SPEC pip sel1 meanpt 0.4221 yield 1.29959 3.675856e+00 3.396376e+00 2.805781e+00 2.246376e+00 1.712485e+00 1.330491e+00 1.011247e+00 7.840187e-01 5.926592e-01 4.657422e-01 3.540234e-01 2.711770e-01 2.101098e-01 1.624911e-01 1.270645e-01 1.010474e-01 7.751324e-02 6.278051e-02 4.866586e-02 3.835256e-02 3.064463e-02 2.485451e-02 2.012546e-02 1.691492e-02 1.383265e-02 1.169923e-02 1.036084e-02 8.255495e-03 6.858665e-03 5.806579e-03 4.944405e-03 4.058916e-03 3.744891e-03 3.094866e-03 2.850744e-03 2.089375e-03 1.987222e-03 1.562683e-03 1.319857e-03 1.234571e-03 1.011838e-03 1.007206e-03 8.774422e-04 7.630655e-04 6.077850e-04 6.124401e-04 5.463926e-04 4.658716e-04 4.478166e-04 3.145897e-04 3.408191e-04 2.068865e-04 2.185570e-04 2.604301e-04 2.180558e-04 1.919758e-04 1.595660e-04 1.140298e-04 1.190856e-04 1.377460e-04 8.128154e-05 1.266032e-04 9.835067e-05 6.453456e-05 3.176701e-05 4.379483e-05 4.929858e-05 6.071029e-05 5.384161e-05 5.306691e-05 5.231418e-05 2.865695e-05 5.652337e-06 3.902804e-05 2.750298e-05 1.628322e-05 1.607037e-05 3.701369e-05 1.566093e-05 1.030929e-05 2.545307e-05 1.005631e-05 1.490162e-05 1.472315e-05 4.849638e-06 4.792918e-06 0.000000e+00 9.366730e-06 4.630446e-06 9.157418e-06 4.528115e-06 0.000000e+00 0.000000e+00 0.000000e+00 0.000000e+00 0.000000e+00 0.000000e+00 4.203020e-06 0.000000e+00 0.000000e+00
SPEC pim sel0 meanpt 0.4179 yield 0.75106 3.197650e+00 2.827501e+00 2.356948e+00 1.853213e+00 1.438458e+00 1.091679e+00 8.406879e-01 6.380143e-01 4.852755e-01 3.754621e-01 2.911994e-01 2.234100e-01 1.773077e-01 1.354080e-01 1.048071e-01 8.237919e-02 6.465411e-02 4.887681e-02 4.085182e-02 3.103813e-02 2.577534e-02 2.157316e-02 1.649148e-02 1.308070e-02 1.109909e-02 9.255061e-03 7.790441e-03 6.763052e-03 5.488652e-03 4.362310e-03 3.936010e-03 3.565648e-03 2.868287e-03 2.158263e-03 1.818914e-03 1.703630e-03 1.644497e-03 1.358122e-03 8.622123e-04 1.151211e-03 7.522668e-04 7.779691e-04 6.954670e-04 5.853975e-04 4.189633e-04 4.697195e-04 4.693971e-04 3.350630e-04 3.187787e-04 2.296608e-04 2.251131e-04 2.030826e-04 1.732299e-04 2.039903e-04 1.585292e-04 1.310929e-04 8.048290e-05 6.326656e-05 9.327762e-05 6.878245e-05 7.516172e-05 5.915166e-05 6.548089e-05 4.296646e-05 1.410011e-05 4.859693e-05 7.521823e-05 2.021015e-05 3.319185e-05 2.617142e-05 5.160039e-05 0.000000e+00 5.644904e-05 1.237356e-05 2.441495e-05 2.409157e-05 0.000000e+00 1.760239e-05 0.000000e+00 3.431913e-05 0.000000e+00 0.000000e+00 5.511860e-06 2.178340e-05 5.381401e-06 5.318461e-06 0.000000e+00 5.196896e-06 5.138174e-06 5.080764e-06 1.004925e-05 9.939419e-06 0.000000e+00 0.000000e+00 0.000000e+00 0.000000e+00 4.712211e-06 0.000000e+00 0.000000e+00 0.000000e+00
SPEC pim sel1 meanpt 0.4209 yield 1.27929 3.762733e+00 3.337093e+00 2.805617e+00 2.200011e+00 1.703379e+00 1.295099e+00 1.002420e+00 7.589940e-01 5.783405e-01 4.524993e-01 3.442273e-01 2.697873e-01 2.111261e-01 1.602145e-01 1.245210e-01 9.745176e-02 7.853152e-02 5.849523e-02 4.979556e-02 3.841560e-02 3.076457e-02 2.651275e-02 1.988869e-02 1.625227e-02 1.374902e-02 1.152246e-02 9.448468e-03 7.957463e-03 6.700499e-03 5.445404e-03 4.984713e-03 4.254057e-03 3.505319e-03 2.678955e-03 2.244961e-03 2.158636e-03 1.998450e-03 1.650106e-03 1.181485e-03 1.462811e-03 1.021957e-03 9.183345e-04 9.160111e-04 6.971216e-04 5.617407e-04 5.674077e-04 5.287670e-04 3.882263e-04 3.802217e-04 2.566389e-04 3.245897e-04 3.023726e-04 2.185570e-04 2.451107e-04 2.255749e-04 1.698247e-04 9.428899e-05 7.839546e-05 1.330956e-04 9.642222e-05 8.805501e-05 7.995989e-05 8.523725e-05 3.872074e-05 3.812041e-05 5.005123e-05 8.627252e-05 3.035514e-05 5.982401e-05 2.948161e-05 5.812687e-05 1.146278e-05 6.217571e-05 4.460348e-05 2.200239e-05 2.171096e-05 0.000000e+00 2.115068e-05 0.000000e+00 3.608253e-05 0.000000e+00 0.000000e+00 9.934411e-06 1.472315e-05 4.849638e-06 4.792918e-06 0.000000e+00 9.366730e-06 4.630446e-06 4.578709e-06 1.358435e-05 1.343588e-05 0.000000e+00 0.000000e+00 4.336449e-06 0.000000e+00 8.493149e-06 0.000000e+00 0.000000e+00 0.000000e+00
SPEC kp sel0 meanpt 0.5508 yield 0.10673 2.128129e-01 1.991710e-01 1.747976e-01 1.574660e-01 1.436942e-01 1.310445e-01 1.084352e-01 9.191577e-02 7.955072e-02 6.179520e-02 5.309496e-02 4.175593e-02 3.492314e-02 2.634056e-02 2.308139e-02 1.648757e-02 1.383477e-02 1.317413e-02 1.000402e-02 7.508849e-03 6.565835e-03 5.435591e-03 4.143081e-03 3.270175e-03 2.728370e-03 2.532213e-03 2.007669e-03 1.885056e-03 1.659360e-03 1.202333e-03 1.282185e-03 9.238926e-04 9.234485e-04 7.329950e-04 5.535824e-04 5.892255e-04 5.232491e-04 4.850436e-04 3.425227e-04 2.993149e-04 2.133294e-04 2.958474e-04 2.139898e-04 1.986170e-04 1.124048e-04 1.798926e-04 7.823284e-05 1.627449e-04 1.125101e-04 6.430503e-05 8.104071e-05 5.297807e-05 3.464597e-05 3.399839e-05 6.674912e-05 6.554644e-05 4.828974e-05 4.744992e-05 1.554627e-05 1.528499e-05 3.006469e-05 4.436375e-05 7.275655e-06 7.161077e-06 1.410011e-05 1.388484e-05 3.419011e-05 1.347343e-05 6.638371e-06 6.542855e-06 0.000000e+00 6.359838e-06 0.000000e+00 1.237356e-05 6.103737e-06 0.000000e+00 0.000000e+00 5.867463e-06 0.000000e+00 0.000000e+00 0.000000e+00 0.000000e+00 0.000000e+00 0.000000e+00 0.000000e+00 5.318461e-06 1.051395e-05 0.000000e+00 0.000000e+00 0.000000e+00 0.000000e+00 0.000000e+00 0.000000e+00 0.000000e+00 0.000000e+00 0.000000e+00 0.000000e+00 0.000000e+00 0.000000e+00 0.000000e+00
SPEC kp sel1 meanpt 0.5572 yield 0.18149 2.425983e-01 2.278457e-01 2.048972e-01 1.840562e-01 1.702013e-01 1.493142e-01 1.260906e-01 1.095517e-01 9.372240e-02 7.363359e-02 6.314737e-02 5.049380e-02 4.222522e-02 3.296569e-02 2.707470e-02 2.080698e-02 1.683883e-02 1.526777e-02 1.193942e-02 9.519840e-03 7.656160e-03 6.861674e-03 5.336434e-03 3.958440e-03 3.562703e-03 3.262285e-03 2.458767e-03 2.533275e-03 1.955510e-03 1.430808e-03 1.571998e-03 1.118804e-03 1.109597e-03 9.174503e-04 7.008079e-04 7.618714e-04 6.287257e-04 5.682483e-04 3.725404e-04 3.734835e-04 2.731963e-04 3.159861e-04 2.699822e-04 2.166729e-04 1.749684e-04 1.891359e-04 7.931505e-05 1.552905e-04 1.605380e-04 6.622941e-05 8.926216e-05 7.957174e-05 5.463926e-05 3.829855e-05 7.519164e-05 6.645315e-05 5.077099e-05 4.988802e-05 2.101510e-05 2.754921e-05 3.386731e-05 4.664327e-05 6.556711e-06 1.290691e-05 1.270680e-05 1.876921e-05 4.313626e-05 1.214206e-05 5.982401e-06 5.896323e-06 0.000000e+00 5.731391e-06 0.000000e+00 1.672630e-05 5.500597e-06 0.000000e+00 0.000000e+00 5.287670e-06 0.000000e+00 5.154647e-06 0.000000e+00 5.028153e-06 0.000000e+00 0.000000e+00 4.849638e-06 4.792918e-06 9.475016e-06 0.000000e+00 0.000000e+00 0.000000e+00 0.000000e+00 0.000000e+00 0.000000e+00 0.000000e+00 0.000000e+00 0.000000e+00 0.000000e+00 0.000000e+00 0.000000e+00 0.000000e+00
SPEC km sel0 meanpt 0.5483 yield 0.10182 1.818914e-01 1.909859e-01 1.738881e-01 1.529187e-01 1.368227e-01 1.216192e-01 1.036781e-01 9.312838e-02 7.473595e-02 5.839670e-02 5.053981e-02 4.155822e-02 3.055775e-02 2.586899e-02 2.185832e-02 1.657558e-02 1.380721e-02 1.174499e-02 8.775029e-03 7.345613e-03 5.878197e-03 5.224089e-03 3.920769e-03 3.715228e-03 2.691250e-03 2.157731e-03 1.698797e-03 1.851985e-03 1.388118e-03 1.402722e-03 1.118185e-03 7.650986e-04 8.534902e-04 6.379772e-04 5.535824e-04 4.611330e-04 3.986660e-04 4.971697e-04 4.606340e-04 3.223391e-04 2.245572e-04 1.862743e-04 1.604924e-04 2.299776e-04 1.532792e-04 1.399164e-04 9.779106e-05 9.573230e-05 9.375843e-05 3.674573e-05 5.402714e-05 3.531871e-05 5.196896e-05 4.249798e-05 4.171820e-05 4.915983e-05 4.024145e-05 5.535824e-05 1.554627e-05 4.585497e-05 1.503234e-05 2.957583e-05 0.000000e+00 0.000000e+00 7.050053e-06 6.942418e-06 1.367604e-05 1.347343e-05 1.327674e-05 2.617142e-05 0.000000e+00 0.000000e+00 0.000000e+00 1.237356e-05 1.831121e-05 6.022893e-06 0.000000e+00 5.867463e-06 1.737816e-05 0.000000e+00 0.000000e+00 0.000000e+00 5.511860e-06 0.000000e+00 5.381401e-06 0.000000e+00 0.000000e+00 0.000000e+00 5.138174e-06 0.000000e+00 0.000000e+00 4.969709e-06 0.000000e+00 0.000000e+00 0.000000e+00 0.000000e+00 0.000000e+00 0.000000e+00 0.000000e+00 0.000000e+00
SPEC km sel1 meanpt 0.5531 yield 0.17402 2.114539e-01 2.155519e-01 2.075199e-01 1.801925e-01 1.641910e-01 1.453653e-01 1.223709e-01 1.103713e-01 8.894950e-02 7.091601e-02 6.006416e-02 4.949604e-02 3.747160e-02 3.041585e-02 2.588770e-02 2.011959e-02 1.698784e-02 1.351151e-02 1.123058e-02 8.868372e-03 7.196390e-03 6.385169e-03 4.698976e-03 4.603648e-03 3.161271e-03 2.667682e-03 2.381447e-03 2.190538e-03 1.639178e-03 1.791982e-03 1.424204e-03 1.014729e-03 9.582886e-04 7.584255e-04 6.651736e-04 6.118058e-04 5.276805e-04 5.901040e-04 5.109126e-04 3.631090e-04 2.833147e-04 1.974913e-04 2.314133e-04 2.637757e-04 1.565507e-04 1.801294e-04 1.586301e-04 1.207815e-04 1.013924e-04 8.278676e-05 7.303267e-05 4.774304e-05 7.805609e-05 5.361797e-05 3.759582e-05 4.430210e-05 5.077099e-05 5.701488e-05 2.101510e-05 6.198571e-05 4.741423e-05 3.331662e-05 2.622684e-05 0.000000e+00 6.353402e-06 6.256404e-06 1.232465e-05 1.214206e-05 1.196480e-05 2.358529e-05 0.000000e+00 0.000000e+00 0.000000e+00 1.672630e-05 1.100119e-05 1.085548e-05 0.000000e+00 5.287670e-06 1.566093e-05 0.000000e+00 1.018123e-05 5.028153e-06 4.967205e-06 0.000000e+00 4.849638e-06 0.000000e+00 0.000000e+00 0.000000e+00 4.630446e-06 0.000000e+00 0.000000e+00 4.478628e-06 0.000000e+00 0.000000e+00 0.000000e+00 0.000000e+00 0.000000e+00 0.000000e+00 0.000000e+00 0.000000e+00
SPEC p sel0 meanpt 0.6259 yield 0.05226 6.729980e-02 6.881557e-02 6.384387e-02 6.080368e-02 5.598212e-02 5.002012e-02 4.806129e-02 3.807593e-02 3.466635e-02 3.125659e-02 2.520495e-02 2.008713e-02 1.782535e-02 1.589865e-02 1.216791e-02 1.170559e-02 8.956772e-03 7.639437e-03 6.218718e-03 5.550019e-03 3.948374e-03 3.447476e-03 2.950682e-03 2.728370e-03 2.264362e-03 1.872411e-03 1.389925e-03 1.207097e-03 1.228564e-03 1.032773e-03 9.243659e-04 6.640478e-04 5.456741e-04 4.886634e-04 3.690549e-04 3.970868e-04 3.239161e-04 3.274045e-04 2.244114e-04 2.302422e-04 1.796458e-04 9.861580e-05 9.629543e-05 9.408174e-05 3.065585e-05 1.099343e-04 5.867463e-05 8.615907e-05 6.563090e-05 3.674573e-05 1.800905e-05 2.648903e-05 3.464597e-05 2.549879e-05 2.503092e-05 2.457991e-05 1.609658e-05 2.372496e-05 2.331941e-05 1.528499e-05 7.516172e-06 7.393958e-06 7.275655e-06 0.000000e+00 0.000000e+00 6.942418e-06 0.000000e+00 0.000000e+00 6.638371e-06 0.000000e+00 6.450048e-06 6.359838e-06 1.254423e-05 0.000000e+00 0.000000e+00 0.000000e+00 0.000000e+00 0.000000e+00 5.792719e-06 0.000000e+00 0.000000e+00 0.000000e+00 0.000000e+00 0.000000e+00 0.000000e+00 0.000000e+00 0.000000e+00 0.000000e+00 0.000000e+00 0.000000e+00 0.000000e+00 0.000000e+00 0.000000e+00 0.000000e+00 0.000000e+00 0.000000e+00 0.000000e+00 0.000000e+00 4.616532e-06 0.000000e+00
SPEC p sel1 meanpt 0.6290 yield 0.09113 8.769601e-02 8.113930e-02 7.589393e-02 7.809511e-02 6.584031e-02 5.856335e-02 5.762340e-02 4.698976e-02 4.242578e-02 3.718345e-02 3.133952e-02 2.501528e-02 2.222725e-02 1.945765e-02 1.557219e-02 1.377438e-02 1.120105e-02 8.734476e-03 7.376300e-03 6.724832e-03 5.037473e-03 4.536329e-03 3.624404e-03 3.243479e-03 2.676209e-03 2.201641e-03 1.824745e-03 1.594473e-03 1.524148e-03 1.236329e-03 1.182358e-03 9.106543e-04 6.934983e-04 5.749355e-04 4.394897e-04 5.079142e-04 4.266353e-04 3.824748e-04 2.767443e-04 2.697381e-04 2.023676e-04 1.382439e-04 1.253489e-04 1.318879e-04 3.683546e-05 1.080777e-04 5.287670e-05 9.489977e-05 6.759496e-05 5.795073e-05 2.434422e-05 2.387152e-05 3.902804e-05 5.361797e-05 3.759582e-05 2.953473e-05 1.450600e-05 2.850744e-05 2.101510e-05 2.066190e-05 1.354692e-05 6.663324e-06 1.311342e-05 0.000000e+00 6.353402e-06 1.876921e-05 0.000000e+00 6.071029e-06 1.196480e-05 0.000000e+00 5.812687e-06 5.731391e-06 1.130467e-05 0.000000e+00 0.000000e+00 0.000000e+00 0.000000e+00 0.000000e+00 5.220311e-06 0.000000e+00 0.000000e+00 0.000000e+00 0.000000e+00 0.000000e+00 0.000000e+00 0.000000e+00 0.000000e+00 0.000000e+00 0.000000e+00 0.000000e+00 0.000000e+00 0.000000e+00 0.000000e+00 0.000000e+00 0.000000e+00 0.000000e+00 0.000000e+00 0.000000e+00 8.320699e-06 0.000000e+00
SPEC pbar sel0 meanpt 0.6170 yield 0.04435 5.820524e-02 5.790208e-02 5.675011e-02 5.209888e-02 5.072748e-02 4.191769e-02 4.036589e-02 3.504440e-02 2.878163e-02 2.742730e-02 2.178366e-02 1.886134e-02 1.615195e-02 1.205872e-02 1.063124e-02 8.918544e-03 7.330773e-03 5.560679e-03 4.743923e-03 4.570603e-03 3.016735e-03 2.601470e-03 2.627320e-03 2.612270e-03 1.818914e-03 1.604924e-03 1.424244e-03 1.124419e-03 9.573230e-04 7.090680e-04 5.814560e-04 5.485613e-04 4.057577e-04 3.122016e-04 3.295133e-04 3.202313e-04 2.865412e-04 1.818914e-04 2.126003e-04 1.381453e-04 1.235065e-04 1.534024e-04 1.069949e-04 1.149888e-04 7.153031e-05 5.996419e-05 2.933732e-05 3.829292e-05 2.812753e-05 6.430503e-05 2.701357e-05 4.414839e-05 8.661494e-06 1.699919e-05 1.668728e-05 3.277322e-05 1.609658e-05 7.908320e-06 1.554627e-05 3.821247e-05 0.000000e+00 7.393958e-06 7.275655e-06 1.432215e-05 0.000000e+00 6.942418e-06 2.051406e-05 0.000000e+00 0.000000e+00 6.542855e-06 0.000000e+00 0.000000e+00 0.000000e+00 1.237356e-05 6.103737e-06 0.000000e+00 0.000000e+00 0.000000e+00 0.000000e+00 0.000000e+00 0.000000e+00 0.000000e+00 0.000000e+00 0.000000e+00 5.381401e-06 0.000000e+00 0.000000e+00 0.000000e+00 0.000000e+00 0.000000e+00 0.000000e+00 0.000000e+00 0.000000e+00 0.000000e+00 0.000000e+00 0.000000e+00 0.000000e+00 0.000000e+00 0.000000e+00 0.000000e+00
SPEC pbar sel1 meanpt 0.6167 yield 0.07659 7.458259e-02 7.403620e-02 6.704237e-02 6.392793e-02 5.937466e-02 5.237918e-02 4.816661e-02 4.092481e-02 3.586907e-02 3.179142e-02 2.650004e-02 2.334047e-02 1.871941e-02 1.496509e-02 1.294385e-02 1.078685e-02 8.891298e-03 6.931380e-03 5.914331e-03 5.127684e-03 3.758115e-03 3.392717e-03 3.405847e-03 3.051661e-03 2.157693e-03 1.815952e-03 1.608250e-03 1.296441e-03 1.193436e-03 9.862849e-04 9.136401e-04 6.374580e-04 4.917533e-04 3.914454e-04 3.325868e-04 3.578487e-04 3.592718e-04 2.076292e-04 2.235242e-04 2.178654e-04 1.720125e-04 1.382439e-04 1.349911e-04 1.507290e-04 9.208864e-05 5.403883e-05 3.525114e-05 4.313626e-05 3.379748e-05 6.622941e-05 4.057371e-05 5.570022e-05 3.122243e-05 2.297913e-05 1.503833e-05 2.953473e-05 1.450600e-05 7.126860e-06 2.802013e-05 3.443651e-05 0.000000e+00 6.663324e-06 6.556711e-06 1.290691e-05 0.000000e+00 6.256404e-06 1.848697e-05 0.000000e+00 5.982401e-06 5.896323e-06 0.000000e+00 0.000000e+00 0.000000e+00 1.115087e-05 5.500597e-06 0.000000e+00 0.000000e+00 0.000000e+00 0.000000e+00 0.000000e+00 0.000000e+00 0.000000e+00 0.000000e+00 0.000000e+00 4.849638e-06 0.000000e+00 0.000000e+00 0.000000e+00 0.000000e+00 0.000000e+00 0.000000e+00 0.000000e+00 0.000000e+00 0.000000e+00 0.000000e+00 0.000000e+00 0.000000e+00 0.000000e+00 0.000000e+00 0.000000e+00
SPEC pinc sel0 meanpt 0.6031 yield 0.07569 1.045875e-01 1.064064e-01 9.822134e-02 9.705203e-02 8.720680e-02 7.507153e-02 7.170717e-02 6.026667e-02 5.135756e-02 4.499418e-02 3.715781e-02 2.890491e-02 2.553755e-02 2.250064e-02 1.756192e-02 1.613552e-02 1.207097e-02 9.978041e-03 8.480070e-03 7.788681e-03 5.545468e-03 4.653035e-03 3.819719e-03 3.657177e-03 2.858293e-03 2.407386e-03 2.230743e-03 1.521273e-03 1.643404e-03 1.233162e-03 1.088366e-03 8.661494e-04 7.975237e-04 6.515512e-04 4.481381e-04 4.867515e-04 3.737494e-04 4.122871e-04 3.189004e-04 2.993149e-04 2.133294e-04 1.534024e-04 1.069949e-04 1.358958e-04 5.109308e-05 1.499105e-04 8.801195e-05 8.615907e-05 7.500675e-05 6.430503e-05 1.800905e-05 3.531871e-05 4.330747e-05 2.549879e-05 2.503092e-05 2.457991e-05 1.609658e-05 2.372496e-05 2.331941e-05 2.292748e-05 7.516172e-06 7.393958e-06 1.455131e-05 0.000000e+00 0.000000e+00 6.942418e-06 6.838021e-06 6.736717e-06 6.638371e-06 0.000000e+00 6.450048e-06 1.271968e-05 1.254423e-05 0.000000e+00 0.000000e+00 0.000000e+00 0.000000e+00 0.000000e+00 1.158544e-05 0.000000e+00 0.000000e+00 0.000000e+00 0.000000e+00 0.000000e+00 0.000000e+00 0.000000e+00 0.000000e+00 0.000000e+00 0.000000e+00 0.000000e+00 0.000000e+00 0.000000e+00 0.000000e+00 0.000000e+00 0.000000e+00 0.000000e+00 0.000000e+00 0.000000e+00 4.616532e-06 0.000000e+00
SPEC pinc sel1 meanpt 0.6074 yield 0.13168 1.253971e-01 1.267631e-01 1.176930e-01 1.200112e-01 1.027218e-01 8.903716e-02 8.630902e-02 7.163207e-02 6.224054e-02 5.417914e-02 4.640434e-02 3.527796e-02 3.235737e-02 2.804815e-02 2.210064e-02 1.914137e-02 1.517481e-02 1.168500e-02 1.027809e-02 9.267659e-03 6.776601e-03 5.965845e-03 4.953960e-03 4.376953e-03 3.579429e-03 2.892667e-03 2.768046e-03 2.011718e-03 1.984268e-03 1.514156e-03 1.424204e-03 1.170841e-03 9.708976e-04 7.461929e-04 5.463926e-04 6.002623e-04 4.939988e-04 4.808255e-04 3.618964e-04 3.527345e-04 2.529595e-04 1.974913e-04 1.735600e-04 1.978318e-04 9.208864e-05 1.441035e-04 8.812784e-05 9.489977e-05 8.449370e-05 8.278676e-05 2.434422e-05 3.182869e-05 4.683365e-05 5.361797e-05 3.759582e-05 2.953473e-05 1.450600e-05 2.850744e-05 2.101510e-05 2.754921e-05 1.354692e-05 1.332665e-05 1.967013e-05 0.000000e+00 6.353402e-06 1.876921e-05 6.162323e-06 1.214206e-05 1.196480e-05 0.000000e+00 5.812687e-06 1.146278e-05 1.130467e-05 0.000000e+00 0.000000e+00 0.000000e+00 0.000000e+00 0.000000e+00 1.044062e-05 0.000000e+00 0.000000e+00 0.000000e+00 0.000000e+00 0.000000e+00 0.000000e+00 0.000000e+00 0.000000e+00 0.000000e+00 0.000000e+00 0.000000e+00 0.000000e+00 0.000000e+00 0.000000e+00 0.000000e+00 0.000000e+00 0.000000e+00 0.000000e+00 0.000000e+00 8.320699e-06 0.000000e+00
SPEC pbarinc sel0 meanpt 0.5900 yield 0.06542 9.185514e-02 9.882764e-02 8.912677e-02 8.457948e-02 7.851644e-02 6.647303e-02 6.205294e-02 5.705326e-02 4.515186e-02 4.126062e-02 3.204753e-02 2.657196e-02 2.244539e-02 1.714495e-02 1.455131e-02 1.226300e-02 1.019694e-02 8.237080e-03 6.611997e-03 6.412837e-03 4.325465e-03 3.637827e-03 3.455936e-03 3.289525e-03 2.190120e-03 2.175563e-03 1.836073e-03 1.388989e-03 1.276431e-03 8.477987e-04 7.305473e-04 7.362269e-04 5.736574e-04 4.343674e-04 4.349576e-04 4.355145e-04 3.862077e-04 2.910262e-04 2.598448e-04 2.072180e-04 1.347343e-04 1.643597e-04 1.390934e-04 1.358958e-04 8.174893e-05 8.994628e-05 3.911642e-05 4.786615e-05 2.812753e-05 8.267789e-05 5.402714e-05 4.414839e-05 2.598448e-05 1.699919e-05 1.668728e-05 3.277322e-05 1.609658e-05 2.372496e-05 2.331941e-05 4.585497e-05 0.000000e+00 7.393958e-06 7.275655e-06 1.432215e-05 0.000000e+00 1.388484e-05 2.051406e-05 0.000000e+00 0.000000e+00 6.542855e-06 0.000000e+00 0.000000e+00 0.000000e+00 1.237356e-05 6.103737e-06 0.000000e+00 0.000000e+00 0.000000e+00 0.000000e+00 0.000000e+00 0.000000e+00 0.000000e+00 0.000000e+00 0.000000e+00 5.381401e-06 0.000000e+00 0.000000e+00 0.000000e+00 0.000000e+00 0.000000e+00 0.000000e+00 0.000000e+00 0.000000e+00 0.000000e+00 0.000000e+00 0.000000e+00 0.000000e+00 0.000000e+00 0.000000e+00 0.000000e+00
SPEC pbarinc sel1 meanpt 0.5913 yield 0.11338 1.139229e-01 1.234847e-01 1.099888e-01 1.035024e-01 9.234035e-02 8.255495e-02 7.496086e-02 6.556711e-02 5.544278e-02 4.831261e-02 3.879387e-02 3.321117e-02 2.655468e-02 2.118789e-02 1.808748e-02 1.477904e-02 1.261670e-02 1.023315e-02 8.262342e-03 7.418330e-03 5.277353e-03 4.631630e-03 4.443993e-03 3.888688e-03 2.692935e-03 2.523048e-03 2.072168e-03 1.698784e-03 1.596042e-03 1.125198e-03 1.142050e-03 8.716263e-04 6.934983e-04 5.137721e-04 4.751240e-04 4.848272e-04 4.939988e-04 3.278356e-04 2.767443e-04 2.801127e-04 2.226044e-04 1.481185e-04 1.928444e-04 1.695701e-04 1.105064e-04 8.105824e-05 5.287670e-05 5.176351e-05 5.069622e-05 8.278676e-05 7.303267e-05 5.570022e-05 5.463926e-05 3.063884e-05 1.503833e-05 2.953473e-05 1.450600e-05 2.138058e-05 3.502517e-05 4.821111e-05 0.000000e+00 6.663324e-06 6.556711e-06 1.290691e-05 0.000000e+00 1.251281e-05 2.464929e-05 1.214206e-05 5.982401e-06 5.896323e-06 0.000000e+00 0.000000e+00 0.000000e+00 1.115087e-05 5.500597e-06 0.000000e+00 0.000000e+00 0.000000e+00 0.000000e+00 0.000000e+00 0.000000e+00 0.000000e+00 0.000000e+00 0.000000e+00 4.849638e-06 0.000000e+00 0.000000e+00 0.000000e+00 0.000000e+00 0.000000e+00 0.000000e+00 0.000000e+00 0.000000e+00 0.000000e+00 0.000000e+00 0.000000e+00 0.000000e+00 0.000000e+00 0.000000e+00 0.000000e+00
SPEC chpm sel0eta05 meanpt 0.4846 yield 2.18605 3.223206e+00 3.144902e+00 3.427306e+00 3.152450e+00 2.647914e+00 2.163234e+00 1.740421e+00 1.390378e+00 1.082703e+00 8.712644e-01 6.766056e-01 5.361722e-01 4.248291e-01 3.322212e-01 2.647460e-01 2.104542e-01 1.666786e-01 1.329626e-01 1.087760e-01 8.631911e-02 6.844439e-02 5.812487e-02 4.556783e-02 3.930788e-02 3.180500e-02 2.707506e-02 2.301441e-02 1.929537e-02 1.626173e-02 1.328269e-02 1.204359e-02 9.660452e-03 8.569882e-03 6.841287e-03 5.904879e-03 5.209522e-03 4.735405e-03 4.150761e-03 3.133492e-03 3.199216e-03 2.452165e-03 2.193654e-03 2.022204e-03 1.814732e-03 1.337617e-03 1.413156e-03 1.122641e-03 1.005189e-03 9.450850e-04 7.073553e-04 7.185609e-04 5.748120e-04 5.092958e-04 5.354746e-04 4.789250e-04 4.186779e-04 3.042254e-04 2.712554e-04 2.720597e-04 3.102853e-04 2.104528e-04 2.380854e-04 1.884395e-04 1.052678e-04 7.402555e-05 1.166326e-04 1.723181e-04 1.131768e-04 1.161715e-04 9.159997e-05 9.030068e-05 4.451887e-05 6.146674e-05 9.960718e-05 6.408924e-05 3.794422e-05 1.248274e-05 5.339392e-05 3.243922e-05 4.003898e-05 2.372496e-05 1.562257e-05 2.314981e-05 2.668466e-05 1.883490e-05 1.116877e-05 7.359766e-06 1.455131e-05 1.438689e-05 1.066961e-05 1.406895e-05 1.391519e-05 0.000000e+00 0.000000e+00 3.368359e-06 0.000000e+00 6.597096e-06 3.264717e-06 6.463145e-06 0.000000e+00
