# gen_world cr_p2.20_s0.300_k0.270_q0.110 mode set ColourReconnection:range=5.4;ColourReconnection:mode=2;TimeShower:alphaSvalue=0.18;MultipartonInteractions:pT0Ref=2.20;StringPT:sigma=0.300;StringFlav:probStoUD=0.27;StringFlav:probQQtoQ=0.11 nev 200000 seed 20260981
SUMMARY nev 200000 nnsd 156003 dnde 2.2238 eps 0.5195 classN 18.5793 16.1458 6.6103 1.3584 meanpt_ch05 0.4670
SPEC pip sel0 meanpt 0.4065 yield 0.78701 3.354077e+00 3.020003e+00 2.520832e+00 2.029908e+00 1.540418e+00 1.189404e+00 8.983335e-01 6.853667e-01 5.243286e-01 3.879073e-01 3.046680e-01 2.270479e-01 1.757434e-01 1.288060e-01 1.037094e-01 7.926943e-02 6.333127e-02 4.869492e-02 3.537050e-02 2.963896e-02 2.491024e-02 1.992345e-02 1.562245e-02 1.331290e-02 1.037523e-02 8.791416e-03 7.121218e-03 5.737846e-03 5.424830e-03 4.408553e-03 3.458918e-03 2.858293e-03 2.784337e-03 2.321151e-03 2.016622e-03 1.639584e-03 1.407789e-03 1.248987e-03 1.039379e-03 9.324810e-04 8.757732e-04 7.450972e-04 7.703634e-04 6.063045e-04 5.722425e-04 5.596657e-04 4.498389e-04 3.829292e-04 2.718995e-04 2.572201e-04 2.161086e-04 2.030826e-04 2.165373e-04 1.784915e-04 1.668728e-04 1.556728e-04 1.046278e-04 1.581664e-04 1.010508e-04 7.642494e-05 6.764555e-05 8.872749e-05 4.365393e-05 1.432215e-05 4.935037e-05 6.942418e-05 4.786615e-05 1.347343e-05 1.991511e-05 3.271427e-05 3.870029e-05 1.907951e-05 3.136058e-05 1.237356e-05 3.662242e-05 6.022893e-06 1.783249e-05 5.867463e-06 1.737816e-05 1.143971e-05 1.694640e-05 2.231796e-05 1.653558e-05 0.000000e+00 0.000000e+00 1.595538e-05 0.000000e+00 0.000000e+00 5.138174e-06 0.000000e+00 1.004925e-05 0.000000e+00 0.000000e+00 4.863405e-06 0.000000e+00 0.000000e+00 4.712211e-06 4.663881e-06 4.616532e-06 0.000000e+00
SPEC pip sel1 meanpt 0.4081 yield 1.34062 3.962474e+00 3.589759e+00 2.998258e+00 2.416544e+00 1.819863e+00 1.409737e+00 1.072941e+00 8.127356e-01 6.284459e-01 4.634520e-01 3.644753e-01 2.727051e-01 2.112231e-01 1.545572e-01 1.238317e-01 9.456965e-02 7.587847e-02 5.822744e-02 4.349931e-02 3.620418e-02 2.966058e-02 2.383957e-02 1.822765e-02 1.587178e-02 1.274214e-02 1.077016e-02 8.823805e-03 7.286114e-03 6.343165e-03 5.408812e-03 4.401931e-03 3.549663e-03 3.314879e-03 2.887026e-03 2.566775e-03 2.103633e-03 1.822392e-03 1.392919e-03 1.197746e-03 1.064112e-03 1.017685e-03 8.849966e-04 9.505904e-04 6.473021e-04 7.519709e-04 6.547246e-04 5.002292e-04 4.037862e-04 4.207028e-04 2.802986e-04 2.989906e-04 2.535654e-04 2.409626e-04 1.906924e-04 1.946812e-04 1.985263e-04 1.083403e-04 1.845239e-04 1.185879e-04 1.028778e-04 6.070638e-05 9.289666e-05 5.223446e-05 3.855891e-05 6.959534e-05 8.722358e-05 4.295597e-05 3.022828e-05 1.787219e-05 4.110176e-05 4.051876e-05 2.282975e-05 3.940100e-05 1.665640e-05 4.929847e-05 5.405056e-06 1.600321e-05 5.265571e-06 2.599247e-05 1.539931e-05 2.027735e-05 2.002855e-05 1.483934e-05 0.000000e+00 0.000000e+00 1.909154e-05 0.000000e+00 0.000000e+00 9.222186e-06 0.000000e+00 1.352757e-05 0.000000e+00 4.411695e-06 4.364511e-06 0.000000e+00 0.000000e+00 4.228826e-06 4.185454e-06 4.142962e-06 4.101324e-06
SPEC pim sel0 meanpt 0.4039 yield 0.77348 3.279501e+00 2.949975e+00 2.492457e+00 1.958450e+00 1.543752e+00 1.170058e+00 8.909878e-01 6.845785e-01 5.117032e-01 3.953265e-01 2.902900e-01 2.265338e-01 1.711598e-01 1.360480e-01 9.771957e-02 7.677576e-02 5.828791e-02 4.672010e-02 3.470684e-02 2.772677e-02 2.275860e-02 1.776613e-02 1.449068e-02 1.253889e-02 1.054227e-02 8.506096e-03 7.790441e-03 6.531554e-03 5.137633e-03 4.146507e-03 3.622918e-03 2.814985e-03 2.336604e-03 2.171837e-03 1.832094e-03 1.806104e-03 1.644497e-03 1.224735e-03 1.122057e-03 8.864326e-04 8.196339e-04 8.108410e-04 6.419695e-04 5.226763e-04 5.518053e-04 3.298030e-04 3.129314e-04 2.967701e-04 2.437719e-04 3.031523e-04 1.980995e-04 1.059561e-04 1.472454e-04 1.614923e-04 1.084673e-04 1.310929e-04 1.126761e-04 9.489984e-05 8.550449e-05 5.349746e-05 7.516172e-05 2.957583e-05 2.182696e-05 3.580539e-05 3.525026e-05 7.636660e-05 5.470417e-05 4.042030e-05 3.983023e-05 3.925713e-05 1.935015e-05 1.271968e-05 3.136058e-05 1.856034e-05 1.831121e-05 1.204579e-05 1.188832e-05 5.867463e-06 5.792719e-06 1.143971e-05 1.129760e-05 5.579490e-06 1.102372e-05 2.722925e-05 0.000000e+00 0.000000e+00 0.000000e+00 0.000000e+00 0.000000e+00 5.080764e-06 5.024623e-06 0.000000e+00 0.000000e+00 0.000000e+00 4.811941e-06 0.000000e+00 4.712211e-06 4.663881e-06 0.000000e+00 0.000000e+00
SPEC pim sel1 meanpt 0.4059 yield 1.31980 3.920033e+00 3.524194e+00 2.964143e+00 2.352999e+00 1.830655e+00 1.396456e+00 1.052537e+00 8.145312e-01 6.087139e-01 4.726446e-01 3.489293e-01 2.702921e-01 2.063261e-01 1.604517e-01 1.158108e-01 9.075212e-02 7.068471e-02 5.540584e-02 4.281550e-02 3.419516e-02 2.751068e-02 2.150496e-02 1.770168e-02 1.510771e-02 1.324184e-02 1.056212e-02 9.208788e-03 7.790652e-03 6.414759e-03 5.145980e-03 4.656146e-03 3.549663e-03 3.189316e-03 2.606851e-03 2.365691e-03 2.184100e-03 1.945376e-03 1.458212e-03 1.356739e-03 1.177755e-03 1.017685e-03 9.734962e-04 8.161635e-04 6.473021e-04 6.144152e-04 4.125662e-04 4.914533e-04 3.092830e-04 3.029060e-04 3.544953e-04 2.585865e-04 1.664023e-04 2.098706e-04 1.906924e-04 1.347793e-04 1.691150e-04 1.516764e-04 1.277473e-04 1.116121e-04 6.858517e-05 7.419668e-05 4.644833e-05 3.917585e-05 3.855891e-05 6.326849e-05 7.476307e-05 5.522911e-05 4.231959e-05 4.765918e-05 5.284512e-05 3.473036e-05 1.141487e-05 3.940100e-05 1.665640e-05 3.286564e-05 1.081011e-05 1.066880e-05 5.265571e-06 1.559548e-05 1.026621e-05 1.520802e-05 5.007138e-06 1.483934e-05 3.909765e-05 0.000000e+00 0.000000e+00 0.000000e+00 0.000000e+00 0.000000e+00 4.559573e-06 4.509191e-06 0.000000e+00 0.000000e+00 0.000000e+00 4.318325e-06 0.000000e+00 4.228826e-06 4.185454e-06 0.000000e+00 0.000000e+00
SPEC kp sel0 meanpt 0.5252 yield 0.10070 2.055372e-01 1.897733e-01 1.791630e-01 1.691590e-01 1.519803e-01 1.343516e-01 1.090649e-01 8.906614e-02 7.002817e-02 5.868390e-02 4.850436e-02 3.902756e-02 3.084878e-02 2.509427e-02 1.847138e-02 1.560745e-02 1.256704e-02 1.065364e-02 8.725869e-03 6.389517e-03 5.589832e-03 4.801086e-03 3.819719e-03 2.709020e-03 2.375724e-03 2.139898e-03 1.578680e-03 1.504738e-03 1.404074e-03 1.109846e-03 9.243659e-04 8.805852e-04 7.695404e-04 6.922731e-04 6.326656e-04 4.867515e-04 2.740829e-04 2.667740e-04 2.480337e-04 2.647786e-04 2.470130e-04 1.753170e-04 1.604924e-04 1.358958e-04 1.226234e-04 9.994031e-05 2.933732e-05 5.743938e-05 8.438259e-05 7.349146e-05 5.402714e-05 4.414839e-05 4.330747e-05 5.099758e-05 6.674912e-05 2.457991e-05 4.024145e-05 7.908320e-06 3.886568e-05 3.056998e-05 1.503234e-05 2.957583e-05 7.275655e-06 2.864431e-05 7.050053e-06 0.000000e+00 1.367604e-05 2.021015e-05 0.000000e+00 6.542855e-06 0.000000e+00 6.359838e-06 1.254423e-05 0.000000e+00 1.220747e-05 0.000000e+00 5.944162e-06 0.000000e+00 0.000000e+00 0.000000e+00 1.129760e-05 0.000000e+00 0.000000e+00 0.000000e+00 0.000000e+00 0.000000e+00 0.000000e+00 5.196896e-06 0.000000e+00 0.000000e+00 0.000000e+00 0.000000e+00 0.000000e+00 0.000000e+00 0.000000e+00 0.000000e+00 0.000000e+00 4.663881e-06 0.000000e+00 4.570135e-06
SPEC kp sel1 meanpt 0.5298 yield 0.17104 2.383197e-01 2.141069e-01 2.161201e-01 2.026417e-01 1.732080e-01 1.576679e-01 1.311512e-01 1.050674e-01 8.622527e-02 6.911616e-02 5.573231e-02 4.744394e-02 3.633560e-02 2.983531e-02 2.226156e-02 1.906137e-02 1.530925e-02 1.217250e-02 1.008072e-02 7.973290e-03 6.788092e-03 5.618242e-03 4.479831e-03 3.455671e-03 2.914870e-03 2.640529e-03 2.001910e-03 1.825238e-03 1.847107e-03 1.314162e-03 1.123897e-03 1.088218e-03 8.915017e-04 8.283450e-04 8.753058e-04 5.747630e-04 3.577703e-04 2.720545e-04 3.073863e-04 3.512602e-04 2.418262e-04 2.458324e-04 2.016404e-04 1.500990e-04 1.742372e-04 1.255636e-04 6.143166e-05 9.450314e-05 1.009687e-04 1.071730e-04 5.656579e-05 3.961959e-05 4.663791e-05 6.102157e-05 8.985286e-05 2.941130e-05 4.333612e-05 2.838830e-05 4.185454e-05 4.115110e-05 2.023546e-05 3.317738e-05 1.305862e-05 3.213242e-05 6.326849e-06 6.230256e-06 1.227314e-05 2.418262e-05 5.957398e-06 5.871680e-06 5.788394e-06 1.141487e-05 1.125743e-05 0.000000e+00 1.643282e-05 0.000000e+00 5.334402e-06 0.000000e+00 5.198494e-06 0.000000e+00 1.013868e-05 0.000000e+00 0.000000e+00 0.000000e+00 0.000000e+00 0.000000e+00 0.000000e+00 4.663791e-06 0.000000e+00 0.000000e+00 0.000000e+00 0.000000e+00 0.000000e+00 0.000000e+00 0.000000e+00 0.000000e+00 0.000000e+00 4.185454e-06 0.000000e+00 4.101324e-06
SPEC km sel0 meanpt 0.5212 yield 0.09486 2.091751e-01 1.918954e-01 1.720692e-01 1.588951e-01 1.366206e-01 1.249263e-01 1.038180e-01 8.627714e-02 7.109812e-02 5.552473e-02 4.465000e-02 3.550836e-02 2.943002e-02 2.351114e-02 1.787553e-02 1.416992e-02 1.146467e-02 9.510320e-03 7.767253e-03 6.342878e-03 5.168377e-03 4.103131e-03 3.172994e-03 2.805771e-03 2.227241e-03 1.925909e-03 1.475722e-03 1.521273e-03 1.308341e-03 8.786278e-04 7.901838e-04 7.073553e-04 6.016407e-04 7.058471e-04 3.558744e-04 4.995608e-04 3.114578e-04 3.031523e-04 2.480337e-04 2.647786e-04 2.245572e-04 2.410608e-04 1.711919e-04 1.463494e-04 8.174893e-05 1.199284e-04 1.271284e-04 5.743938e-05 5.625506e-05 8.267789e-05 1.800905e-05 5.297807e-05 1.732299e-05 5.099758e-05 8.343641e-06 6.554644e-05 1.609658e-05 3.954160e-05 3.109254e-05 7.642494e-06 7.516172e-06 1.478792e-05 2.182696e-05 7.161077e-06 1.410011e-05 1.388484e-05 6.838021e-06 6.736717e-06 2.655348e-05 6.542855e-06 6.450048e-06 0.000000e+00 1.254423e-05 1.237356e-05 0.000000e+00 1.806868e-05 1.188832e-05 0.000000e+00 0.000000e+00 0.000000e+00 0.000000e+00 0.000000e+00 0.000000e+00 0.000000e+00 0.000000e+00 0.000000e+00 0.000000e+00 0.000000e+00 0.000000e+00 0.000000e+00 0.000000e+00 0.000000e+00 0.000000e+00 0.000000e+00 0.000000e+00 0.000000e+00 0.000000e+00 0.000000e+00 0.000000e+00 0.000000e+00
SPEC km sel1 meanpt 0.5239 yield 0.16171 2.407682e-01 2.301581e-01 2.030615e-01 1.862019e-01 1.668601e-01 1.479482e-01 1.230523e-01 1.015852e-01 8.444892e-02 6.731201e-02 5.122398e-02 4.343409e-02 3.483386e-02 2.774956e-02 2.195198e-02 1.713943e-02 1.355326e-02 1.137965e-02 9.242500e-03 7.575671e-03 6.091367e-03 5.276592e-03 3.935722e-03 3.438306e-03 2.898213e-03 2.400481e-03 1.801719e-03 1.662006e-03 1.503459e-03 1.161995e-03 1.056999e-03 8.679834e-04 7.282690e-04 7.552558e-04 4.021675e-04 6.322393e-04 4.024916e-04 4.026407e-04 2.861872e-04 2.996043e-04 2.418262e-04 2.851656e-04 2.208442e-04 1.594802e-04 1.467260e-04 1.255636e-04 1.053114e-04 6.872956e-05 1.262109e-04 9.892891e-05 3.232331e-05 6.339134e-05 3.109194e-05 4.576618e-05 2.246322e-05 8.823389e-05 1.444537e-05 3.548537e-05 4.185454e-05 1.371703e-05 6.745153e-06 1.990643e-05 1.958792e-05 1.285297e-05 1.898055e-05 1.246051e-05 6.136568e-06 2.418262e-05 2.978699e-05 5.871680e-06 5.788394e-06 0.000000e+00 1.125743e-05 1.110427e-05 0.000000e+00 1.621517e-05 1.600321e-05 0.000000e+00 0.000000e+00 0.000000e+00 0.000000e+00 0.000000e+00 0.000000e+00 4.887207e-06 0.000000e+00 0.000000e+00 0.000000e+00 0.000000e+00 0.000000e+00 0.000000e+00 0.000000e+00 0.000000e+00 0.000000e+00 0.000000e+00 0.000000e+00 0.000000e+00 0.000000e+00 0.000000e+00 0.000000e+00 0.000000e+00
SPEC p sel0 meanpt 0.5998 yield 0.05649 8.548894e-02 8.457948e-02 7.584870e-02 7.132740e-02 6.932082e-02 5.737846e-02 5.162916e-02 4.644293e-02 3.878566e-02 3.460723e-02 2.503172e-02 2.376450e-02 1.826189e-02 1.694284e-02 1.383002e-02 9.505291e-03 9.370161e-03 6.937856e-03 6.513677e-03 5.153589e-03 4.014919e-03 3.384025e-03 2.809211e-03 2.515519e-03 2.134439e-03 1.747584e-03 1.510042e-03 1.190562e-03 1.132832e-03 9.557004e-04 1.058548e-03 5.629971e-04 5.176908e-04 5.158113e-04 3.954160e-04 4.739423e-04 2.491663e-04 2.667740e-04 2.834671e-04 1.381453e-04 2.021015e-04 2.629755e-04 8.559594e-05 6.272116e-05 1.430606e-04 8.994628e-05 7.823284e-05 5.743938e-05 2.812753e-05 5.511860e-05 1.800905e-05 1.765936e-05 4.330747e-05 3.399839e-05 2.503092e-05 2.457991e-05 1.609658e-05 2.372496e-05 7.773135e-06 0.000000e+00 1.503234e-05 7.393958e-06 0.000000e+00 1.432215e-05 7.050053e-06 6.942418e-06 6.838021e-06 0.000000e+00 0.000000e+00 0.000000e+00 0.000000e+00 0.000000e+00 0.000000e+00 6.186781e-06 0.000000e+00 0.000000e+00 0.000000e+00 0.000000e+00 5.792719e-06 0.000000e+00 0.000000e+00 0.000000e+00 0.000000e+00 0.000000e+00 0.000000e+00 0.000000e+00 5.256976e-06 0.000000e+00 0.000000e+00 0.000000e+00 5.024623e-06 0.000000e+00 0.000000e+00 0.000000e+00 0.000000e+00 0.000000e+00 0.000000e+00 0.000000e+00 0.000000e+00 0.000000e+00
SPEC p sel1 meanpt 0.6043 yield 0.09767 1.052851e-01 9.902784e-02 8.683980e-02 8.593036e-02 8.197909e-02 6.996747e-02 6.278181e-02 5.696821e-02 4.628127e-02 3.982019e-02 3.198584e-02 2.870766e-02 2.239553e-02 2.013203e-02 1.632327e-02 1.216347e-02 1.108004e-02 8.791247e-03 7.786641e-03 6.466526e-03 5.115952e-03 4.232662e-03 3.446024e-03 2.899985e-03 2.764962e-03 2.176436e-03 1.924914e-03 1.483934e-03 1.417547e-03 1.051329e-03 1.311213e-03 6.347938e-04 6.780435e-04 5.725326e-04 5.322805e-04 4.713057e-04 2.683277e-04 3.591119e-04 3.073863e-04 2.066237e-04 2.821306e-04 2.949989e-04 9.601924e-05 7.504952e-05 1.925779e-04 9.865713e-05 1.140874e-04 6.013836e-05 5.889840e-05 5.770853e-05 3.232331e-05 3.169567e-05 3.886493e-05 3.051079e-05 2.995095e-05 2.941130e-05 2.889074e-05 2.838830e-05 6.975756e-06 0.000000e+00 2.698061e-05 1.327095e-05 0.000000e+00 2.570594e-05 6.326849e-06 6.230256e-06 1.840970e-05 0.000000e+00 0.000000e+00 0.000000e+00 0.000000e+00 0.000000e+00 0.000000e+00 5.552133e-06 0.000000e+00 0.000000e+00 0.000000e+00 1.053114e-05 5.198494e-06 0.000000e+00 0.000000e+00 5.007138e-06 0.000000e+00 0.000000e+00 0.000000e+00 0.000000e+00 4.717708e-06 0.000000e+00 0.000000e+00 0.000000e+00 4.509191e-06 0.000000e+00 0.000000e+00 0.000000e+00 0.000000e+00 0.000000e+00 0.000000e+00 0.000000e+00 0.000000e+00 0.000000e+00
SPEC pbar sel0 meanpt 0.5930 yield 0.04720 6.002415e-02 6.729980e-02 7.057385e-02 6.327221e-02 5.547687e-02 4.886263e-02 4.491318e-02 3.995547e-02 3.279394e-02 2.876756e-02 2.256319e-02 1.850547e-02 1.644298e-02 1.370922e-02 9.753140e-03 9.211917e-03 6.972502e-03 5.326819e-03 5.358421e-03 4.104215e-03 3.238554e-03 2.918722e-03 2.586899e-03 1.896314e-03 1.837474e-03 1.283939e-03 1.218329e-03 1.091348e-03 9.732783e-04 7.553116e-04 5.367286e-04 6.063045e-04 3.357994e-04 3.800715e-04 3.295133e-04 3.202313e-04 2.117913e-04 1.940175e-04 1.653558e-04 1.841938e-04 1.571901e-04 2.191462e-04 1.283939e-04 9.408174e-05 6.131170e-05 4.997015e-05 5.867463e-05 6.701261e-05 2.812753e-05 2.755930e-05 6.303166e-05 3.531871e-05 2.598448e-05 2.549879e-05 2.503092e-05 8.193305e-06 1.609658e-05 3.954160e-05 3.109254e-05 0.000000e+00 0.000000e+00 1.478792e-05 0.000000e+00 1.432215e-05 7.050053e-06 0.000000e+00 6.838021e-06 0.000000e+00 0.000000e+00 0.000000e+00 0.000000e+00 0.000000e+00 0.000000e+00 0.000000e+00 1.831121e-05 0.000000e+00 0.000000e+00 0.000000e+00 0.000000e+00 0.000000e+00 0.000000e+00 0.000000e+00 0.000000e+00 0.000000e+00 0.000000e+00 0.000000e+00 0.000000e+00 0.000000e+00 0.000000e+00 0.000000e+00 0.000000e+00 0.000000e+00 0.000000e+00 0.000000e+00 0.000000e+00 0.000000e+00 0.000000e+00 0.000000e+00 0.000000e+00 0.000000e+00
SPEC pbar sel1 meanpt 0.5998 yield 0.08133 7.998402e-02 7.862375e-02 8.618687e-02 7.228877e-02 6.438623e-02 5.787341e-02 5.229725e-02 4.646691e-02 4.004002e-02 3.453660e-02 2.759410e-02 2.224933e-02 2.056732e-02 1.650464e-02 1.232688e-02 1.116301e-02 8.705744e-03 6.832454e-03 6.441074e-03 5.085326e-03 3.981285e-03 3.378537e-03 3.083284e-03 2.413760e-03 2.231957e-03 1.696340e-03 1.586129e-03 1.365219e-03 1.245723e-03 9.406630e-04 6.689865e-04 6.995687e-04 4.143599e-04 4.750802e-04 4.258244e-04 3.908389e-04 2.683277e-04 2.285258e-04 2.119905e-04 2.686108e-04 2.115979e-04 2.458324e-04 1.248250e-04 1.219555e-04 1.100445e-04 4.484415e-05 6.143166e-05 6.872956e-05 4.207028e-05 6.595261e-05 7.272744e-05 3.169567e-05 2.331896e-05 2.288309e-05 2.995095e-05 7.352824e-06 2.166806e-05 4.967952e-05 2.790303e-05 0.000000e+00 0.000000e+00 1.327095e-05 6.529308e-06 1.285297e-05 6.326849e-06 0.000000e+00 6.136568e-06 6.045656e-06 0.000000e+00 0.000000e+00 5.788394e-06 0.000000e+00 0.000000e+00 0.000000e+00 1.643282e-05 0.000000e+00 0.000000e+00 0.000000e+00 0.000000e+00 0.000000e+00 0.000000e+00 0.000000e+00 0.000000e+00 0.000000e+00 0.000000e+00 4.772886e-06 0.000000e+00 0.000000e+00 0.000000e+00 0.000000e+00 0.000000e+00 0.000000e+00 0.000000e+00 0.000000e+00 0.000000e+00 0.000000e+00 0.000000e+00 0.000000e+00 0.000000e+00 0.000000e+00
SPEC pinc sel0 meanpt 0.5799 yield 0.08001 1.327807e-01 1.255050e-01 1.164105e-01 1.122530e-01 1.023644e-01 8.623304e-02 7.541496e-02 6.796674e-02 5.633283e-02 4.791401e-02 3.681135e-02 3.234503e-02 2.691992e-02 2.243327e-02 1.850274e-02 1.305511e-02 1.218121e-02 9.588273e-03 8.160531e-03 6.879225e-03 5.567650e-03 4.504984e-03 3.597407e-03 3.405626e-03 2.895414e-03 2.300391e-03 1.887552e-03 1.504738e-03 1.515761e-03 1.233162e-03 1.252367e-03 6.929195e-04 7.275655e-04 6.922731e-04 5.667629e-04 6.532718e-04 3.612911e-04 3.395305e-04 3.543338e-04 1.726817e-04 2.133294e-04 2.958474e-04 1.069949e-04 8.362821e-05 1.634979e-04 9.994031e-05 9.779106e-05 7.658584e-05 2.812753e-05 8.267789e-05 2.701357e-05 2.648903e-05 6.929195e-05 5.099758e-05 2.503092e-05 2.457991e-05 1.609658e-05 2.372496e-05 7.773135e-06 0.000000e+00 3.006469e-05 7.393958e-06 7.275655e-06 1.432215e-05 1.410011e-05 2.082726e-05 6.838021e-06 0.000000e+00 0.000000e+00 0.000000e+00 0.000000e+00 6.359838e-06 0.000000e+00 6.186781e-06 0.000000e+00 0.000000e+00 0.000000e+00 0.000000e+00 5.792719e-06 0.000000e+00 0.000000e+00 0.000000e+00 0.000000e+00 0.000000e+00 0.000000e+00 0.000000e+00 5.256976e-06 0.000000e+00 0.000000e+00 0.000000e+00 5.024623e-06 0.000000e+00 0.000000e+00 0.000000e+00 0.000000e+00 0.000000e+00 0.000000e+00 0.000000e+00 0.000000e+00 0.000000e+00
SPEC pinc sel1 meanpt 0.5841 yield 0.13825 1.550711e-01 1.471815e-01 1.364625e-01 1.350168e-01 1.222432e-01 1.038754e-01 9.260317e-02 8.150753e-02 6.706944e-02 5.618641e-02 4.624926e-02 3.953070e-02 3.248331e-02 2.714499e-02 2.172684e-02 1.640225e-02 1.456728e-02 1.207922e-02 9.948371e-03 8.559253e-03 6.827904e-03 5.561300e-03 4.534242e-03 4.011357e-03 3.747690e-03 2.880577e-03 2.463890e-03 1.929114e-03 1.890063e-03 1.327995e-03 1.552049e-03 8.161635e-04 9.542835e-04 7.674373e-04 7.570212e-04 6.437346e-04 3.913113e-04 4.352872e-04 3.709834e-04 2.479484e-04 3.526632e-04 3.244987e-04 1.440289e-04 1.031931e-04 2.109187e-04 1.076260e-04 1.404152e-04 9.450314e-05 7.572651e-05 8.244076e-05 4.040413e-05 3.961959e-05 6.218389e-05 4.576618e-05 2.995095e-05 3.676412e-05 2.889074e-05 2.838830e-05 6.975756e-06 0.000000e+00 4.047092e-05 1.327095e-05 0.000000e+00 2.570594e-05 1.265370e-05 1.869077e-05 1.840970e-05 0.000000e+00 5.957398e-06 0.000000e+00 0.000000e+00 5.707437e-06 0.000000e+00 5.552133e-06 0.000000e+00 0.000000e+00 0.000000e+00 1.053114e-05 5.198494e-06 0.000000e+00 0.000000e+00 5.007138e-06 0.000000e+00 0.000000e+00 0.000000e+00 0.000000e+00 4.717708e-06 0.000000e+00 0.000000e+00 0.000000e+00 4.509191e-06 0.000000e+00 0.000000e+00 0.000000e+00 0.000000e+00 0.000000e+00 0.000000e+00 0.000000e+00 0.000000e+00 0.000000e+00
SPEC pbarinc sel0 meanpt 0.5727 yield 0.06714 1.054970e-01 1.048907e-01 1.120451e-01 9.419374e-02 8.265952e-02 7.449278e-02 6.667018e-02 5.638632e-02 4.702427e-02 4.063836e-02 3.261052e-02 2.629516e-02 2.189972e-02 1.879544e-02 1.379866e-02 1.208697e-02 9.673313e-03 7.639437e-03 6.808636e-03 5.783213e-03 4.347647e-03 3.912779e-03 3.294255e-03 2.650970e-03 2.338603e-03 1.801081e-03 1.630158e-03 1.322846e-03 1.244520e-03 1.001944e-03 5.814560e-04 8.372777e-04 4.757159e-04 5.158113e-04 4.217771e-04 4.867515e-04 2.616246e-04 2.303957e-04 2.126003e-04 2.187301e-04 1.796458e-04 2.410608e-04 1.711919e-04 1.463494e-04 9.196754e-05 5.996419e-05 6.845374e-05 8.615907e-05 3.750337e-05 4.593216e-05 6.303166e-05 4.414839e-05 2.598448e-05 2.549879e-05 2.503092e-05 8.193305e-06 1.609658e-05 3.954160e-05 3.109254e-05 0.000000e+00 0.000000e+00 1.478792e-05 0.000000e+00 1.432215e-05 7.050053e-06 6.942418e-06 6.838021e-06 6.736717e-06 0.000000e+00 0.000000e+00 0.000000e+00 0.000000e+00 0.000000e+00 0.000000e+00 1.831121e-05 6.022893e-06 0.000000e+00 0.000000e+00 0.000000e+00 0.000000e+00 0.000000e+00 0.000000e+00 0.000000e+00 0.000000e+00 0.000000e+00 0.000000e+00 0.000000e+00 5.196896e-06 0.000000e+00 0.000000e+00 0.000000e+00 0.000000e+00 0.000000e+00 0.000000e+00 0.000000e+00 0.000000e+00 0.000000e+00 0.000000e+00 0.000000e+00 0.000000e+00
SPEC pbarinc sel1 meanpt 0.5782 yield 0.11576 1.428286e-01 1.213363e-01 1.320553e-01 1.105319e-01 9.784894e-02 8.851664e-02 7.847726e-02 6.621807e-02 5.737149e-02 4.939937e-02 3.944790e-02 3.065936e-02 2.774956e-02 2.288281e-02 1.699872e-02 1.469094e-02 1.246504e-02 9.374221e-03 8.249869e-03 7.157126e-03 5.494174e-03 4.536351e-03 3.899448e-03 3.299384e-03 2.848244e-03 2.240449e-03 2.140504e-03 1.706524e-03 1.589371e-03 1.258828e-03 8.429230e-04 9.586682e-04 5.524799e-04 6.456219e-04 5.204521e-04 5.402772e-04 3.130490e-04 2.720545e-04 2.861872e-04 2.996043e-04 2.418262e-04 2.851656e-04 1.824365e-04 1.688614e-04 1.375556e-04 7.175064e-05 7.898356e-05 8.591195e-05 5.048434e-05 8.244076e-05 7.272744e-05 3.961959e-05 2.331896e-05 3.051079e-05 2.995095e-05 1.470565e-05 2.166806e-05 4.967952e-05 2.790303e-05 0.000000e+00 0.000000e+00 1.327095e-05 6.529308e-06 1.285297e-05 6.326849e-06 6.230256e-06 6.136568e-06 1.209131e-05 0.000000e+00 0.000000e+00 5.788394e-06 0.000000e+00 0.000000e+00 0.000000e+00 1.643282e-05 5.405056e-06 0.000000e+00 0.000000e+00 0.000000e+00 0.000000e+00 0.000000e+00 0.000000e+00 0.000000e+00 0.000000e+00 0.000000e+00 4.772886e-06 0.000000e+00 4.663791e-06 0.000000e+00 0.000000e+00 0.000000e+00 0.000000e+00 0.000000e+00 0.000000e+00 0.000000e+00 0.000000e+00 0.000000e+00 0.000000e+00 0.000000e+00 0.000000e+00
SPEC chpm sel0eta05 meanpt 0.4670 yield 2.22381 3.360716e+00 3.365384e+00 3.627077e+00 3.369356e+00 2.828855e+00 2.311219e+00 1.833661e+00 1.450559e+00 1.129925e+00 8.805457e-01 6.839722e-01 5.343177e-01 4.152798e-01 3.233793e-01 2.475134e-01 1.942306e-01 1.558368e-01 1.225948e-01 9.516605e-02 7.822261e-02 6.422096e-02 5.166984e-02 4.119637e-02 3.514954e-02 2.970026e-02 2.452859e-02 2.049195e-02 1.717716e-02 1.522303e-02 1.205262e-02 1.058250e-02 8.569104e-03 7.580672e-03 6.622746e-03 5.858747e-03 5.308154e-03 4.168551e-03 3.352864e-03 3.001207e-03 2.683473e-03 2.475744e-03 2.408417e-03 1.992245e-03 1.500081e-03 1.595126e-03 1.210277e-03 1.088414e-03 8.510601e-04 8.400756e-04 7.652298e-04 5.798913e-04 4.635581e-04 5.032328e-04 4.343294e-04 3.913167e-04 4.244132e-04 2.985916e-04 3.542927e-04 2.666185e-04 1.711919e-04 1.631009e-04 1.656247e-04 1.120451e-04 1.253189e-04 1.381810e-04 1.603699e-04 1.100921e-04 9.902974e-05 8.829033e-05 8.701997e-05 7.675558e-05 4.006698e-05 7.902866e-05 3.897672e-05 9.399755e-05 3.372820e-05 3.744822e-05 1.642890e-05 4.054903e-05 2.001949e-05 3.558744e-05 2.343386e-05 2.314981e-05 3.430885e-05 0.000000e+00 1.861461e-05 3.679883e-06 7.275655e-06 7.193444e-06 3.556535e-06 1.758618e-05 0.000000e+00 6.882376e-06 3.404384e-06 3.368359e-06 0.000000e+00 6.597096e-06 9.794150e-06 3.231572e-06 6.398189e-06
