# gen_world det_p1.15_s0.300_k0.270_q0.110 mode cfgset ../../island_post/official_pp_mb_mdc2.cfg|MultipartonInteractions:pT0Ref=1.15;StringPT:sigma=0.300;StringFlav:probStoUD=0.27;StringFlav:probQQtoQ=0.11 nev 200000 seed 20260962
SUMMARY nev 200000 nnsd 155643 dnde 2.2340 eps 0.4650 classN 7.0947 14.9024 8.0322 2.0408 meanpt_ch05 0.5241
SPEC pip sel0 meanpt 0.4536 yield 0.76870 2.297288e+00 2.228776e+00 1.973339e+00 1.726539e+00 1.418348e+00 1.126486e+00 8.868603e-01 7.042834e-01 5.322462e-01 4.142815e-01 3.173571e-01 2.499029e-01 1.899310e-01 1.519467e-01 1.151874e-01 9.062297e-02 7.104787e-02 5.789342e-02 4.372767e-02 3.642491e-02 2.998989e-02 2.504179e-02 1.849229e-02 1.656372e-02 1.367897e-02 1.168028e-02 8.682739e-03 8.548894e-03 7.610718e-03 5.934591e-03 5.173467e-03 4.143081e-03 3.987618e-03 2.972702e-03 2.702009e-03 2.433758e-03 2.043163e-03 1.891670e-03 1.807103e-03 1.300869e-03 1.212609e-03 1.271048e-03 9.522548e-04 1.024446e-03 6.437728e-04 4.597254e-04 4.596180e-04 4.403686e-04 4.312888e-04 5.328131e-04 3.961990e-04 3.443574e-04 3.031523e-04 2.464883e-04 2.586529e-04 1.720594e-04 1.368209e-04 1.028082e-04 1.399164e-04 1.222799e-04 1.277749e-04 9.612145e-05 1.309618e-04 9.309400e-05 1.198509e-04 6.942418e-05 5.470417e-05 2.694687e-05 3.319185e-05 7.851426e-05 3.870029e-05 4.451887e-05 3.763270e-05 3.712069e-05 2.441495e-05 2.409157e-05 4.160914e-05 3.520478e-05 2.317087e-05 1.143971e-05 0.000000e+00 1.673847e-05 5.511860e-06 1.633755e-05 1.076280e-05 1.063692e-05 1.051395e-05 0.000000e+00 5.138174e-06 0.000000e+00 0.000000e+00 1.490913e-05 0.000000e+00 4.863405e-06 9.623882e-06 0.000000e+00 1.413663e-05 0.000000e+00 0.000000e+00 4.570135e-06
SPEC pip sel1 meanpt 0.4570 yield 1.32298 2.799371e+00 2.660848e+00 2.352879e+00 2.063710e+00 1.691821e+00 1.352462e+00 1.064851e+00 8.424292e-01 6.399567e-01 5.029293e-01 3.835881e-01 3.023589e-01 2.309850e-01 1.817589e-01 1.406202e-01 1.099619e-01 8.621765e-02 6.976809e-02 5.407982e-02 4.421672e-02 3.667264e-02 3.009668e-02 2.270547e-02 2.012058e-02 1.709560e-02 1.401915e-02 1.100510e-02 1.053055e-02 9.874022e-03 7.598171e-03 6.584642e-03 5.375766e-03 4.782454e-03 3.992579e-03 3.473754e-03 3.053290e-03 2.588628e-03 2.399617e-03 2.124809e-03 1.553262e-03 1.504810e-03 1.379846e-03 1.280010e-03 1.175361e-03 8.640092e-04 6.472494e-04 6.597188e-04 5.941636e-04 5.734792e-04 5.701569e-04 4.292744e-04 4.050545e-04 4.129211e-04 2.981682e-04 2.851922e-04 2.432044e-04 1.882242e-04 1.636103e-04 1.817892e-04 1.787339e-04 1.690189e-04 1.197148e-04 1.766991e-04 9.017888e-05 1.331711e-04 6.244666e-05 6.150761e-05 4.847711e-05 3.582706e-05 8.239365e-05 5.221604e-05 6.292702e-05 6.205906e-05 3.338985e-05 2.196111e-05 2.708779e-05 4.812066e-05 4.222200e-05 2.084207e-05 1.028995e-05 5.081064e-06 1.505616e-05 1.487366e-05 1.469553e-05 9.681080e-06 1.435178e-05 9.457240e-06 4.674579e-06 4.621759e-06 4.570119e-06 0.000000e+00 1.341068e-05 0.000000e+00 8.749211e-06 8.656627e-06 0.000000e+00 2.119304e-05 0.000000e+00 0.000000e+00 8.221621e-06
SPEC pim sel0 meanpt 0.4542 yield 0.75323 2.219075e+00 2.165417e+00 1.954423e+00 1.657680e+00 1.400058e+00 1.115159e+00 8.598564e-01 6.735437e-01 5.346001e-01 4.142336e-01 3.164044e-01 2.453161e-01 1.861840e-01 1.467594e-01 1.115496e-01 8.575298e-02 6.887068e-02 5.451544e-02 4.380141e-02 3.490915e-02 2.881425e-02 2.311712e-02 1.988679e-02 1.652502e-02 1.401306e-02 1.178727e-02 9.351962e-03 8.284325e-03 7.722405e-03 5.641715e-03 5.188377e-03 4.157517e-03 3.623836e-03 3.189886e-03 3.005162e-03 2.331284e-03 2.279871e-03 1.964427e-03 1.665369e-03 1.623208e-03 1.268748e-03 1.238176e-03 8.987573e-04 7.212933e-04 6.948659e-04 6.596060e-04 5.867463e-04 5.648205e-04 4.125371e-04 2.939658e-04 4.052035e-04 2.825497e-04 2.425218e-04 2.719871e-04 1.585292e-04 1.802527e-04 1.770624e-04 1.581664e-04 1.010508e-04 1.375649e-04 9.019406e-05 5.175771e-05 6.548089e-05 1.074162e-04 6.345048e-05 6.248177e-05 6.154219e-05 5.389374e-05 2.655348e-05 6.542855e-05 3.870029e-05 3.179919e-05 5.644904e-05 3.093391e-05 2.441495e-05 3.011446e-05 2.972081e-05 1.173493e-05 2.317087e-05 3.431913e-05 1.129760e-05 5.579490e-06 1.653558e-05 5.445849e-06 2.690701e-05 5.318461e-06 5.256976e-06 0.000000e+00 0.000000e+00 5.080764e-06 0.000000e+00 0.000000e+00 0.000000e+00 0.000000e+00 4.811941e-06 0.000000e+00 0.000000e+00 0.000000e+00 0.000000e+00 0.000000e+00
SPEC pim sel1 meanpt 0.4575 yield 1.29772 2.688935e+00 2.601676e+00 2.318848e+00 1.993708e+00 1.672369e+00 1.336175e+00 1.041820e+00 8.154880e-01 6.385612e-01 4.959543e-01 3.795368e-01 2.955655e-01 2.262730e-01 1.769718e-01 1.371223e-01 1.046842e-01 8.430886e-02 6.521037e-02 5.352708e-02 4.446843e-02 3.571492e-02 2.851765e-02 2.443246e-02 2.013799e-02 1.711230e-02 1.432392e-02 1.182316e-02 1.050080e-02 9.615690e-03 7.043560e-03 6.450535e-03 5.323826e-03 4.744697e-03 3.980369e-03 3.533033e-03 2.915028e-03 2.868783e-03 2.279636e-03 2.050440e-03 1.863914e-03 1.494711e-03 1.389702e-03 1.193392e-03 9.590946e-04 8.823924e-04 6.921972e-04 7.037000e-04 5.941636e-04 6.072133e-04 4.296835e-04 4.940706e-04 4.447657e-04 3.350115e-04 3.287496e-04 1.951315e-04 2.137251e-04 2.316605e-04 2.062912e-04 1.118703e-04 1.512364e-04 1.216936e-04 9.311153e-05 1.047106e-04 1.288270e-04 1.141467e-04 6.869133e-05 7.995990e-05 6.059639e-05 3.582706e-05 7.062313e-05 3.481069e-05 3.432383e-05 6.205906e-05 5.008477e-05 2.196111e-05 3.792291e-05 3.208044e-05 2.638875e-05 2.605259e-05 3.086986e-05 1.016213e-05 1.505616e-05 1.487366e-05 4.898511e-06 2.904324e-05 4.783926e-06 1.418586e-05 4.674579e-06 0.000000e+00 4.570119e-06 4.519620e-06 0.000000e+00 0.000000e+00 0.000000e+00 8.656627e-06 4.282991e-06 0.000000e+00 0.000000e+00 0.000000e+00 0.000000e+00
SPEC kp sel0 meanpt 0.5530 yield 0.11293 1.737063e-01 2.155413e-01 1.949875e-01 1.739661e-01 1.626917e-01 1.355091e-01 1.173899e-01 9.876701e-02 7.976471e-02 6.576809e-02 5.556348e-02 4.389118e-02 3.375904e-02 2.735107e-02 2.267370e-02 1.821847e-02 1.446863e-02 1.249854e-02 9.831966e-03 7.835320e-03 6.809835e-03 5.414441e-03 5.012118e-03 3.734578e-03 3.173819e-03 2.924528e-03 2.694051e-03 2.066947e-03 1.483851e-03 1.448965e-03 1.133094e-03 1.039379e-03 1.049373e-03 8.687349e-04 6.458461e-04 6.532718e-04 5.855407e-04 4.607915e-04 3.543338e-04 3.798997e-04 2.806965e-04 3.068047e-04 1.390934e-04 2.613382e-04 1.226234e-04 1.599045e-04 1.369075e-04 1.723181e-04 1.593893e-04 1.010508e-04 7.203618e-05 5.297807e-05 8.661494e-05 3.399839e-05 6.674912e-05 5.735313e-05 6.438632e-05 3.954160e-05 4.663881e-05 3.056998e-05 3.006469e-05 4.436375e-05 2.910262e-05 2.148323e-05 3.525026e-05 3.471209e-05 6.838021e-06 1.347343e-05 6.638371e-06 0.000000e+00 1.290010e-05 1.271968e-05 1.254423e-05 0.000000e+00 6.103737e-06 6.022893e-06 5.944162e-06 0.000000e+00 0.000000e+00 5.719854e-06 0.000000e+00 0.000000e+00 0.000000e+00 0.000000e+00 1.614420e-05 0.000000e+00 0.000000e+00 0.000000e+00 0.000000e+00 0.000000e+00 0.000000e+00 0.000000e+00 4.915983e-06 0.000000e+00 0.000000e+00 0.000000e+00 0.000000e+00 0.000000e+00 0.000000e+00 0.000000e+00
SPEC kp sel1 meanpt 0.5608 yield 0.19456 2.110572e-01 2.604130e-01 2.256185e-01 2.090705e-01 1.891516e-01 1.659157e-01 1.381877e-01 1.165450e-01 9.600072e-02 7.935097e-02 6.400277e-02 5.267539e-02 4.188423e-02 3.347951e-02 2.787016e-02 2.200822e-02 1.777402e-02 1.523913e-02 1.266874e-02 9.900518e-03 8.280275e-03 6.962948e-03 6.380800e-03 5.099766e-03 3.856527e-03 3.544889e-03 3.272205e-03 2.588017e-03 1.808324e-03 1.733159e-03 1.381300e-03 1.389389e-03 1.271126e-03 1.111085e-03 7.232047e-04 7.373983e-04 7.284018e-04 6.217190e-04 4.993300e-04 4.970438e-04 3.635783e-04 3.646735e-04 2.213551e-04 2.632809e-04 2.205981e-04 2.337289e-04 1.935175e-04 1.894435e-04 1.518033e-04 1.404735e-04 1.133932e-04 8.736470e-05 1.090735e-04 5.351737e-05 1.050708e-04 5.895865e-05 7.963331e-05 4.268094e-05 6.292702e-05 2.749752e-05 4.732528e-05 5.320659e-05 5.889969e-05 1.932405e-05 4.439038e-05 3.122333e-05 6.150761e-06 1.211928e-05 1.194235e-05 0.000000e+00 1.160356e-05 1.716191e-05 1.128347e-05 0.000000e+00 5.490277e-06 1.083512e-05 5.346740e-06 0.000000e+00 0.000000e+00 5.144977e-06 5.081064e-06 0.000000e+00 0.000000e+00 0.000000e+00 1.452162e-05 0.000000e+00 0.000000e+00 4.674579e-06 0.000000e+00 4.570119e-06 0.000000e+00 0.000000e+00 4.421899e-06 0.000000e+00 0.000000e+00 4.282991e-06 0.000000e+00 0.000000e+00 0.000000e+00 0.000000e+00
SPEC km sel0 meanpt 0.5521 yield 0.10919 2.055372e-01 2.043246e-01 1.900765e-01 1.713676e-01 1.507677e-01 1.297216e-01 1.138920e-01 9.609927e-02 7.858777e-02 6.289612e-02 5.179573e-02 4.001610e-02 3.255855e-02 2.597004e-02 2.339499e-02 1.833582e-02 1.496470e-02 1.283633e-02 9.069988e-03 7.928598e-03 6.410561e-03 5.647092e-03 4.527074e-03 3.521726e-03 3.396543e-03 2.603543e-03 2.368020e-03 2.133090e-03 1.356208e-03 1.680183e-03 1.013821e-03 1.227045e-03 9.374401e-04 7.737170e-04 6.985683e-04 6.532718e-04 4.609576e-04 4.729175e-04 4.133895e-04 3.453633e-04 3.256080e-04 2.520182e-04 2.139898e-04 1.045353e-04 9.196754e-05 1.499105e-04 1.564657e-04 1.340252e-04 1.218860e-04 4.593216e-05 4.502261e-05 7.063742e-05 5.196896e-05 4.249798e-05 7.509276e-05 4.096652e-05 2.414487e-05 1.581664e-05 3.886568e-05 3.821247e-05 3.006469e-05 1.478792e-05 3.637827e-05 3.580539e-05 7.050053e-06 6.942418e-06 1.367604e-05 4.042030e-05 6.638371e-06 6.542855e-06 0.000000e+00 0.000000e+00 1.254423e-05 6.186781e-06 1.220747e-05 6.022893e-06 0.000000e+00 0.000000e+00 5.792719e-06 5.719854e-06 5.648800e-06 0.000000e+00 5.511860e-06 5.445849e-06 0.000000e+00 0.000000e+00 0.000000e+00 5.196896e-06 0.000000e+00 5.080764e-06 0.000000e+00 4.969709e-06 0.000000e+00 0.000000e+00 0.000000e+00 9.523108e-06 0.000000e+00 0.000000e+00 0.000000e+00 0.000000e+00
SPEC km sel1 meanpt 0.5565 yield 0.18776 2.355988e-01 2.345080e-01 2.266002e-01 2.061489e-01 1.795168e-01 1.572146e-01 1.332794e-01 1.167086e-01 9.542328e-02 7.672460e-02 5.987356e-02 4.826503e-02 3.946279e-02 3.244937e-02 2.758807e-02 2.113739e-02 1.822023e-02 1.558972e-02 1.143061e-02 1.004735e-02 8.340133e-03 6.658557e-03 5.653643e-03 4.333931e-03 4.323985e-03 2.983481e-03 2.994376e-03 2.647511e-03 1.994897e-03 1.941139e-03 1.274014e-03 1.402374e-03 1.157857e-03 8.913096e-04 8.891862e-04 7.604420e-04 5.827215e-04 5.344602e-04 4.674579e-04 4.452684e-04 3.635783e-04 3.351053e-04 2.598516e-04 1.692520e-04 1.286822e-04 1.528228e-04 1.935175e-04 1.636103e-04 1.349363e-04 7.436830e-05 6.479614e-05 7.148021e-05 6.232772e-05 6.116271e-05 8.255563e-05 5.158882e-05 3.619696e-05 4.268094e-05 3.495946e-05 4.124628e-05 3.380377e-05 1.995247e-05 4.581087e-05 3.864809e-05 6.341483e-06 2.497866e-05 2.460305e-05 3.635783e-05 1.194235e-05 1.177052e-05 0.000000e+00 0.000000e+00 1.128347e-05 5.564975e-06 1.647083e-05 1.083512e-05 5.346740e-06 0.000000e+00 5.210518e-06 5.144977e-06 5.081064e-06 0.000000e+00 4.957887e-06 4.898511e-06 0.000000e+00 0.000000e+00 0.000000e+00 4.674579e-06 0.000000e+00 4.570119e-06 0.000000e+00 4.470226e-06 0.000000e+00 4.374606e-06 0.000000e+00 8.565982e-06 0.000000e+00 0.000000e+00 0.000000e+00 0.000000e+00
SPEC p sel0 meanpt 0.6495 yield 0.06543 8.730785e-02 7.881959e-02 8.185111e-02 7.717391e-02 7.023028e-02 6.134700e-02 5.722582e-02 4.953508e-02 4.295846e-02 3.637827e-02 3.040184e-02 2.720462e-02 2.266366e-02 1.775125e-02 1.433179e-02 1.358318e-02 1.055521e-02 9.900087e-03 7.300234e-03 6.249601e-03 5.368013e-03 4.737636e-03 3.395305e-03 3.154074e-03 2.784051e-03 2.443051e-03 2.316541e-03 2.083483e-03 1.515761e-03 1.263991e-03 1.162912e-03 1.082687e-03 6.715989e-04 7.465690e-04 6.326656e-04 4.611330e-04 4.360409e-04 4.850436e-04 3.897672e-04 3.223391e-04 2.919244e-04 3.068047e-04 1.925909e-04 1.358958e-04 2.248096e-04 1.299224e-04 1.760239e-04 1.244520e-04 8.438259e-05 1.010508e-04 1.260633e-04 1.147858e-04 5.196896e-05 4.249798e-05 3.337456e-05 2.457991e-05 4.828974e-05 5.535824e-05 3.886568e-05 3.056998e-05 1.503234e-05 7.393958e-06 2.910262e-05 2.148323e-05 1.410011e-05 1.388484e-05 6.838021e-06 1.347343e-05 0.000000e+00 6.542855e-06 0.000000e+00 1.271968e-05 0.000000e+00 6.186781e-06 0.000000e+00 0.000000e+00 0.000000e+00 5.867463e-06 0.000000e+00 0.000000e+00 0.000000e+00 0.000000e+00 0.000000e+00 0.000000e+00 0.000000e+00 0.000000e+00 0.000000e+00 0.000000e+00 0.000000e+00 0.000000e+00 5.024623e-06 0.000000e+00 4.915983e-06 0.000000e+00 4.811941e-06 0.000000e+00 0.000000e+00 0.000000e+00 4.616532e-06 0.000000e+00
SPEC p sel1 meanpt 0.6521 yield 0.11323 1.038925e-01 9.407590e-02 9.325785e-02 9.056996e-02 8.507733e-02 7.607877e-02 6.978607e-02 6.108116e-02 5.028609e-02 4.473449e-02 3.778618e-02 3.261535e-02 2.751924e-02 2.093605e-02 1.748937e-02 1.614992e-02 1.343587e-02 1.175657e-02 8.799579e-03 7.236607e-03 6.624220e-03 5.402943e-03 4.417477e-03 4.159878e-03 3.305595e-03 3.047642e-03 2.809157e-03 2.543396e-03 1.894435e-03 1.525180e-03 1.381300e-03 1.350434e-03 9.564907e-04 1.001197e-03 7.113489e-04 6.452235e-04 5.715153e-04 5.671822e-04 4.037136e-04 4.142032e-04 3.534789e-04 3.548174e-04 2.694757e-04 1.786549e-04 2.757476e-04 1.438332e-04 2.023138e-04 1.377771e-04 1.265028e-04 1.156840e-04 1.457913e-04 1.350182e-04 6.232772e-05 4.587203e-05 3.002023e-05 3.684916e-05 6.515453e-05 4.979443e-05 3.495946e-05 4.124628e-05 2.704302e-05 6.650823e-06 3.272205e-05 2.576539e-05 1.268297e-05 1.248933e-05 6.150761e-06 1.817892e-05 0.000000e+00 1.177052e-05 0.000000e+00 1.716191e-05 0.000000e+00 1.112995e-05 0.000000e+00 0.000000e+00 0.000000e+00 5.277750e-06 5.210518e-06 0.000000e+00 0.000000e+00 0.000000e+00 0.000000e+00 0.000000e+00 0.000000e+00 0.000000e+00 0.000000e+00 0.000000e+00 0.000000e+00 0.000000e+00 4.519620e-06 0.000000e+00 4.421899e-06 0.000000e+00 4.328314e-06 0.000000e+00 0.000000e+00 0.000000e+00 4.152545e-06 0.000000e+00
SPEC pbar sel0 meanpt 0.6323 yield 0.05615 7.093763e-02 6.639035e-02 7.275655e-02 6.314229e-02 6.224727e-02 5.894934e-02 5.057979e-02 4.468464e-02 3.600379e-02 3.341057e-02 2.628763e-02 2.293413e-02 1.848016e-02 1.475341e-02 1.332825e-02 1.070812e-02 9.507958e-03 8.237080e-03 5.677960e-03 5.923129e-03 4.436375e-03 3.807029e-03 2.789001e-03 2.709020e-03 1.818914e-03 2.264726e-03 1.664478e-03 1.670093e-03 1.356208e-03 1.279405e-03 1.043639e-03 7.362269e-04 6.576072e-04 6.515512e-04 4.876797e-04 4.995608e-04 4.609576e-04 3.880349e-04 2.952782e-04 2.417543e-04 2.694687e-04 7.670118e-05 1.818914e-04 1.568029e-04 9.196754e-05 8.994628e-05 6.845374e-05 9.573230e-05 6.563090e-05 1.837287e-05 4.502261e-05 4.414839e-05 3.464597e-05 2.549879e-05 8.343641e-06 4.096652e-05 4.024145e-05 1.581664e-05 7.773135e-06 7.642494e-06 3.758086e-05 7.393958e-06 7.275655e-06 1.432215e-05 7.050053e-06 0.000000e+00 6.838021e-06 0.000000e+00 6.638371e-06 1.962856e-05 0.000000e+00 1.271968e-05 0.000000e+00 0.000000e+00 0.000000e+00 0.000000e+00 5.944162e-06 5.867463e-06 0.000000e+00 0.000000e+00 5.648800e-06 0.000000e+00 5.511860e-06 0.000000e+00 5.381401e-06 0.000000e+00 0.000000e+00 0.000000e+00 0.000000e+00 0.000000e+00 0.000000e+00 0.000000e+00 0.000000e+00 0.000000e+00 0.000000e+00 0.000000e+00 0.000000e+00 0.000000e+00 0.000000e+00 0.000000e+00
SPEC pbar sel1 meanpt 0.6411 yield 0.09702 7.853292e-02 8.535002e-02 8.425928e-02 7.210538e-02 7.489714e-02 6.975746e-02 6.003238e-02 5.197352e-02 4.504094e-02 3.896507e-02 3.283892e-02 2.799158e-02 2.251277e-02 1.854250e-02 1.599431e-02 1.285132e-02 1.157667e-02 9.699751e-03 6.743396e-03 7.068802e-03 5.846074e-03 4.470745e-03 3.708499e-03 3.185178e-03 2.404069e-03 2.678717e-03 2.114585e-03 2.037691e-03 1.765269e-03 1.566776e-03 1.180140e-03 1.077750e-03 7.802951e-04 7.936318e-04 6.520699e-04 6.221798e-04 5.491029e-04 4.472014e-04 4.143377e-04 2.795871e-04 3.231808e-04 1.774087e-04 1.828585e-04 2.162664e-04 1.194906e-04 1.258540e-04 1.055550e-04 1.205549e-04 9.276870e-05 4.957887e-05 4.859711e-05 6.353796e-05 4.674579e-05 2.293602e-05 3.752529e-05 5.158882e-05 3.619696e-05 4.268094e-05 2.796756e-05 6.874380e-06 3.380377e-05 1.330165e-05 2.617764e-05 1.288270e-05 6.341483e-06 0.000000e+00 6.150761e-06 0.000000e+00 5.971177e-06 1.765578e-05 0.000000e+00 2.288255e-05 0.000000e+00 0.000000e+00 0.000000e+00 0.000000e+00 5.346740e-06 5.277750e-06 0.000000e+00 0.000000e+00 5.081064e-06 0.000000e+00 4.957887e-06 0.000000e+00 9.681080e-06 0.000000e+00 0.000000e+00 0.000000e+00 0.000000e+00 0.000000e+00 0.000000e+00 4.470226e-06 0.000000e+00 0.000000e+00 0.000000e+00 0.000000e+00 0.000000e+00 0.000000e+00 0.000000e+00 0.000000e+00
SPEC pinc sel0 meanpt 0.6495 yield 0.06543 8.730785e-02 7.881959e-02 8.185111e-02 7.717391e-02 7.023028e-02 6.134700e-02 5.722582e-02 4.953508e-02 4.295846e-02 3.637827e-02 3.040184e-02 2.720462e-02 2.266366e-02 1.775125e-02 1.433179e-02 1.358318e-02 1.055521e-02 9.900087e-03 7.300234e-03 6.249601e-03 5.368013e-03 4.737636e-03 3.395305e-03 3.154074e-03 2.784051e-03 2.443051e-03 2.316541e-03 2.083483e-03 1.515761e-03 1.263991e-03 1.162912e-03 1.082687e-03 6.715989e-04 7.465690e-04 6.326656e-04 4.611330e-04 4.360409e-04 4.850436e-04 3.897672e-04 3.223391e-04 2.919244e-04 3.068047e-04 1.925909e-04 1.358958e-04 2.248096e-04 1.299224e-04 1.760239e-04 1.244520e-04 8.438259e-05 1.010508e-04 1.260633e-04 1.147858e-04 5.196896e-05 4.249798e-05 3.337456e-05 2.457991e-05 4.828974e-05 5.535824e-05 3.886568e-05 3.056998e-05 1.503234e-05 7.393958e-06 2.910262e-05 2.148323e-05 1.410011e-05 1.388484e-05 6.838021e-06 1.347343e-05 0.000000e+00 6.542855e-06 0.000000e+00 1.271968e-05 0.000000e+00 6.186781e-06 0.000000e+00 0.000000e+00 0.000000e+00 5.867463e-06 0.000000e+00 0.000000e+00 0.000000e+00 0.000000e+00 0.000000e+00 0.000000e+00 0.000000e+00 0.000000e+00 0.000000e+00 0.000000e+00 0.000000e+00 0.000000e+00 5.024623e-06 0.000000e+00 4.915983e-06 0.000000e+00 4.811941e-06 0.000000e+00 0.000000e+00 0.000000e+00 4.616532e-06 0.000000e+00
SPEC pinc sel1 meanpt 0.6521 yield 0.11323 1.038925e-01 9.407590e-02 9.325785e-02 9.056996e-02 8.507733e-02 7.607877e-02 6.978607e-02 6.108116e-02 5.028609e-02 4.473449e-02 3.778618e-02 3.261535e-02 2.751924e-02 2.093605e-02 1.748937e-02 1.614992e-02 1.343587e-02 1.175657e-02 8.799579e-03 7.236607e-03 6.624220e-03 5.402943e-03 4.417477e-03 4.159878e-03 3.305595e-03 3.047642e-03 2.809157e-03 2.543396e-03 1.894435e-03 1.525180e-03 1.381300e-03 1.350434e-03 9.564907e-04 1.001197e-03 7.113489e-04 6.452235e-04 5.715153e-04 5.671822e-04 4.037136e-04 4.142032e-04 3.534789e-04 3.548174e-04 2.694757e-04 1.786549e-04 2.757476e-04 1.438332e-04 2.023138e-04 1.377771e-04 1.265028e-04 1.156840e-04 1.457913e-04 1.350182e-04 6.232772e-05 4.587203e-05 3.002023e-05 3.684916e-05 6.515453e-05 4.979443e-05 3.495946e-05 4.124628e-05 2.704302e-05 6.650823e-06 3.272205e-05 2.576539e-05 1.268297e-05 1.248933e-05 6.150761e-06 1.817892e-05 0.000000e+00 1.177052e-05 0.000000e+00 1.716191e-05 0.000000e+00 1.112995e-05 0.000000e+00 0.000000e+00 0.000000e+00 5.277750e-06 5.210518e-06 0.000000e+00 0.000000e+00 0.000000e+00 0.000000e+00 0.000000e+00 0.000000e+00 0.000000e+00 0.000000e+00 0.000000e+00 0.000000e+00 0.000000e+00 4.519620e-06 0.000000e+00 4.421899e-06 0.000000e+00 4.328314e-06 0.000000e+00 0.000000e+00 0.000000e+00 4.152545e-06 0.000000e+00
SPEC pbarinc sel0 meanpt 0.6323 yield 0.05615 7.093763e-02 6.639035e-02 7.275655e-02 6.314229e-02 6.224727e-02 5.894934e-02 5.057979e-02 4.468464e-02 3.600379e-02 3.341057e-02 2.628763e-02 2.293413e-02 1.848016e-02 1.475341e-02 1.332825e-02 1.070812e-02 9.507958e-03 8.237080e-03 5.677960e-03 5.923129e-03 4.436375e-03 3.807029e-03 2.789001e-03 2.709020e-03 1.818914e-03 2.264726e-03 1.664478e-03 1.670093e-03 1.356208e-03 1.279405e-03 1.043639e-03 7.362269e-04 6.576072e-04 6.515512e-04 4.876797e-04 4.995608e-04 4.609576e-04 3.880349e-04 2.952782e-04 2.417543e-04 2.694687e-04 7.670118e-05 1.818914e-04 1.568029e-04 9.196754e-05 8.994628e-05 6.845374e-05 9.573230e-05 6.563090e-05 1.837287e-05 4.502261e-05 4.414839e-05 3.464597e-05 2.549879e-05 8.343641e-06 4.096652e-05 4.024145e-05 1.581664e-05 7.773135e-06 7.642494e-06 3.758086e-05 7.393958e-06 7.275655e-06 1.432215e-05 7.050053e-06 0.000000e+00 6.838021e-06 0.000000e+00 6.638371e-06 1.962856e-05 0.000000e+00 1.271968e-05 0.000000e+00 0.000000e+00 0.000000e+00 0.000000e+00 5.944162e-06 5.867463e-06 0.000000e+00 0.000000e+00 5.648800e-06 0.000000e+00 5.511860e-06 0.000000e+00 5.381401e-06 0.000000e+00 0.000000e+00 0.000000e+00 0.000000e+00 0.000000e+00 0.000000e+00 0.000000e+00 0.000000e+00 0.000000e+00 0.000000e+00 0.000000e+00 0.000000e+00 0.000000e+00 0.000000e+00 0.000000e+00
SPEC pbarinc sel1 meanpt 0.6411 yield 0.09702 7.853292e-02 8.535002e-02 8.425928e-02 7.210538e-02 7.489714e-02 6.975746e-02 6.003238e-02 5.197352e-02 4.504094e-02 3.896507e-02 3.283892e-02 2.799158e-02 2.251277e-02 1.854250e-02 1.599431e-02 1.285132e-02 1.157667e-02 9.699751e-03 6.743396e-03 7.068802e-03 5.846074e-03 4.470745e-03 3.708499e-03 3.185178e-03 2.404069e-03 2.678717e-03 2.114585e-03 2.037691e-03 1.765269e-03 1.566776e-03 1.180140e-03 1.077750e-03 7.802951e-04 7.936318e-04 6.520699e-04 6.221798e-04 5.491029e-04 4.472014e-04 4.143377e-04 2.795871e-04 3.231808e-04 1.774087e-04 1.828585e-04 2.162664e-04 1.194906e-04 1.258540e-04 1.055550e-04 1.205549e-04 9.276870e-05 4.957887e-05 4.859711e-05 6.353796e-05 4.674579e-05 2.293602e-05 3.752529e-05 5.158882e-05 3.619696e-05 4.268094e-05 2.796756e-05 6.874380e-06 3.380377e-05 1.330165e-05 2.617764e-05 1.288270e-05 6.341483e-06 0.000000e+00 6.150761e-06 0.000000e+00 5.971177e-06 1.765578e-05 0.000000e+00 2.288255e-05 0.000000e+00 0.000000e+00 0.000000e+00 0.000000e+00 5.346740e-06 5.277750e-06 0.000000e+00 0.000000e+00 5.081064e-06 0.000000e+00 4.957887e-06 0.000000e+00 9.681080e-06 0.000000e+00 0.000000e+00 0.000000e+00 0.000000e+00 0.000000e+00 0.000000e+00 4.470226e-06 0.000000e+00 0.000000e+00 0.000000e+00 0.000000e+00 0.000000e+00 0.000000e+00 0.000000e+00 0.000000e+00
SPEC chpm sel0eta05 meanpt 0.5241 yield 2.23397 1.158648e+00 2.275916e+00 2.808766e+00 2.842962e+00 2.596348e+00 2.189625e+00 1.797129e+00 1.466348e+00 1.162393e+00 9.272870e-01 7.301119e-01 5.796008e-01 4.509305e-01 3.579218e-01 2.844593e-01 2.241107e-01 1.806457e-01 1.478231e-01 1.163466e-01 9.753341e-02 8.005882e-02 6.598638e-02 5.323556e-02 4.560636e-02 3.875585e-02 3.290450e-02 2.755483e-02 2.471242e-02 2.180144e-02 1.749086e-02 1.501796e-02 1.320733e-02 1.120451e-02 9.606307e-03 8.386774e-03 7.253879e-03 6.435964e-03 5.687137e-03 4.861460e-03 4.166233e-03 3.686107e-03 3.374852e-03 2.846065e-03 2.634289e-03 2.031461e-03 1.665006e-03 1.697653e-03 1.480979e-03 1.424191e-03 1.189643e-03 1.071538e-03 9.951047e-04 9.458351e-04 6.842175e-04 6.366198e-04 5.563254e-04 5.183099e-04 4.539376e-04 4.080896e-04 3.744822e-04 3.630311e-04 2.639643e-04 3.616000e-04 2.606632e-04 2.664920e-04 1.603699e-04 1.531717e-04 1.414711e-04 8.364347e-05 1.602999e-04 9.030068e-05 1.291047e-04 1.185430e-04 8.661494e-05 6.836185e-05 6.745640e-05 9.154010e-05 7.393004e-05 4.460393e-05 4.003898e-05 3.163328e-05 2.733950e-05 3.858302e-05 1.906047e-05 5.273773e-05 1.861461e-05 2.207930e-05 2.182696e-05 3.596722e-06 1.422614e-05 1.055171e-05 1.739398e-05 6.882376e-06 1.361754e-05 1.684179e-05 1.666544e-05 1.649274e-05 0.000000e+00 3.231572e-06 6.398189e-06
