# gen_world det_p1.25_s0.300_k0.270_q0.110 mode cfgset ../../island_post/official_pp_mb_mdc2.cfg|MultipartonInteractions:pT0Ref=1.25;StringPT:sigma=0.300;StringFlav:probStoUD=0.27;StringFlav:probQQtoQ=0.11 nev 200000 seed 20260964
SUMMARY nev 200000 nnsd 155639 dnde 1.9511 eps 0.4667 classN 6.7428 14.1433 7.3411 1.6486 meanpt_ch05 0.5074
SPEC pip sel0 meanpt 0.4399 yield 0.67245 2.053553e+00 1.972006e+00 1.810910e+00 1.539580e+00 1.257274e+00 1.022891e+00 8.006018e-01 6.095180e-01 4.830286e-01 3.629211e-01 2.768646e-01 2.128129e-01 1.661759e-01 1.273240e-01 9.408174e-02 7.583696e-02 6.123676e-02 4.908468e-02 3.544424e-02 2.921922e-02 2.435570e-02 1.916204e-02 1.665316e-02 1.298395e-02 1.046803e-02 8.809248e-03 7.481569e-03 6.614231e-03 5.632250e-03 4.285237e-03 3.772009e-03 3.305803e-03 2.910262e-03 2.674075e-03 2.069344e-03 1.780486e-03 1.494998e-03 1.358122e-03 1.334657e-03 1.047602e-03 8.870011e-04 8.546703e-04 5.884721e-04 6.063045e-04 6.028983e-04 4.497314e-04 3.031523e-04 3.159166e-04 3.281545e-04 3.766437e-04 2.161086e-04 2.207419e-04 1.992144e-04 1.444931e-04 1.752165e-04 1.474795e-04 1.207244e-04 1.344414e-04 1.010508e-04 7.642494e-05 7.516172e-05 7.393958e-05 9.458351e-05 5.012754e-05 4.230032e-05 4.165451e-05 4.102813e-05 5.389374e-05 2.655348e-05 3.271427e-05 6.450048e-05 5.087870e-05 3.136058e-05 1.237356e-05 3.662242e-05 6.022893e-06 1.188832e-05 1.760239e-05 1.737816e-05 2.287942e-05 1.129760e-05 2.231796e-05 5.511860e-06 0.000000e+00 1.614420e-05 1.063692e-05 0.000000e+00 5.196896e-06 1.027635e-05 1.016153e-05 1.004925e-05 0.000000e+00 9.831966e-06 0.000000e+00 9.623882e-06 4.761554e-06 4.712211e-06 4.663881e-06 0.000000e+00 0.000000e+00
SPEC pip sel1 meanpt 0.4432 yield 1.15401 2.424766e+00 2.396952e+00 2.157420e+00 1.845571e+00 1.498890e+00 1.220118e+00 9.585290e-01 7.274844e-01 5.753936e-01 4.349131e-01 3.346305e-01 2.556298e-01 1.974499e-01 1.529492e-01 1.166176e-01 9.033102e-02 7.280843e-02 5.962578e-02 4.298196e-02 3.612104e-02 3.078745e-02 2.341970e-02 2.057906e-02 1.630923e-02 1.318933e-02 1.108408e-02 9.230325e-03 8.388960e-03 6.874678e-03 5.587850e-03 4.667035e-03 4.194244e-03 3.599518e-03 3.174609e-03 2.596490e-03 2.189208e-03 1.804242e-03 1.767036e-03 1.529901e-03 1.377261e-03 1.020065e-03 1.015198e-03 8.661942e-04 7.992660e-04 7.996887e-04 5.843374e-04 3.870450e-04 3.616741e-04 4.132530e-04 4.544846e-04 2.834904e-04 2.779857e-04 2.804819e-04 2.140750e-04 2.326628e-04 2.137306e-04 1.520311e-04 1.849555e-04 1.188652e-04 1.306166e-04 1.014139e-04 7.981193e-05 9.816868e-05 5.153211e-05 6.975810e-05 4.995861e-05 5.535828e-05 5.453815e-05 4.179931e-05 2.942706e-05 6.382124e-05 5.148707e-05 3.385127e-05 2.226047e-05 3.843293e-05 1.083539e-05 1.604063e-05 2.111154e-05 2.605326e-05 2.572554e-05 1.524358e-05 2.509424e-05 9.916028e-06 4.898637e-06 1.452199e-05 9.568097e-06 0.000000e+00 4.674699e-06 9.243755e-06 1.371071e-05 9.039473e-06 0.000000e+00 1.768805e-05 0.000000e+00 8.656850e-06 8.566202e-06 4.238717e-06 4.195243e-06 4.152651e-06 0.000000e+00
SPEC pim sel0 meanpt 0.4384 yield 0.66130 2.043549e+00 1.907434e+00 1.788174e+00 1.516974e+00 1.252221e+00 1.002800e+00 7.719889e-01 6.063045e-01 4.691727e-01 3.563156e-01 2.776442e-01 2.100054e-01 1.660668e-01 1.248314e-01 9.853494e-02 7.627702e-02 5.685483e-02 4.479724e-02 3.755811e-02 2.875283e-02 2.258115e-02 1.909859e-02 1.509698e-02 1.350640e-02 9.892663e-03 8.292106e-03 7.481569e-03 5.985879e-03 5.217410e-03 4.562699e-03 3.578191e-03 3.305803e-03 2.742362e-03 2.633353e-03 2.056163e-03 1.742058e-03 1.594664e-03 1.273240e-03 1.086624e-03 1.139699e-03 9.206847e-04 7.560545e-04 6.740680e-04 6.585722e-04 6.233356e-04 3.098150e-04 4.791762e-04 3.159166e-04 2.906511e-04 3.123387e-04 2.521266e-04 2.648903e-04 1.732299e-04 1.699919e-04 9.178005e-05 1.147063e-04 1.609658e-04 1.186248e-04 6.995822e-05 8.406744e-05 6.764555e-05 8.133354e-05 9.458351e-05 5.728862e-05 2.115016e-05 4.859693e-05 6.154219e-05 4.715702e-05 1.327674e-05 1.308571e-05 3.225024e-05 1.271968e-05 1.254423e-05 1.856034e-05 1.220747e-05 6.022893e-06 1.188832e-05 1.173493e-05 1.737816e-05 0.000000e+00 5.648800e-06 5.579490e-06 1.102372e-05 5.445849e-06 1.076280e-05 5.318461e-06 0.000000e+00 0.000000e+00 5.138174e-06 5.080764e-06 5.024623e-06 0.000000e+00 0.000000e+00 0.000000e+00 4.811941e-06 4.761554e-06 0.000000e+00 0.000000e+00 4.616532e-06 0.000000e+00
SPEC pim sel1 meanpt 0.4431 yield 1.13116 2.423948e+00 2.269605e+00 2.109318e+00 1.800460e+00 1.486892e+00 1.192749e+00 9.335463e-01 7.220851e-01 5.599945e-01 4.188530e-01 3.340851e-01 2.540648e-01 1.967627e-01 1.515555e-01 1.170972e-01 9.231022e-02 7.042859e-02 5.537181e-02 4.415379e-02 3.530297e-02 2.795413e-02 2.351482e-02 1.799759e-02 1.667475e-02 1.258830e-02 1.060286e-02 9.261196e-03 7.779124e-03 6.917734e-03 5.934491e-03 4.532925e-03 3.986479e-03 3.398146e-03 3.321129e-03 2.501641e-03 2.085508e-03 1.961132e-03 1.701590e-03 1.381161e-03 1.335840e-03 1.090763e-03 9.462041e-04 8.373211e-04 7.710566e-04 7.629214e-04 4.494903e-04 5.717710e-04 3.961192e-04 4.301205e-04 4.379579e-04 3.725874e-04 3.415253e-04 2.648996e-04 2.217205e-04 1.951365e-04 1.695105e-04 2.027082e-04 1.707281e-04 1.118731e-04 1.099929e-04 1.014139e-04 9.976491e-05 9.162410e-05 9.018120e-05 2.536658e-05 6.244827e-05 5.535828e-05 6.059795e-05 1.194266e-05 2.942706e-05 4.641545e-05 1.716236e-05 1.128376e-05 3.339071e-05 1.647125e-05 5.417697e-06 2.138751e-05 1.055577e-05 2.605326e-05 1.029022e-05 5.081194e-06 5.018848e-06 1.487404e-05 4.898637e-06 1.452199e-05 4.784049e-06 0.000000e+00 0.000000e+00 4.621877e-06 4.570236e-06 9.039473e-06 0.000000e+00 0.000000e+00 0.000000e+00 4.328425e-06 4.283101e-06 0.000000e+00 4.195243e-06 4.152651e-06 0.000000e+00
SPEC kp sel0 meanpt 0.5334 yield 0.10040 2.055372e-01 1.925017e-01 1.737063e-01 1.624030e-01 1.457152e-01 1.274066e-01 1.079455e-01 9.082442e-02 7.232857e-02 6.011988e-02 5.045320e-02 3.614102e-02 3.121256e-02 2.317431e-02 2.079206e-02 1.528474e-02 1.295287e-02 1.008198e-02 8.430910e-03 6.179642e-03 5.745105e-03 4.801086e-03 3.496356e-03 3.057323e-03 2.876853e-03 2.407386e-03 1.921871e-03 1.620487e-03 1.451940e-03 1.294820e-03 8.945477e-04 9.094568e-04 8.814735e-04 5.836812e-04 5.667629e-04 3.458498e-04 3.612911e-04 3.274045e-04 3.189004e-04 2.762907e-04 1.796458e-04 1.534024e-04 1.818914e-04 1.254423e-04 1.737165e-04 1.399164e-04 8.801195e-05 8.615907e-05 6.563090e-05 3.674573e-05 8.104071e-05 4.414839e-05 4.330747e-05 5.949717e-05 7.509276e-05 4.915983e-05 4.024145e-05 1.581664e-05 3.109254e-05 2.292748e-05 3.006469e-05 4.436375e-05 2.910262e-05 1.432215e-05 1.410011e-05 2.776967e-05 0.000000e+00 0.000000e+00 6.638371e-06 6.542855e-06 2.580019e-05 0.000000e+00 6.272116e-06 0.000000e+00 0.000000e+00 0.000000e+00 0.000000e+00 0.000000e+00 5.792719e-06 0.000000e+00 0.000000e+00 0.000000e+00 5.511860e-06 0.000000e+00 0.000000e+00 5.318461e-06 5.256976e-06 0.000000e+00 0.000000e+00 0.000000e+00 0.000000e+00 0.000000e+00 0.000000e+00 4.863405e-06 0.000000e+00 0.000000e+00 0.000000e+00 0.000000e+00 0.000000e+00 4.570135e-06
SPEC kp sel1 meanpt 0.5403 yield 0.17273 2.225157e-01 2.328779e-01 2.063178e-01 1.943506e-01 1.706135e-01 1.517896e-01 1.301364e-01 1.079310e-01 8.618632e-02 7.302372e-02 5.999197e-02 4.399806e-02 3.769677e-02 2.793565e-02 2.519098e-02 1.884205e-02 1.549379e-02 1.156988e-02 1.041384e-02 8.012913e-03 7.203027e-03 5.878706e-03 4.599384e-03 3.742246e-03 3.572806e-03 2.903355e-03 2.485088e-03 2.156736e-03 1.822722e-03 1.622279e-03 1.166759e-03 1.155689e-03 9.816868e-04 7.570221e-04 7.232233e-04 4.954522e-04 4.370523e-04 4.253976e-04 4.037240e-04 4.038585e-04 2.726908e-04 2.266947e-04 2.117364e-04 1.410469e-04 1.654528e-04 1.618165e-04 1.407436e-04 9.472416e-05 1.012048e-04 6.610685e-05 9.719671e-05 3.971225e-05 6.232932e-05 8.410089e-05 8.255775e-05 4.422012e-05 3.619789e-05 2.134102e-05 4.195243e-05 2.749823e-05 2.704371e-05 5.985895e-05 3.926747e-05 1.932454e-05 1.902494e-05 3.122413e-05 1.230184e-05 0.000000e+00 2.388532e-05 1.177082e-05 2.320772e-05 0.000000e+00 1.128376e-05 0.000000e+00 0.000000e+00 0.000000e+00 0.000000e+00 0.000000e+00 1.042130e-05 0.000000e+00 0.000000e+00 0.000000e+00 4.958014e-06 0.000000e+00 0.000000e+00 4.784049e-06 4.728742e-06 0.000000e+00 0.000000e+00 0.000000e+00 0.000000e+00 0.000000e+00 0.000000e+00 4.374718e-06 0.000000e+00 0.000000e+00 0.000000e+00 0.000000e+00 0.000000e+00 4.110916e-06
SPEC km sel0 meanpt 0.5329 yield 0.09513 1.928048e-01 1.724936e-01 1.767984e-01 1.540880e-01 1.302544e-01 1.228593e-01 1.046575e-01 8.360940e-02 7.109812e-02 5.552473e-02 4.512638e-02 3.507340e-02 2.913900e-02 2.367956e-02 1.793825e-02 1.513806e-02 1.209853e-02 1.031584e-02 8.430910e-03 6.436156e-03 5.745105e-03 4.462683e-03 3.395305e-03 2.786421e-03 2.487086e-03 2.139898e-03 1.784595e-03 1.273240e-03 1.404074e-03 1.140675e-03 9.989116e-04 7.362269e-04 7.415571e-04 5.972552e-04 5.667629e-04 5.764163e-04 3.114578e-04 2.789001e-04 4.133895e-04 2.072180e-04 2.021015e-04 2.848901e-04 1.390934e-04 1.358958e-04 1.124048e-04 1.299224e-04 5.867463e-05 5.743938e-05 1.312618e-04 8.267789e-05 5.402714e-05 5.297807e-05 6.063045e-05 3.399839e-05 2.503092e-05 4.096652e-05 3.219316e-05 1.581664e-05 1.554627e-05 1.528499e-05 1.503234e-05 2.218187e-05 2.182696e-05 1.432215e-05 0.000000e+00 1.388484e-05 0.000000e+00 0.000000e+00 0.000000e+00 6.542855e-06 0.000000e+00 0.000000e+00 0.000000e+00 6.186781e-06 0.000000e+00 6.022893e-06 0.000000e+00 0.000000e+00 5.792719e-06 0.000000e+00 5.648800e-06 5.579490e-06 0.000000e+00 0.000000e+00 0.000000e+00 0.000000e+00 0.000000e+00 0.000000e+00 0.000000e+00 0.000000e+00 0.000000e+00 4.969709e-06 0.000000e+00 0.000000e+00 0.000000e+00 0.000000e+00 4.712211e-06 0.000000e+00 0.000000e+00 0.000000e+00
SPEC km sel1 meanpt 0.5354 yield 0.16335 2.413313e-01 2.069723e-01 2.100810e-01 1.811446e-01 1.577062e-01 1.451706e-01 1.251651e-01 1.018227e-01 8.459830e-02 6.828751e-02 5.352530e-02 4.236192e-02 3.403181e-02 2.872343e-02 2.203153e-02 1.892122e-02 1.440303e-02 1.266843e-02 9.573657e-03 7.824127e-03 6.863826e-03 4.927459e-03 4.108541e-03 3.515970e-03 3.122031e-03 2.598583e-03 2.268993e-03 1.636145e-03 1.564384e-03 1.358832e-03 1.341102e-03 8.180723e-04 9.061724e-04 7.570221e-04 6.995111e-04 7.028508e-04 4.146394e-04 4.690281e-04 4.887185e-04 2.485283e-04 2.726908e-04 2.956888e-04 1.828632e-04 1.786595e-04 1.286855e-04 1.348471e-04 6.157533e-05 8.611287e-05 1.433735e-04 1.074236e-04 6.479781e-05 5.559715e-05 7.791165e-05 3.822768e-05 4.503150e-05 6.633019e-05 4.343747e-05 2.134102e-05 2.796828e-05 6.874557e-06 2.028278e-05 1.995298e-05 1.963374e-05 1.288303e-05 6.341646e-06 1.873448e-05 0.000000e+00 0.000000e+00 5.971331e-06 1.177082e-05 5.801931e-06 5.720785e-06 0.000000e+00 5.565118e-06 0.000000e+00 5.417697e-06 0.000000e+00 0.000000e+00 5.210652e-06 0.000000e+00 5.081194e-06 5.018848e-06 0.000000e+00 4.898637e-06 0.000000e+00 0.000000e+00 0.000000e+00 0.000000e+00 0.000000e+00 0.000000e+00 0.000000e+00 4.470340e-06 0.000000e+00 0.000000e+00 0.000000e+00 0.000000e+00 4.238717e-06 0.000000e+00 0.000000e+00 0.000000e+00
SPEC p sel0 meanpt 0.6168 yield 0.05641 8.185111e-02 7.366600e-02 7.439357e-02 7.015810e-02 6.073151e-02 5.630364e-02 5.246866e-02 4.426023e-02 4.119304e-02 3.111300e-02 2.970892e-02 2.230146e-02 1.829827e-02 1.606707e-02 1.301464e-02 1.120685e-02 8.267789e-03 7.379592e-03 6.759476e-03 5.643296e-03 4.613830e-03 3.553227e-03 2.586899e-03 2.399418e-03 1.818914e-03 2.389553e-03 1.767435e-03 1.306311e-03 1.308341e-03 9.711149e-04 7.305473e-04 7.217911e-04 5.456741e-04 5.022373e-04 3.822355e-04 2.433758e-04 2.865412e-04 4.244132e-04 3.897672e-04 2.072180e-04 1.908737e-04 2.191462e-04 1.497929e-04 1.777100e-04 1.226234e-04 8.994628e-05 7.823284e-05 6.701261e-05 5.625506e-05 5.511860e-05 7.203618e-05 5.297807e-05 2.598448e-05 2.549879e-05 5.840548e-05 2.457991e-05 2.414487e-05 7.908320e-06 3.109254e-05 2.292748e-05 1.503234e-05 0.000000e+00 7.275655e-06 7.161077e-06 7.050053e-06 0.000000e+00 0.000000e+00 1.347343e-05 0.000000e+00 1.962856e-05 0.000000e+00 0.000000e+00 0.000000e+00 0.000000e+00 0.000000e+00 0.000000e+00 1.188832e-05 5.867463e-06 0.000000e+00 0.000000e+00 0.000000e+00 0.000000e+00 0.000000e+00 0.000000e+00 5.381401e-06 0.000000e+00 0.000000e+00 0.000000e+00 0.000000e+00 0.000000e+00 0.000000e+00 0.000000e+00 0.000000e+00 0.000000e+00 0.000000e+00 0.000000e+00 0.000000e+00 0.000000e+00 0.000000e+00 0.000000e+00
SPEC p sel1 meanpt 0.6273 yield 0.09818 9.816868e-02 8.589759e-02 8.851542e-02 8.309277e-02 7.671700e-02 6.752815e-02 6.141835e-02 5.279293e-02 4.942119e-02 3.780355e-02 3.552771e-02 2.664070e-02 2.221884e-02 1.939134e-02 1.655891e-02 1.327388e-02 1.058536e-02 8.975422e-03 8.092283e-03 6.544578e-03 5.926036e-03 4.794284e-03 3.363186e-03 3.011202e-03 2.404131e-03 2.983558e-03 2.299864e-03 1.636145e-03 1.578736e-03 1.234041e-03 9.924156e-04 8.959839e-04 7.299722e-04 6.471318e-04 5.216693e-04 3.917529e-04 5.042911e-04 4.581205e-04 4.462213e-04 2.795943e-04 2.726908e-04 2.759762e-04 2.213607e-04 2.068689e-04 1.470692e-04 1.438369e-04 8.796476e-05 8.611287e-05 6.746988e-05 4.958014e-05 7.289753e-05 6.353960e-05 3.895582e-05 4.587321e-05 6.754725e-05 5.896017e-05 2.895831e-05 2.845469e-05 2.796828e-05 2.749823e-05 2.028278e-05 6.650994e-06 1.963374e-05 1.288303e-05 6.341646e-06 0.000000e+00 6.150920e-06 1.211959e-05 0.000000e+00 1.765624e-05 0.000000e+00 1.144157e-05 0.000000e+00 0.000000e+00 0.000000e+00 0.000000e+00 1.069376e-05 5.277886e-06 0.000000e+00 0.000000e+00 5.081194e-06 0.000000e+00 0.000000e+00 0.000000e+00 4.840664e-06 0.000000e+00 0.000000e+00 0.000000e+00 0.000000e+00 0.000000e+00 0.000000e+00 0.000000e+00 0.000000e+00 0.000000e+00 0.000000e+00 0.000000e+00 0.000000e+00 0.000000e+00 0.000000e+00 0.000000e+00
SPEC pbar sel0 meanpt 0.6134 yield 0.05108 7.184709e-02 6.639035e-02 6.584467e-02 6.145330e-02 5.921574e-02 5.266582e-02 4.610246e-02 4.001610e-02 3.798320e-02 2.910262e-02 2.481518e-02 2.064072e-02 1.702503e-02 1.448394e-02 1.160341e-02 9.916013e-03 8.350467e-03 7.457546e-03 6.120399e-03 4.220812e-03 4.148010e-03 3.130223e-03 2.202907e-03 2.438118e-03 1.763233e-03 1.765416e-03 1.921871e-03 1.041741e-03 7.818138e-04 6.165809e-04 7.454564e-04 7.939702e-04 5.316824e-04 4.750894e-04 4.876797e-04 3.074220e-04 2.616246e-04 2.910262e-04 2.126003e-04 2.417543e-04 1.796458e-04 2.301035e-04 1.069949e-04 1.358958e-04 1.328420e-04 7.995225e-05 1.466866e-04 8.615907e-05 1.875169e-05 0.000000e+00 6.303166e-05 1.765936e-05 2.598448e-05 2.549879e-05 1.668728e-05 2.457991e-05 4.828974e-05 7.908320e-06 3.886568e-05 3.056998e-05 7.516172e-06 7.393958e-06 0.000000e+00 0.000000e+00 0.000000e+00 6.942418e-06 0.000000e+00 6.736717e-06 0.000000e+00 6.542855e-06 0.000000e+00 0.000000e+00 6.272116e-06 0.000000e+00 0.000000e+00 6.022893e-06 5.944162e-06 0.000000e+00 0.000000e+00 0.000000e+00 0.000000e+00 0.000000e+00 0.000000e+00 0.000000e+00 0.000000e+00 0.000000e+00 0.000000e+00 0.000000e+00 0.000000e+00 0.000000e+00 0.000000e+00 0.000000e+00 0.000000e+00 0.000000e+00 0.000000e+00 0.000000e+00 0.000000e+00 0.000000e+00 0.000000e+00 0.000000e+00
SPEC pbar sel1 meanpt 0.6233 yield 0.08719 8.753374e-02 8.017109e-02 7.706241e-02 7.444458e-02 6.753641e-02 6.276846e-02 5.418156e-02 4.543028e-02 4.364656e-02 3.539239e-02 3.034659e-02 2.489785e-02 1.943740e-02 1.820968e-02 1.376618e-02 1.198080e-02 9.866448e-03 8.624819e-03 7.163660e-03 5.306982e-03 4.968293e-03 3.824012e-03 2.835984e-03 2.871956e-03 2.303959e-03 2.085282e-03 2.191816e-03 1.427908e-03 1.062059e-03 9.567286e-04 9.521825e-04 9.998661e-04 6.670436e-04 6.105017e-04 5.690938e-04 4.147972e-04 3.586070e-04 3.599518e-04 2.231106e-04 2.899497e-04 2.726908e-04 2.661199e-04 1.251169e-04 1.504501e-04 2.114119e-04 9.888786e-05 1.495401e-04 1.205580e-04 5.060241e-05 8.263357e-06 8.099726e-05 3.176980e-05 2.337349e-05 3.058214e-05 1.501050e-05 5.896017e-05 5.067705e-05 7.113672e-06 4.894450e-05 2.749823e-05 6.760928e-06 6.650994e-06 0.000000e+00 0.000000e+00 0.000000e+00 6.244827e-06 6.150920e-06 6.059795e-06 1.194266e-05 1.177082e-05 0.000000e+00 5.720785e-06 5.641878e-06 0.000000e+00 5.490418e-06 1.083539e-05 5.346878e-06 5.277886e-06 0.000000e+00 0.000000e+00 0.000000e+00 5.018848e-06 0.000000e+00 0.000000e+00 0.000000e+00 0.000000e+00 0.000000e+00 0.000000e+00 0.000000e+00 0.000000e+00 0.000000e+00 0.000000e+00 0.000000e+00 0.000000e+00 0.000000e+00 0.000000e+00 0.000000e+00 0.000000e+00 0.000000e+00 0.000000e+00
SPEC pinc sel0 meanpt 0.6168 yield 0.05641 8.185111e-02 7.366600e-02 7.439357e-02 7.015810e-02 6.073151e-02 5.630364e-02 5.246866e-02 4.426023e-02 4.119304e-02 3.111300e-02 2.970892e-02 2.230146e-02 1.829827e-02 1.606707e-02 1.301464e-02 1.120685e-02 8.267789e-03 7.379592e-03 6.759476e-03 5.643296e-03 4.613830e-03 3.553227e-03 2.586899e-03 2.399418e-03 1.818914e-03 2.389553e-03 1.767435e-03 1.306311e-03 1.308341e-03 9.711149e-04 7.305473e-04 7.217911e-04 5.456741e-04 5.022373e-04 3.822355e-04 2.433758e-04 2.865412e-04 4.244132e-04 3.897672e-04 2.072180e-04 1.908737e-04 2.191462e-04 1.497929e-04 1.777100e-04 1.226234e-04 8.994628e-05 7.823284e-05 6.701261e-05 5.625506e-05 5.511860e-05 7.203618e-05 5.297807e-05 2.598448e-05 2.549879e-05 5.840548e-05 2.457991e-05 2.414487e-05 7.908320e-06 3.109254e-05 2.292748e-05 1.503234e-05 0.000000e+00 7.275655e-06 7.161077e-06 7.050053e-06 0.000000e+00 0.000000e+00 1.347343e-05 0.000000e+00 1.962856e-05 0.000000e+00 0.000000e+00 0.000000e+00 0.000000e+00 0.000000e+00 0.000000e+00 1.188832e-05 5.867463e-06 0.000000e+00 0.000000e+00 0.000000e+00 0.000000e+00 0.000000e+00 0.000000e+00 5.381401e-06 0.000000e+00 0.000000e+00 0.000000e+00 0.000000e+00 0.000000e+00 0.000000e+00 0.000000e+00 0.000000e+00 0.000000e+00 0.000000e+00 0.000000e+00 0.000000e+00 0.000000e+00 0.000000e+00 0.000000e+00
SPEC pinc sel1 meanpt 0.6273 yield 0.09818 9.816868e-02 8.589759e-02 8.851542e-02 8.309277e-02 7.671700e-02 6.752815e-02 6.141835e-02 5.279293e-02 4.942119e-02 3.780355e-02 3.552771e-02 2.664070e-02 2.221884e-02 1.939134e-02 1.655891e-02 1.327388e-02 1.058536e-02 8.975422e-03 8.092283e-03 6.544578e-03 5.926036e-03 4.794284e-03 3.363186e-03 3.011202e-03 2.404131e-03 2.983558e-03 2.299864e-03 1.636145e-03 1.578736e-03 1.234041e-03 9.924156e-04 8.959839e-04 7.299722e-04 6.471318e-04 5.216693e-04 3.917529e-04 5.042911e-04 4.581205e-04 4.462213e-04 2.795943e-04 2.726908e-04 2.759762e-04 2.213607e-04 2.068689e-04 1.470692e-04 1.438369e-04 8.796476e-05 8.611287e-05 6.746988e-05 4.958014e-05 7.289753e-05 6.353960e-05 3.895582e-05 4.587321e-05 6.754725e-05 5.896017e-05 2.895831e-05 2.845469e-05 2.796828e-05 2.749823e-05 2.028278e-05 6.650994e-06 1.963374e-05 1.288303e-05 6.341646e-06 0.000000e+00 6.150920e-06 1.211959e-05 0.000000e+00 1.765624e-05 0.000000e+00 1.144157e-05 0.000000e+00 0.000000e+00 0.000000e+00 0.000000e+00 1.069376e-05 5.277886e-06 0.000000e+00 0.000000e+00 5.081194e-06 0.000000e+00 0.000000e+00 0.000000e+00 4.840664e-06 0.000000e+00 0.000000e+00 0.000000e+00 0.000000e+00 0.000000e+00 0.000000e+00 0.000000e+00 0.000000e+00 0.000000e+00 0.000000e+00 0.000000e+00 0.000000e+00 0.000000e+00 0.000000e+00 0.000000e+00
SPEC pbarinc sel0 meanpt 0.6134 yield 0.05108 7.184709e-02 6.639035e-02 6.584467e-02 6.145330e-02 5.921574e-02 5.266582e-02 4.610246e-02 4.001610e-02 3.798320e-02 2.910262e-02 2.481518e-02 2.064072e-02 1.702503e-02 1.448394e-02 1.160341e-02 9.916013e-03 8.350467e-03 7.457546e-03 6.120399e-03 4.220812e-03 4.148010e-03 3.130223e-03 2.202907e-03 2.438118e-03 1.763233e-03 1.765416e-03 1.921871e-03 1.041741e-03 7.818138e-04 6.165809e-04 7.454564e-04 7.939702e-04 5.316824e-04 4.750894e-04 4.876797e-04 3.074220e-04 2.616246e-04 2.910262e-04 2.126003e-04 2.417543e-04 1.796458e-04 2.301035e-04 1.069949e-04 1.358958e-04 1.328420e-04 7.995225e-05 1.466866e-04 8.615907e-05 1.875169e-05 0.000000e+00 6.303166e-05 1.765936e-05 2.598448e-05 2.549879e-05 1.668728e-05 2.457991e-05 4.828974e-05 7.908320e-06 3.886568e-05 3.056998e-05 7.516172e-06 7.393958e-06 0.000000e+00 0.000000e+00 0.000000e+00 6.942418e-06 0.000000e+00 6.736717e-06 0.000000e+00 6.542855e-06 0.000000e+00 0.000000e+00 6.272116e-06 0.000000e+00 0.000000e+00 6.022893e-06 5.944162e-06 0.000000e+00 0.000000e+00 0.000000e+00 0.000000e+00 0.000000e+00 0.000000e+00 0.000000e+00 0.000000e+00 0.000000e+00 0.000000e+00 0.000000e+00 0.000000e+00 0.000000e+00 0.000000e+00 0.000000e+00 0.000000e+00 0.000000e+00 0.000000e+00 0.000000e+00 0.000000e+00 0.000000e+00 0.000000e+00 0.000000e+00
SPEC pbarinc sel1 meanpt 0.6233 yield 0.08719 8.753374e-02 8.017109e-02 7.706241e-02 7.444458e-02 6.753641e-02 6.276846e-02 5.418156e-02 4.543028e-02 4.364656e-02 3.539239e-02 3.034659e-02 2.489785e-02 1.943740e-02 1.820968e-02 1.376618e-02 1.198080e-02 9.866448e-03 8.624819e-03 7.163660e-03 5.306982e-03 4.968293e-03 3.824012e-03 2.835984e-03 2.871956e-03 2.303959e-03 2.085282e-03 2.191816e-03 1.427908e-03 1.062059e-03 9.567286e-04 9.521825e-04 9.998661e-04 6.670436e-04 6.105017e-04 5.690938e-04 4.147972e-04 3.586070e-04 3.599518e-04 2.231106e-04 2.899497e-04 2.726908e-04 2.661199e-04 1.251169e-04 1.504501e-04 2.114119e-04 9.888786e-05 1.495401e-04 1.205580e-04 5.060241e-05 8.263357e-06 8.099726e-05 3.176980e-05 2.337349e-05 3.058214e-05 1.501050e-05 5.896017e-05 5.067705e-05 7.113672e-06 4.894450e-05 2.749823e-05 6.760928e-06 6.650994e-06 0.000000e+00 0.000000e+00 0.000000e+00 6.244827e-06 6.150920e-06 6.059795e-06 1.194266e-05 1.177082e-05 0.000000e+00 5.720785e-06 5.641878e-06 0.000000e+00 5.490418e-06 1.083539e-05 5.346878e-06 5.277886e-06 0.000000e+00 0.000000e+00 0.000000e+00 5.018848e-06 0.000000e+00 0.000000e+00 0.000000e+00 0.000000e+00 0.000000e+00 0.000000e+00 0.000000e+00 0.000000e+00 0.000000e+00 0.000000e+00 0.000000e+00 0.000000e+00 0.000000e+00 0.000000e+00 0.000000e+00 0.000000e+00 0.000000e+00 0.000000e+00
SPEC chpm sel0eta05 meanpt 0.5074 yield 1.95112 1.029414e+00 2.023602e+00 2.568124e+00 2.571762e+00 2.302371e+00 1.988164e+00 1.626123e+00 1.293229e+00 1.043907e+00 8.087752e-01 6.436832e-01 4.972831e-01 3.939403e-01 3.096802e-01 2.425741e-01 1.922592e-01 1.522872e-01 1.245956e-01 9.747165e-02 7.894085e-02 6.606871e-02 5.279503e-02 4.286573e-02 3.701876e-02 2.966128e-02 2.577686e-02 2.220962e-02 1.882080e-02 1.591549e-02 1.349850e-02 1.115650e-02 9.943395e-03 8.442558e-03 7.743957e-03 6.218576e-03 5.101925e-03 4.526105e-03 4.167737e-03 3.728773e-03 3.247567e-03 2.703669e-03 2.439097e-03 2.059652e-03 1.822050e-03 1.852635e-03 1.315214e-03 1.150023e-03 9.515790e-04 1.004153e-03 9.581449e-04 7.941989e-04 6.798852e-04 6.426828e-04 5.295249e-04 5.081277e-04 5.161782e-04 4.338029e-04 4.151868e-04 2.992657e-04 2.942360e-04 2.314981e-04 2.277339e-04 2.139042e-04 1.503826e-04 1.184409e-04 1.603699e-04 1.148788e-04 1.037454e-04 7.434975e-05 9.617997e-05 1.128758e-04 7.123018e-05 5.707626e-05 5.196896e-05 5.554401e-05 2.951217e-05 4.993096e-05 4.107224e-05 5.676864e-05 3.603508e-05 2.372496e-05 3.124514e-05 2.314981e-05 1.524838e-05 2.636887e-05 1.489169e-05 7.359766e-06 3.637827e-06 1.079017e-05 1.422614e-05 1.758618e-05 6.957593e-06 1.720594e-05 3.404384e-06 1.010508e-05 1.999853e-05 6.597096e-06 6.529434e-06 6.463145e-06 3.199094e-06
