# gen_world det_p1.25_s0.335_k0.270_q0.110 mode cfgset ../../island_post/official_pp_mb_mdc2.cfg|MultipartonInteractions:pT0Ref=1.25;StringPT:sigma=0.335;StringFlav:probStoUD=0.27;StringFlav:probQQtoQ=0.11 nev 200000 seed 20260963
SUMMARY nev 200000 nnsd 155706 dnde 1.9310 eps 0.4593 classN 6.2197 13.4062 7.7899 1.8294 meanpt_ch05 0.5288
SPEC pip sel0 meanpt 0.4584 yield 0.66209 1.907131e+00 1.869843e+00 1.674128e+00 1.450454e+00 1.194420e+00 9.429414e-01 7.519109e-01 5.911469e-01 4.690657e-01 3.652666e-01 2.797229e-01 2.155413e-01 1.686497e-01 1.386080e-01 1.023923e-01 8.208581e-02 6.418560e-02 5.345008e-02 4.262157e-02 3.525894e-02 2.646298e-02 2.311712e-02 1.709779e-02 1.387405e-02 1.163734e-02 9.914863e-03 7.927718e-03 6.465411e-03 5.887536e-03 4.886404e-03 4.204374e-03 3.551212e-03 3.441944e-03 2.850536e-03 2.477940e-03 1.947006e-03 1.719247e-03 1.370248e-03 1.381902e-03 1.013066e-03 9.543683e-04 9.532861e-04 9.415553e-04 6.690257e-04 5.926797e-04 5.396777e-04 4.498389e-04 3.733560e-04 3.656579e-04 2.847794e-04 2.881447e-04 2.648903e-04 2.598448e-04 1.784915e-04 1.752165e-04 9.012635e-05 1.529175e-04 1.186248e-04 1.088239e-04 1.528499e-04 5.261320e-05 1.109094e-04 6.548089e-05 1.002551e-04 4.230032e-05 5.553935e-05 1.094083e-04 5.389374e-05 3.983023e-05 2.617142e-05 5.805044e-05 3.815903e-05 2.508846e-05 3.712069e-05 2.441495e-05 1.806868e-05 5.944162e-06 5.867463e-06 4.054903e-05 1.143971e-05 3.954160e-05 1.673847e-05 0.000000e+00 5.445849e-06 1.076280e-05 5.318461e-06 5.256976e-06 0.000000e+00 0.000000e+00 0.000000e+00 5.024623e-06 4.969709e-06 0.000000e+00 0.000000e+00 0.000000e+00 0.000000e+00 0.000000e+00 0.000000e+00 0.000000e+00 0.000000e+00
SPEC pip sel1 meanpt 0.4628 yield 1.13113 2.297794e+00 2.204029e+00 1.977411e+00 1.713241e+00 1.413929e+00 1.124217e+00 8.942086e-01 7.060197e-01 5.561460e-01 4.357158e-01 3.354211e-01 2.572619e-01 2.070795e-01 1.626052e-01 1.260417e-01 9.915518e-02 7.879850e-02 6.424945e-02 5.180368e-02 4.239565e-02 3.234981e-02 2.871529e-02 2.053386e-02 1.798985e-02 1.458546e-02 1.237804e-02 9.581213e-03 8.132600e-03 7.187331e-03 6.264569e-03 5.375505e-03 4.503951e-03 4.252145e-03 3.661434e-03 2.974606e-03 2.407092e-03 2.061103e-03 1.918917e-03 1.635441e-03 1.231756e-03 1.272009e-03 1.103430e-03 1.010125e-03 8.083212e-04 7.166537e-04 6.919172e-04 5.451469e-04 4.475943e-04 4.889461e-04 3.634312e-04 3.643308e-04 3.572564e-04 3.738150e-04 2.292674e-04 2.100566e-04 1.178696e-04 2.170939e-04 1.777653e-04 1.327922e-04 1.649184e-04 7.433821e-05 1.263145e-04 1.177517e-04 1.223361e-04 5.071134e-05 8.738995e-05 9.837236e-05 6.057187e-05 4.178133e-05 2.941440e-05 5.799435e-05 3.430994e-05 2.819725e-05 6.675268e-05 2.744028e-05 2.166146e-05 5.344577e-06 5.275615e-06 3.645887e-05 2.057158e-05 4.571107e-05 2.006676e-05 4.955881e-06 1.468959e-05 9.677163e-06 9.563980e-06 4.726707e-06 0.000000e+00 0.000000e+00 0.000000e+00 4.517792e-06 4.468417e-06 0.000000e+00 0.000000e+00 0.000000e+00 0.000000e+00 0.000000e+00 0.000000e+00 0.000000e+00 0.000000e+00
SPEC pim sel0 meanpt 0.4598 yield 0.64768 1.835284e+00 1.805575e+00 1.608283e+00 1.397575e+00 1.146724e+00 9.377327e-01 7.393184e-01 5.738673e-01 4.579383e-01 3.555976e-01 2.806324e-01 2.170438e-01 1.697410e-01 1.350038e-01 1.041485e-01 8.161642e-02 6.611475e-02 5.035792e-02 4.131884e-02 3.017531e-02 2.597497e-02 2.218652e-02 1.681485e-02 1.499636e-02 1.080212e-02 9.611710e-03 8.322388e-03 7.226048e-03 5.488652e-03 5.194694e-03 4.219283e-03 3.652263e-03 3.106145e-03 2.796240e-03 2.174788e-03 2.023862e-03 1.644497e-03 1.588518e-03 1.181113e-03 1.024578e-03 1.021735e-03 7.889264e-04 7.168660e-04 6.272116e-04 5.313680e-04 5.896478e-04 5.085135e-04 4.403686e-04 3.750337e-04 3.031523e-04 2.521266e-04 3.090387e-04 1.472454e-04 1.529927e-04 1.418419e-04 1.720594e-04 1.207244e-04 1.107165e-04 1.243702e-04 1.222799e-04 9.019406e-05 1.109094e-04 6.548089e-05 5.012754e-05 7.050053e-05 5.553935e-05 6.154219e-05 3.368359e-05 1.991511e-05 3.271427e-05 1.290010e-05 3.815903e-05 6.272116e-06 6.186781e-06 3.051869e-05 2.409157e-05 5.944162e-06 1.760239e-05 2.317087e-05 1.715956e-05 1.129760e-05 1.673847e-05 2.204744e-05 0.000000e+00 5.381401e-06 0.000000e+00 1.051395e-05 0.000000e+00 0.000000e+00 1.524229e-05 5.024623e-06 4.969709e-06 0.000000e+00 9.726811e-06 0.000000e+00 0.000000e+00 4.712211e-06 0.000000e+00 0.000000e+00 0.000000e+00
SPEC pim sel1 meanpt 0.4642 yield 1.10607 2.232376e+00 2.156328e+00 1.928839e+00 1.648991e+00 1.359869e+00 1.107416e+00 8.690480e-01 6.862854e-01 5.402245e-01 4.275816e-01 3.339803e-01 2.607817e-01 2.038740e-01 1.602126e-01 1.253086e-01 9.910242e-02 8.008703e-02 6.016085e-02 5.001354e-02 3.746836e-02 3.203070e-02 2.785954e-02 2.082461e-02 1.858139e-02 1.370099e-02 1.176876e-02 1.027550e-02 8.489423e-03 6.914757e-03 6.417025e-03 5.388911e-03 4.542890e-03 3.925057e-03 3.429543e-03 2.867947e-03 2.533781e-03 1.982692e-03 1.908014e-03 1.401806e-03 1.428423e-03 1.403248e-03 1.093578e-03 9.043024e-04 7.613258e-04 7.717809e-04 7.098890e-04 6.154884e-04 5.508852e-04 4.467956e-04 4.377694e-04 3.319459e-04 3.572564e-04 2.024831e-04 2.063406e-04 1.800485e-04 2.136386e-04 1.736751e-04 1.493228e-04 1.188141e-04 1.511752e-04 1.081283e-04 1.329626e-04 7.195938e-05 7.082617e-05 8.874484e-05 6.242140e-05 5.533446e-05 3.634312e-05 5.968761e-05 3.529728e-05 3.479661e-05 4.002827e-05 5.639450e-06 1.668817e-05 4.939250e-05 2.707683e-05 5.344577e-06 1.582684e-05 3.125046e-05 2.057158e-05 1.523702e-05 2.006676e-05 1.982352e-05 9.793057e-06 1.451574e-05 4.781990e-06 1.418012e-05 0.000000e+00 0.000000e+00 1.370481e-05 4.517792e-06 4.468417e-06 0.000000e+00 1.311851e-05 0.000000e+00 0.000000e+00 4.236893e-06 0.000000e+00 4.150864e-06 0.000000e+00
SPEC kp sel0 meanpt 0.5543 yield 0.10022 1.782535e-01 1.630959e-01 1.695228e-01 1.521391e-01 1.337912e-01 1.198003e-01 1.031884e-01 8.579209e-02 6.976069e-02 6.007202e-02 5.010674e-02 4.147914e-02 3.106704e-02 2.623951e-02 2.254826e-02 1.584215e-02 1.342138e-02 1.213475e-02 8.111372e-03 7.905278e-03 6.144379e-03 5.054888e-03 4.264342e-03 3.424976e-03 2.598448e-03 2.318223e-03 1.853233e-03 1.851985e-03 1.579583e-03 1.325649e-03 9.690933e-04 8.228419e-04 7.275655e-04 8.008650e-04 7.776515e-04 5.123700e-04 5.232491e-04 3.637827e-04 5.315007e-04 2.878028e-04 3.031523e-04 1.862743e-04 1.711919e-04 1.568029e-04 1.532792e-04 1.099343e-04 1.075702e-04 1.053055e-04 8.438259e-05 4.593216e-05 4.502261e-05 5.297807e-05 2.598448e-05 3.399839e-05 2.503092e-05 4.915983e-05 4.024145e-05 7.908320e-06 2.331941e-05 2.292748e-05 2.254852e-05 1.478792e-05 7.275655e-06 4.296646e-05 7.050053e-06 2.082726e-05 6.838021e-06 6.736717e-06 6.638371e-06 1.962856e-05 0.000000e+00 0.000000e+00 0.000000e+00 0.000000e+00 1.220747e-05 0.000000e+00 5.944162e-06 5.867463e-06 1.158544e-05 1.715956e-05 0.000000e+00 0.000000e+00 5.511860e-06 0.000000e+00 0.000000e+00 0.000000e+00 0.000000e+00 0.000000e+00 1.027635e-05 0.000000e+00 0.000000e+00 0.000000e+00 0.000000e+00 0.000000e+00 0.000000e+00 0.000000e+00 4.712211e-06 0.000000e+00 0.000000e+00 0.000000e+00
SPEC kp sel1 meanpt 0.5616 yield 0.17098 1.929820e-01 1.987060e-01 2.026311e-01 1.829357e-01 1.593646e-01 1.372283e-01 1.224064e-01 1.004706e-01 8.230114e-02 7.178723e-02 5.914843e-02 4.895656e-02 3.669929e-02 3.204252e-02 2.613885e-02 1.996820e-02 1.647830e-02 1.376106e-02 1.023255e-02 9.330398e-03 7.618760e-03 6.047327e-03 5.378782e-03 4.297381e-03 3.254193e-03 2.805903e-03 2.391446e-03 2.482896e-03 1.994090e-03 1.704739e-03 1.233283e-03 1.025395e-03 9.686840e-04 9.885872e-04 9.717835e-04 6.564797e-04 6.496956e-04 4.034087e-04 5.947057e-04 4.243865e-04 3.331453e-04 2.660054e-04 2.693667e-04 1.973808e-04 2.113210e-04 1.437750e-04 1.494758e-04 1.118986e-04 9.273117e-05 7.433821e-05 6.476992e-05 6.351226e-05 3.893906e-05 6.878021e-05 3.751010e-05 4.420110e-05 5.065524e-05 7.110611e-06 3.494531e-05 5.497279e-05 2.703208e-05 1.329626e-05 6.541762e-06 3.863245e-05 6.338917e-06 2.496856e-05 6.148273e-06 6.057187e-06 2.387504e-05 1.176576e-05 5.799435e-06 0.000000e+00 0.000000e+00 0.000000e+00 1.097611e-05 5.415366e-06 1.068915e-05 5.275615e-06 1.041682e-05 2.057158e-05 0.000000e+00 5.016689e-06 4.955881e-06 0.000000e+00 0.000000e+00 0.000000e+00 0.000000e+00 0.000000e+00 1.847955e-05 0.000000e+00 0.000000e+00 0.000000e+00 0.000000e+00 0.000000e+00 0.000000e+00 0.000000e+00 4.236893e-06 0.000000e+00 0.000000e+00 0.000000e+00
SPEC km sel0 meanpt 0.5584 yield 0.09466 1.664306e-01 1.609739e-01 1.573360e-01 1.368083e-01 1.245956e-01 1.116152e-01 9.514317e-02 8.015346e-02 6.746030e-02 5.758298e-02 4.729175e-02 3.958114e-02 3.048499e-02 2.455533e-02 1.997669e-02 1.587149e-02 1.311823e-02 1.104340e-02 7.742673e-03 7.812001e-03 6.033470e-03 5.181789e-03 3.415516e-03 3.521726e-03 3.266620e-03 2.086401e-03 1.836073e-03 1.438595e-03 1.356208e-03 1.325649e-03 1.073457e-03 9.238926e-04 6.436156e-04 8.280129e-04 5.667629e-04 5.123700e-04 3.612911e-04 3.152784e-04 3.425227e-04 3.223391e-04 1.684179e-04 2.301035e-04 2.032903e-04 1.881635e-04 2.043723e-04 8.994628e-05 6.845374e-05 1.531717e-04 8.438259e-05 7.349146e-05 4.502261e-05 9.712646e-05 2.598448e-05 7.649637e-05 2.503092e-05 8.193305e-06 4.024145e-05 4.744992e-05 0.000000e+00 2.292748e-05 2.254852e-05 1.478792e-05 7.275655e-06 2.864431e-05 1.410011e-05 6.942418e-06 1.367604e-05 2.021015e-05 1.991511e-05 6.542855e-06 0.000000e+00 0.000000e+00 6.272116e-06 0.000000e+00 0.000000e+00 6.022893e-06 0.000000e+00 1.173493e-05 0.000000e+00 5.719854e-06 0.000000e+00 5.579490e-06 5.511860e-06 0.000000e+00 0.000000e+00 0.000000e+00 0.000000e+00 5.196896e-06 0.000000e+00 5.080764e-06 0.000000e+00 0.000000e+00 0.000000e+00 0.000000e+00 0.000000e+00 0.000000e+00 0.000000e+00 0.000000e+00 0.000000e+00 0.000000e+00
SPEC km sel1 meanpt 0.5653 yield 0.16136 1.905288e-01 1.937997e-01 1.761369e-01 1.610909e-01 1.431919e-01 1.361133e-01 1.120906e-01 9.660002e-02 7.960747e-02 6.718218e-02 5.576074e-02 4.703669e-02 3.637220e-02 2.934707e-02 2.405226e-02 1.988907e-02 1.613139e-02 1.322371e-02 9.923146e-03 9.246529e-03 7.359483e-03 6.256511e-03 4.542890e-03 4.106000e-03 3.804903e-03 2.693667e-03 2.453161e-03 1.932793e-03 1.563711e-03 1.566142e-03 1.219878e-03 1.155192e-03 8.554612e-04 9.885872e-04 7.347632e-04 6.104109e-04 5.152758e-04 4.252145e-04 4.141700e-04 3.829829e-04 2.120016e-04 2.955615e-04 2.405060e-04 1.879817e-04 2.296967e-04 1.347891e-04 1.143050e-04 1.979744e-04 1.011613e-04 1.073774e-04 6.476992e-05 1.111464e-04 3.893906e-05 7.642246e-05 3.000808e-05 2.210055e-05 4.341878e-05 4.977428e-05 6.989062e-06 2.748640e-05 3.379009e-05 1.994440e-05 1.962529e-05 3.863245e-05 1.901675e-05 6.242140e-06 1.229655e-05 1.817156e-05 2.387504e-05 1.764864e-05 0.000000e+00 0.000000e+00 5.639450e-06 0.000000e+00 0.000000e+00 5.415366e-06 0.000000e+00 1.055123e-05 0.000000e+00 5.142895e-06 0.000000e+00 5.016689e-06 4.955881e-06 0.000000e+00 4.838582e-06 0.000000e+00 0.000000e+00 4.672687e-06 0.000000e+00 4.568270e-06 0.000000e+00 0.000000e+00 0.000000e+00 0.000000e+00 0.000000e+00 0.000000e+00 0.000000e+00 0.000000e+00 0.000000e+00 0.000000e+00
SPEC p sel0 meanpt 0.6440 yield 0.05582 6.911872e-02 7.063448e-02 6.511711e-02 6.275252e-02 5.567897e-02 5.572490e-02 4.820121e-02 4.092556e-02 3.664576e-02 3.336271e-02 2.576794e-02 2.186651e-02 2.033545e-02 1.593234e-02 1.292056e-02 1.211631e-02 9.590636e-03 7.873298e-03 7.054435e-03 6.133004e-03 5.345832e-03 3.658977e-03 3.112363e-03 2.883172e-03 2.320043e-03 2.336056e-03 1.338446e-03 1.603951e-03 1.069011e-03 9.865294e-04 8.498203e-04 5.629971e-04 8.534902e-04 5.022373e-04 4.217771e-04 3.842775e-04 3.612911e-04 2.789001e-04 2.007892e-04 2.878028e-04 2.245572e-04 1.753170e-04 1.818914e-04 1.463494e-04 1.839351e-04 1.299224e-04 8.801195e-05 9.573230e-05 7.500675e-05 5.511860e-05 1.080543e-04 4.414839e-05 6.929195e-05 3.399839e-05 3.337456e-05 4.915983e-05 3.219316e-05 2.372496e-05 3.886568e-05 2.292748e-05 7.516172e-06 1.478792e-05 1.455131e-05 1.432215e-05 2.115016e-05 6.942418e-06 0.000000e+00 6.736717e-06 6.638371e-06 0.000000e+00 0.000000e+00 0.000000e+00 0.000000e+00 6.186781e-06 0.000000e+00 0.000000e+00 0.000000e+00 5.867463e-06 0.000000e+00 5.719854e-06 1.129760e-05 0.000000e+00 0.000000e+00 0.000000e+00 0.000000e+00 5.318461e-06 5.256976e-06 0.000000e+00 0.000000e+00 0.000000e+00 1.004925e-05 0.000000e+00 0.000000e+00 0.000000e+00 0.000000e+00 0.000000e+00 0.000000e+00 0.000000e+00 4.616532e-06 0.000000e+00
SPEC p sel1 meanpt 0.6490 yield 0.09625 8.667835e-02 8.122688e-02 8.144494e-02 7.394528e-02 6.832507e-02 6.422821e-02 5.843555e-02 5.004448e-02 4.333918e-02 3.873412e-02 3.103443e-02 2.655813e-02 2.476057e-02 1.941329e-02 1.550849e-02 1.411227e-02 1.186933e-02 9.765917e-03 8.663415e-03 7.024008e-03 6.402151e-03 4.449920e-03 3.852371e-03 3.497059e-03 2.937118e-03 2.821937e-03 1.866871e-03 1.977396e-03 1.391559e-03 1.288949e-03 1.166257e-03 7.009031e-04 9.561037e-04 7.322868e-04 5.214448e-04 4.952390e-04 4.480659e-04 4.034087e-04 2.761133e-04 3.105267e-04 2.826687e-04 1.773369e-04 1.924048e-04 1.785826e-04 2.113210e-04 1.617469e-04 8.792691e-05 1.205061e-04 1.011613e-04 5.781861e-05 1.133474e-04 7.145129e-05 7.787812e-05 5.349572e-05 4.501213e-05 5.893480e-05 4.341878e-05 2.133183e-05 4.193437e-05 2.748640e-05 6.758019e-06 1.994440e-05 2.616705e-05 1.931623e-05 1.901675e-05 6.242140e-06 0.000000e+00 6.057187e-06 5.968761e-06 5.882880e-06 0.000000e+00 0.000000e+00 1.691835e-05 5.562723e-06 0.000000e+00 0.000000e+00 0.000000e+00 1.055123e-05 0.000000e+00 5.142895e-06 1.015802e-05 0.000000e+00 0.000000e+00 0.000000e+00 0.000000e+00 4.781990e-06 4.726707e-06 0.000000e+00 0.000000e+00 0.000000e+00 9.035583e-06 0.000000e+00 0.000000e+00 0.000000e+00 0.000000e+00 4.281258e-06 0.000000e+00 0.000000e+00 4.150864e-06 0.000000e+00
SPEC pbar sel0 meanpt 0.6347 yield 0.04899 6.275252e-02 6.608720e-02 5.820524e-02 5.235873e-02 5.204114e-02 4.927602e-02 4.372389e-02 3.728773e-02 3.263345e-02 2.891115e-02 2.520495e-02 1.953355e-02 1.651574e-02 1.502288e-02 1.188566e-02 9.857338e-03 8.185111e-03 6.496120e-03 5.702540e-03 4.640562e-03 3.748737e-03 3.447476e-03 2.829421e-03 2.089816e-03 1.893155e-03 1.818914e-03 1.286967e-03 1.140955e-03 1.276431e-03 8.940423e-04 8.498203e-04 5.341254e-04 6.436156e-04 4.207935e-04 3.295133e-04 3.842775e-04 3.239161e-04 4.244132e-04 1.417335e-04 2.187301e-04 2.133294e-04 1.534024e-04 2.139898e-04 1.149888e-04 8.174893e-05 4.997015e-05 9.779106e-05 6.701261e-05 6.563090e-05 5.511860e-05 4.502261e-05 1.765936e-05 3.464597e-05 1.699919e-05 5.006184e-05 4.915983e-05 3.219316e-05 2.372496e-05 7.773135e-06 3.821247e-05 3.006469e-05 2.218187e-05 7.275655e-06 2.148323e-05 7.050053e-06 6.942418e-06 0.000000e+00 0.000000e+00 1.327674e-05 0.000000e+00 0.000000e+00 6.359838e-06 0.000000e+00 6.186781e-06 0.000000e+00 0.000000e+00 5.944162e-06 1.173493e-05 1.158544e-05 0.000000e+00 0.000000e+00 5.579490e-06 0.000000e+00 0.000000e+00 0.000000e+00 0.000000e+00 5.256976e-06 0.000000e+00 5.138174e-06 0.000000e+00 0.000000e+00 0.000000e+00 0.000000e+00 0.000000e+00 0.000000e+00 0.000000e+00 0.000000e+00 0.000000e+00 0.000000e+00 0.000000e+00
SPEC pbar sel1 meanpt 0.6371 yield 0.08471 7.277711e-02 8.013659e-02 6.966977e-02 6.646898e-02 6.114731e-02 5.753777e-02 5.478726e-02 4.415690e-02 3.953918e-02 3.563539e-02 3.072292e-02 2.335836e-02 1.903653e-02 1.726298e-02 1.378846e-02 1.218667e-02 9.936540e-03 8.317383e-03 7.138477e-03 5.724042e-03 4.327934e-03 3.917451e-03 3.670655e-03 2.992508e-03 2.419785e-03 2.116452e-03 1.836013e-03 1.397558e-03 1.506327e-03 1.136493e-03 1.085825e-03 7.009031e-04 7.799793e-04 5.736247e-04 4.147857e-04 4.376531e-04 3.584527e-04 4.688263e-04 2.017751e-04 2.898249e-04 2.624781e-04 1.674849e-04 2.212655e-04 1.597844e-04 1.010666e-04 6.290156e-05 8.792691e-05 7.746824e-05 7.587095e-05 7.433821e-05 4.857744e-05 2.381710e-05 3.893906e-05 2.292674e-05 6.001617e-05 4.420110e-05 3.618231e-05 3.555306e-05 6.989062e-06 3.435800e-05 4.054811e-05 3.324066e-05 1.308352e-05 2.575497e-05 6.338917e-06 6.242140e-06 0.000000e+00 0.000000e+00 1.193752e-05 0.000000e+00 0.000000e+00 5.718324e-06 0.000000e+00 5.562723e-06 0.000000e+00 0.000000e+00 5.344577e-06 1.055123e-05 1.041682e-05 0.000000e+00 0.000000e+00 5.016689e-06 0.000000e+00 4.896529e-06 4.838582e-06 0.000000e+00 9.453414e-06 0.000000e+00 4.619889e-06 0.000000e+00 0.000000e+00 0.000000e+00 0.000000e+00 0.000000e+00 0.000000e+00 0.000000e+00 0.000000e+00 0.000000e+00 0.000000e+00 0.000000e+00
SPEC pinc sel0 meanpt 0.6440 yield 0.05582 6.911872e-02 7.063448e-02 6.511711e-02 6.275252e-02 5.567897e-02 5.572490e-02 4.820121e-02 4.092556e-02 3.664576e-02 3.336271e-02 2.576794e-02 2.186651e-02 2.033545e-02 1.593234e-02 1.292056e-02 1.211631e-02 9.590636e-03 7.873298e-03 7.054435e-03 6.133004e-03 5.345832e-03 3.658977e-03 3.112363e-03 2.883172e-03 2.320043e-03 2.336056e-03 1.338446e-03 1.603951e-03 1.069011e-03 9.865294e-04 8.498203e-04 5.629971e-04 8.534902e-04 5.022373e-04 4.217771e-04 3.842775e-04 3.612911e-04 2.789001e-04 2.007892e-04 2.878028e-04 2.245572e-04 1.753170e-04 1.818914e-04 1.463494e-04 1.839351e-04 1.299224e-04 8.801195e-05 9.573230e-05 7.500675e-05 5.511860e-05 1.080543e-04 4.414839e-05 6.929195e-05 3.399839e-05 3.337456e-05 4.915983e-05 3.219316e-05 2.372496e-05 3.886568e-05 2.292748e-05 7.516172e-06 1.478792e-05 1.455131e-05 1.432215e-05 2.115016e-05 6.942418e-06 0.000000e+00 6.736717e-06 6.638371e-06 0.000000e+00 0.000000e+00 0.000000e+00 0.000000e+00 6.186781e-06 0.000000e+00 0.000000e+00 0.000000e+00 5.867463e-06 0.000000e+00 5.719854e-06 1.129760e-05 0.000000e+00 0.000000e+00 0.000000e+00 0.000000e+00 5.318461e-06 5.256976e-06 0.000000e+00 0.000000e+00 0.000000e+00 1.004925e-05 0.000000e+00 0.000000e+00 0.000000e+00 0.000000e+00 0.000000e+00 0.000000e+00 0.000000e+00 4.616532e-06 0.000000e+00
SPEC pinc sel1 meanpt 0.6490 yield 0.09625 8.667835e-02 8.122688e-02 8.144494e-02 7.394528e-02 6.832507e-02 6.422821e-02 5.843555e-02 5.004448e-02 4.333918e-02 3.873412e-02 3.103443e-02 2.655813e-02 2.476057e-02 1.941329e-02 1.550849e-02 1.411227e-02 1.186933e-02 9.765917e-03 8.663415e-03 7.024008e-03 6.402151e-03 4.449920e-03 3.852371e-03 3.497059e-03 2.937118e-03 2.821937e-03 1.866871e-03 1.977396e-03 1.391559e-03 1.288949e-03 1.166257e-03 7.009031e-04 9.561037e-04 7.322868e-04 5.214448e-04 4.952390e-04 4.480659e-04 4.034087e-04 2.761133e-04 3.105267e-04 2.826687e-04 1.773369e-04 1.924048e-04 1.785826e-04 2.113210e-04 1.617469e-04 8.792691e-05 1.205061e-04 1.011613e-04 5.781861e-05 1.133474e-04 7.145129e-05 7.787812e-05 5.349572e-05 4.501213e-05 5.893480e-05 4.341878e-05 2.133183e-05 4.193437e-05 2.748640e-05 6.758019e-06 1.994440e-05 2.616705e-05 1.931623e-05 1.901675e-05 6.242140e-06 0.000000e+00 6.057187e-06 5.968761e-06 5.882880e-06 0.000000e+00 0.000000e+00 1.691835e-05 5.562723e-06 0.000000e+00 0.000000e+00 0.000000e+00 1.055123e-05 0.000000e+00 5.142895e-06 1.015802e-05 0.000000e+00 0.000000e+00 0.000000e+00 0.000000e+00 4.781990e-06 4.726707e-06 0.000000e+00 0.000000e+00 0.000000e+00 9.035583e-06 0.000000e+00 0.000000e+00 0.000000e+00 0.000000e+00 4.281258e-06 0.000000e+00 0.000000e+00 4.150864e-06 0.000000e+00
SPEC pbarinc sel0 meanpt 0.6347 yield 0.04899 6.275252e-02 6.608720e-02 5.820524e-02 5.235873e-02 5.204114e-02 4.927602e-02 4.372389e-02 3.728773e-02 3.263345e-02 2.891115e-02 2.520495e-02 1.953355e-02 1.651574e-02 1.502288e-02 1.188566e-02 9.857338e-03 8.185111e-03 6.496120e-03 5.702540e-03 4.640562e-03 3.748737e-03 3.447476e-03 2.829421e-03 2.089816e-03 1.893155e-03 1.818914e-03 1.286967e-03 1.140955e-03 1.276431e-03 8.940423e-04 8.498203e-04 5.341254e-04 6.436156e-04 4.207935e-04 3.295133e-04 3.842775e-04 3.239161e-04 4.244132e-04 1.417335e-04 2.187301e-04 2.133294e-04 1.534024e-04 2.139898e-04 1.149888e-04 8.174893e-05 4.997015e-05 9.779106e-05 6.701261e-05 6.563090e-05 5.511860e-05 4.502261e-05 1.765936e-05 3.464597e-05 1.699919e-05 5.006184e-05 4.915983e-05 3.219316e-05 2.372496e-05 7.773135e-06 3.821247e-05 3.006469e-05 2.218187e-05 7.275655e-06 2.148323e-05 7.050053e-06 6.942418e-06 0.000000e+00 0.000000e+00 1.327674e-05 0.000000e+00 0.000000e+00 6.359838e-06 0.000000e+00 6.186781e-06 0.000000e+00 0.000000e+00 5.944162e-06 1.173493e-05 1.158544e-05 0.000000e+00 0.000000e+00 5.579490e-06 0.000000e+00 0.000000e+00 0.000000e+00 0.000000e+00 5.256976e-06 0.000000e+00 5.138174e-06 0.000000e+00 0.000000e+00 0.000000e+00 0.000000e+00 0.000000e+00 0.000000e+00 0.000000e+00 0.000000e+00 0.000000e+00 0.000000e+00 0.000000e+00
SPEC pbarinc sel1 meanpt 0.6371 yield 0.08471 7.277711e-02 8.013659e-02 6.966977e-02 6.646898e-02 6.114731e-02 5.753777e-02 5.478726e-02 4.415690e-02 3.953918e-02 3.563539e-02 3.072292e-02 2.335836e-02 1.903653e-02 1.726298e-02 1.378846e-02 1.218667e-02 9.936540e-03 8.317383e-03 7.138477e-03 5.724042e-03 4.327934e-03 3.917451e-03 3.670655e-03 2.992508e-03 2.419785e-03 2.116452e-03 1.836013e-03 1.397558e-03 1.506327e-03 1.136493e-03 1.085825e-03 7.009031e-04 7.799793e-04 5.736247e-04 4.147857e-04 4.376531e-04 3.584527e-04 4.688263e-04 2.017751e-04 2.898249e-04 2.624781e-04 1.674849e-04 2.212655e-04 1.597844e-04 1.010666e-04 6.290156e-05 8.792691e-05 7.746824e-05 7.587095e-05 7.433821e-05 4.857744e-05 2.381710e-05 3.893906e-05 2.292674e-05 6.001617e-05 4.420110e-05 3.618231e-05 3.555306e-05 6.989062e-06 3.435800e-05 4.054811e-05 3.324066e-05 1.308352e-05 2.575497e-05 6.338917e-06 6.242140e-06 0.000000e+00 0.000000e+00 1.193752e-05 0.000000e+00 0.000000e+00 5.718324e-06 0.000000e+00 5.562723e-06 0.000000e+00 0.000000e+00 5.344577e-06 1.055123e-05 1.041682e-05 0.000000e+00 0.000000e+00 5.016689e-06 0.000000e+00 4.896529e-06 4.838582e-06 0.000000e+00 9.453414e-06 0.000000e+00 4.619889e-06 0.000000e+00 0.000000e+00 0.000000e+00 0.000000e+00 0.000000e+00 0.000000e+00 0.000000e+00 0.000000e+00 0.000000e+00 0.000000e+00 0.000000e+00
SPEC chpm sel0eta05 meanpt 0.5288 yield 1.93098 9.345578e-01 1.897127e+00 2.345817e+00 2.378321e+00 2.144701e+00 1.840526e+00 1.524019e+00 1.242385e+00 1.007807e+00 8.119248e-01 6.466541e-01 5.096833e-01 4.094484e-01 3.284015e-01 2.600043e-01 2.068193e-01 1.680676e-01 1.348179e-01 1.087932e-01 8.852280e-02 7.193803e-02 6.200380e-02 4.702498e-02 4.105520e-02 3.327313e-02 2.799879e-02 2.279819e-02 1.998986e-02 1.684250e-02 1.496596e-02 1.260716e-02 1.050928e-02 9.549297e-03 8.409082e-03 6.910554e-03 5.819243e-03 5.049354e-03 4.541221e-03 3.745309e-03 3.352327e-03 3.073066e-03 2.676871e-03 2.366728e-03 1.939129e-03 1.845482e-03 1.546077e-03 1.355384e-03 1.233032e-03 1.115725e-03 9.452839e-04 8.320179e-04 7.725968e-04 6.426828e-04 5.771226e-04 4.730844e-04 4.301485e-04 4.901409e-04 3.764360e-04 2.938245e-04 3.905315e-04 2.472821e-04 2.898431e-04 2.189972e-04 2.556505e-04 1.727263e-04 1.749489e-04 1.483851e-04 1.131768e-04 1.347589e-04 8.243997e-05 9.030068e-05 6.677830e-05 5.707626e-05 7.362269e-05 6.408924e-05 5.059230e-05 2.080457e-05 6.160837e-05 7.298825e-05 6.406237e-05 5.535824e-05 4.296207e-05 2.700811e-05 2.287257e-05 3.013585e-05 2.233754e-05 2.943906e-05 3.637827e-06 2.158033e-05 1.778268e-05 1.758618e-05 1.391519e-05 0.000000e+00 1.021315e-05 3.368359e-06 3.333088e-06 9.895644e-06 0.000000e+00 6.463145e-06 3.199094e-06
