# gen_world det_p1.35_s0.335_k0.270_q0.110 mode cfgset ../../island_post/official_pp_mb_mdc2.cfg|MultipartonInteractions:pT0Ref=1.35;StringPT:sigma=0.335;StringFlav:probStoUD=0.27;StringFlav:probQQtoQ=0.11 nev 200000 seed 20260965
SUMMARY nev 200000 nnsd 156163 dnde 1.7243 eps 0.4595 classN 5.9454 12.8526 7.2419 1.5094 meanpt_ch05 0.5130
SPEC pip sel0 meanpt 0.4464 yield 0.59508 1.736153e+00 1.685830e+00 1.534254e+00 1.329106e+00 1.095390e+00 8.729132e-01 6.912571e-01 5.477355e-01 4.105930e-01 3.257291e-01 2.578094e-01 1.999223e-01 1.546440e-01 1.217998e-01 9.442671e-02 7.155372e-02 5.423670e-02 4.539489e-02 3.323204e-02 2.823980e-02 2.080660e-02 1.852754e-02 1.420774e-02 1.166814e-02 1.013395e-02 7.543142e-03 7.035421e-03 5.539419e-03 4.722793e-03 3.976947e-03 3.384372e-03 3.060394e-03 2.280638e-03 2.063245e-03 1.555303e-03 1.537110e-03 1.208456e-03 1.067096e-03 1.039379e-03 8.864326e-04 8.645454e-04 7.231825e-04 5.349746e-04 5.435834e-04 3.678702e-04 4.697195e-04 3.716060e-04 2.680504e-04 2.718995e-04 2.480337e-04 2.251131e-04 2.207419e-04 2.251988e-04 1.954907e-04 1.334982e-04 1.228996e-04 1.046278e-04 7.908320e-05 1.632358e-04 9.170993e-05 6.764555e-05 1.330912e-04 5.820524e-05 6.444970e-05 7.050053e-05 2.776967e-05 5.470417e-05 4.042030e-05 2.655348e-05 3.271427e-05 0.000000e+00 1.907951e-05 3.763270e-05 1.237356e-05 2.441495e-05 2.409157e-05 0.000000e+00 0.000000e+00 1.158544e-05 5.719854e-06 1.694640e-05 5.579490e-06 5.511860e-06 5.445849e-06 5.381401e-06 5.318461e-06 0.000000e+00 5.196896e-06 1.027635e-05 1.016153e-05 0.000000e+00 0.000000e+00 4.915983e-06 0.000000e+00 4.811941e-06 0.000000e+00 0.000000e+00 4.663881e-06 0.000000e+00 0.000000e+00
SPEC pip sel1 meanpt 0.4508 yield 1.00908 2.032611e+00 1.977984e+00 1.813451e+00 1.559605e+00 1.290663e+00 1.038949e+00 8.123168e-01 6.397601e-01 4.906352e-01 3.835042e-01 3.060972e-01 2.391390e-01 1.835139e-01 1.447357e-01 1.138647e-01 8.532006e-02 6.601680e-02 5.483658e-02 4.125115e-02 3.340751e-02 2.545412e-02 2.216553e-02 1.753860e-02 1.493610e-02 1.216335e-02 9.400244e-03 8.368642e-03 6.759804e-03 5.735899e-03 5.154527e-03 4.116734e-03 3.830744e-03 2.947722e-03 2.701532e-03 2.126941e-03 1.986643e-03 1.474290e-03 1.348008e-03 1.302406e-03 1.104304e-03 1.026708e-03 7.858576e-04 6.426697e-04 6.091526e-04 5.038539e-04 6.092556e-04 4.646489e-04 3.261309e-04 3.614337e-04 3.047183e-04 2.744666e-04 2.770530e-04 2.329507e-04 2.590760e-04 2.019618e-04 1.469058e-04 1.298751e-04 1.488859e-04 1.602780e-04 1.027723e-04 8.759715e-05 1.259449e-04 8.479404e-05 6.419900e-05 6.952403e-05 4.979098e-05 7.356336e-05 5.435515e-05 2.975647e-05 4.105965e-05 2.312985e-05 1.710477e-05 3.936063e-05 3.327866e-05 2.735998e-05 2.159807e-05 0.000000e+00 1.578053e-05 2.077267e-05 1.025569e-05 1.519243e-05 5.002008e-06 4.941377e-06 1.464660e-05 4.824422e-06 1.430399e-05 0.000000e+00 9.318026e-06 9.212738e-06 1.821960e-05 4.504571e-06 0.000000e+00 4.407175e-06 0.000000e+00 4.313901e-06 0.000000e+00 0.000000e+00 4.181166e-06 0.000000e+00 4.097122e-06
SPEC pim sel0 meanpt 0.4483 yield 0.57968 1.721602e+00 1.659759e+00 1.484052e+00 1.258818e+00 1.060730e+00 8.462082e-01 6.632039e-01 5.275456e-01 4.177082e-01 3.239581e-01 2.467226e-01 1.908278e-01 1.511517e-01 1.201157e-01 9.257643e-02 7.272721e-02 5.382331e-02 4.388779e-02 3.266671e-02 2.826312e-02 2.125023e-02 1.799878e-02 1.473320e-02 1.093283e-02 9.076008e-03 8.345604e-03 6.366198e-03 5.456741e-03 4.834481e-03 3.807387e-03 3.354554e-03 2.843857e-03 2.294630e-03 1.927505e-03 1.858455e-03 1.678012e-03 1.283206e-03 1.164105e-03 8.858346e-04 9.900416e-04 6.848996e-04 6.245667e-04 4.921766e-04 5.122228e-04 4.291819e-04 4.097553e-04 3.422687e-04 3.350630e-04 2.718995e-04 2.847794e-04 1.800905e-04 1.236155e-04 1.818914e-04 1.189943e-04 2.002474e-04 1.310929e-04 9.657949e-05 1.107165e-04 8.550449e-05 1.222799e-04 1.277749e-04 5.175771e-05 4.365393e-05 4.296646e-05 7.755058e-05 2.776967e-05 5.470417e-05 3.368359e-05 3.319185e-05 1.962856e-05 2.580019e-05 1.271968e-05 2.508846e-05 1.237356e-05 6.103737e-06 2.409157e-05 1.188832e-05 1.173493e-05 5.792719e-06 1.143971e-05 1.694640e-05 0.000000e+00 5.511860e-06 1.089170e-05 1.614420e-05 1.063692e-05 1.577093e-05 5.196896e-06 0.000000e+00 0.000000e+00 5.024623e-06 0.000000e+00 4.915983e-06 0.000000e+00 4.811941e-06 0.000000e+00 0.000000e+00 0.000000e+00 0.000000e+00 0.000000e+00
SPEC pim sel1 meanpt 0.4514 yield 0.98291 1.996737e+00 1.930967e+00 1.751812e+00 1.498804e+00 1.258412e+00 9.985536e-01 7.782613e-01 6.188878e-01 4.972058e-01 3.828176e-01 2.960803e-01 2.262356e-01 1.806439e-01 1.425917e-01 1.109970e-01 8.718742e-02 6.507794e-02 5.248378e-02 4.008325e-02 3.328208e-02 2.618990e-02 2.176734e-02 1.782849e-02 1.360035e-02 1.119827e-02 9.847875e-03 7.722534e-03 6.730156e-03 5.850331e-03 4.712315e-03 3.983074e-03 3.571910e-03 2.859917e-03 2.579842e-03 2.209655e-03 1.952192e-03 1.530135e-03 1.467589e-03 1.154165e-03 1.197189e-03 8.656561e-04 8.447969e-04 6.043014e-04 5.904094e-04 5.863028e-04 5.106995e-04 4.208141e-04 4.119548e-04 3.110011e-04 2.964826e-04 2.502490e-04 1.424844e-04 1.941255e-04 1.523976e-04 2.318821e-04 1.248699e-04 1.226599e-04 1.347062e-04 1.045291e-04 1.575843e-04 1.280266e-04 8.617280e-05 5.870356e-05 5.135920e-05 9.480550e-05 3.111936e-05 5.517252e-05 3.623677e-05 4.761035e-05 2.346266e-05 2.312985e-05 2.850795e-05 3.373768e-05 1.109289e-05 1.641599e-05 2.699759e-05 1.065787e-05 1.578053e-05 5.193167e-06 1.538353e-05 1.519243e-05 0.000000e+00 4.941377e-06 9.764399e-06 1.929769e-05 9.535992e-06 1.413862e-05 4.659013e-06 4.606369e-06 4.554901e-06 1.351371e-05 0.000000e+00 4.407175e-06 0.000000e+00 4.313901e-06 0.000000e+00 0.000000e+00 0.000000e+00 0.000000e+00 0.000000e+00
SPEC kp sel0 meanpt 0.5403 yield 0.08906 1.527887e-01 1.709779e-01 1.482415e-01 1.391469e-01 1.180273e-01 1.069025e-01 9.409380e-02 7.530302e-02 6.585537e-02 5.231770e-02 4.503977e-02 3.471753e-02 2.917537e-02 2.549847e-02 1.778145e-02 1.625287e-02 1.207097e-02 9.328429e-03 7.619773e-03 6.412837e-03 5.345832e-03 3.870479e-03 3.415516e-03 2.670320e-03 2.765491e-03 2.122066e-03 1.458563e-03 1.422060e-03 1.563628e-03 9.402859e-04 8.945477e-04 7.795344e-04 5.876490e-04 5.701073e-04 3.954160e-04 4.483238e-04 3.986660e-04 2.546479e-04 2.126003e-04 2.647786e-04 1.010508e-04 2.191462e-04 1.176944e-04 1.358958e-04 1.124048e-04 8.994628e-05 8.801195e-05 6.701261e-05 5.625506e-05 2.755930e-05 3.601809e-05 8.829678e-06 3.464597e-05 6.799677e-05 2.503092e-05 1.638661e-05 4.024145e-05 3.163328e-05 2.331941e-05 1.528499e-05 3.006469e-05 1.478792e-05 2.182696e-05 7.161077e-06 0.000000e+00 6.942418e-06 6.838021e-06 6.736717e-06 0.000000e+00 1.308571e-05 0.000000e+00 6.359838e-06 0.000000e+00 6.186781e-06 0.000000e+00 6.022893e-06 0.000000e+00 0.000000e+00 0.000000e+00 5.719854e-06 5.648800e-06 0.000000e+00 0.000000e+00 0.000000e+00 0.000000e+00 5.318461e-06 0.000000e+00 0.000000e+00 0.000000e+00 0.000000e+00 0.000000e+00 4.969709e-06 0.000000e+00 0.000000e+00 0.000000e+00 0.000000e+00 0.000000e+00 0.000000e+00 0.000000e+00 0.000000e+00
SPEC kp sel1 meanpt 0.5477 yield 0.15297 1.973092e-01 1.983963e-01 1.752954e-01 1.602700e-01 1.392398e-01 1.272652e-01 1.106964e-01 9.186021e-02 8.052556e-02 6.183614e-02 5.350100e-02 4.420492e-02 3.541782e-02 2.941218e-02 2.117039e-02 1.872623e-02 1.467589e-02 1.164753e-02 9.431353e-03 7.693345e-03 6.443074e-03 4.948847e-03 4.475241e-03 3.434783e-03 3.377784e-03 2.621837e-03 1.769106e-03 1.793720e-03 1.802302e-03 1.381911e-03 1.136112e-03 9.965111e-04 6.898923e-04 7.544820e-04 5.435515e-04 5.741741e-04 4.244169e-04 4.130992e-04 3.388373e-04 3.096180e-04 1.207892e-04 2.357573e-04 1.534734e-04 1.593168e-04 1.557367e-04 1.343946e-04 1.052035e-04 6.865914e-05 7.564892e-05 5.764940e-05 5.650783e-05 3.957899e-05 5.435515e-05 6.857893e-05 2.992027e-05 2.938116e-05 6.493757e-05 4.253881e-05 2.787444e-05 2.740596e-05 3.369121e-05 1.325735e-05 1.956785e-05 6.419900e-06 6.320367e-06 1.867162e-05 6.130280e-06 6.039461e-06 0.000000e+00 1.173133e-05 0.000000e+00 5.701589e-06 0.000000e+00 5.546444e-06 0.000000e+00 1.079904e-05 5.328936e-06 0.000000e+00 0.000000e+00 5.127845e-06 5.064145e-06 0.000000e+00 0.000000e+00 0.000000e+00 0.000000e+00 9.535992e-06 0.000000e+00 0.000000e+00 0.000000e+00 0.000000e+00 0.000000e+00 4.455340e-06 0.000000e+00 0.000000e+00 0.000000e+00 0.000000e+00 0.000000e+00 0.000000e+00 0.000000e+00 0.000000e+00
SPEC km sel0 meanpt 0.5409 yield 0.08408 1.627928e-01 1.443005e-01 1.360547e-01 1.286232e-01 1.160063e-01 1.028513e-01 8.653831e-02 7.202898e-02 6.227104e-02 4.949360e-02 4.352400e-02 3.404532e-02 2.801127e-02 2.351114e-02 1.803233e-02 1.293776e-02 1.074813e-02 8.678816e-03 7.472294e-03 6.459475e-03 4.769103e-03 4.124281e-03 3.455936e-03 2.709020e-03 2.375724e-03 2.318223e-03 1.784595e-03 9.921347e-04 1.021144e-03 8.940423e-04 6.709108e-04 5.918687e-04 6.855905e-04 7.058471e-04 3.295133e-04 4.739423e-04 4.235826e-04 2.182696e-04 2.126003e-04 1.841938e-04 2.021015e-04 8.765849e-05 1.711919e-04 1.254423e-04 1.328420e-04 1.099343e-04 6.845374e-05 5.743938e-05 3.750337e-05 2.755930e-05 4.502261e-05 2.648903e-05 4.330747e-05 5.099758e-05 4.171820e-05 8.193305e-06 0.000000e+00 1.581664e-05 1.554627e-05 0.000000e+00 4.509703e-05 7.393958e-06 1.455131e-05 3.580539e-05 2.115016e-05 0.000000e+00 2.051406e-05 6.736717e-06 6.638371e-06 0.000000e+00 0.000000e+00 0.000000e+00 6.272116e-06 0.000000e+00 0.000000e+00 0.000000e+00 5.944162e-06 0.000000e+00 0.000000e+00 0.000000e+00 0.000000e+00 0.000000e+00 0.000000e+00 0.000000e+00 0.000000e+00 0.000000e+00 0.000000e+00 0.000000e+00 0.000000e+00 0.000000e+00 5.024623e-06 0.000000e+00 4.915983e-06 0.000000e+00 0.000000e+00 0.000000e+00 0.000000e+00 0.000000e+00 0.000000e+00 0.000000e+00
SPEC km sel1 meanpt 0.5411 yield 0.14363 2.054625e-01 1.752954e-01 1.704034e-01 1.537474e-01 1.381527e-01 1.230403e-01 1.036093e-01 8.387000e-02 7.438662e-02 5.951889e-02 5.140444e-02 3.949020e-02 3.365671e-02 2.729837e-02 2.147966e-02 1.601724e-02 1.304524e-02 1.059925e-02 8.814349e-03 7.735156e-03 5.587975e-03 4.929886e-03 4.094755e-03 3.348046e-03 2.762129e-03 2.525916e-03 2.153695e-03 1.289700e-03 1.373183e-03 9.949757e-04 8.286933e-04 7.376771e-04 8.780448e-04 8.153273e-04 4.608372e-04 5.971411e-04 4.467547e-04 2.826468e-04 2.753053e-04 2.580150e-04 2.113811e-04 1.080554e-04 1.822496e-04 1.780600e-04 1.465757e-04 1.254350e-04 7.890264e-05 8.582392e-05 5.043262e-05 4.941377e-05 4.843528e-05 4.749479e-05 5.435515e-05 5.333917e-05 6.732060e-05 1.469058e-05 0.000000e+00 1.417960e-05 1.393722e-05 0.000000e+00 4.042945e-05 6.628677e-06 3.261309e-05 3.209950e-05 1.896110e-05 0.000000e+00 1.839084e-05 1.207892e-05 5.951294e-06 0.000000e+00 0.000000e+00 0.000000e+00 5.622947e-06 0.000000e+00 0.000000e+00 0.000000e+00 1.065787e-05 0.000000e+00 0.000000e+00 0.000000e+00 0.000000e+00 0.000000e+00 0.000000e+00 0.000000e+00 0.000000e+00 0.000000e+00 0.000000e+00 4.659013e-06 4.606369e-06 4.554901e-06 4.504571e-06 0.000000e+00 4.407175e-06 0.000000e+00 0.000000e+00 0.000000e+00 0.000000e+00 0.000000e+00 0.000000e+00 0.000000e+00
SPEC p sel0 meanpt 0.6183 yield 0.04902 6.275252e-02 6.426828e-02 6.056982e-02 5.794539e-02 5.567897e-02 4.539016e-02 4.491318e-02 3.916727e-02 3.027956e-02 2.986848e-02 2.472856e-02 2.036392e-02 1.793449e-02 1.414711e-02 1.216791e-02 1.041475e-02 8.708738e-03 6.444151e-03 5.702540e-03 4.174174e-03 3.637827e-03 3.299425e-03 2.748581e-03 2.205917e-03 1.856034e-03 1.747584e-03 1.166850e-03 1.174026e-03 8.935014e-04 8.632133e-04 7.752747e-04 6.207404e-04 5.176908e-04 4.750894e-04 4.085965e-04 2.561850e-04 3.363744e-04 1.940175e-04 2.480337e-04 2.417543e-04 1.459622e-04 1.205304e-04 9.629543e-05 9.408174e-05 9.196754e-05 4.997015e-05 5.867463e-05 9.573230e-05 6.563090e-05 2.755930e-05 4.502261e-05 2.648903e-05 1.732299e-05 3.399839e-05 4.171820e-05 2.457991e-05 1.609658e-05 7.908320e-06 1.554627e-05 7.642494e-06 1.503234e-05 7.393958e-06 7.275655e-06 0.000000e+00 0.000000e+00 1.388484e-05 2.051406e-05 0.000000e+00 0.000000e+00 0.000000e+00 6.450048e-06 0.000000e+00 6.272116e-06 0.000000e+00 0.000000e+00 0.000000e+00 0.000000e+00 5.867463e-06 0.000000e+00 0.000000e+00 5.648800e-06 0.000000e+00 0.000000e+00 5.445849e-06 0.000000e+00 0.000000e+00 0.000000e+00 0.000000e+00 0.000000e+00 0.000000e+00 0.000000e+00 0.000000e+00 0.000000e+00 4.863405e-06 4.811941e-06 0.000000e+00 0.000000e+00 0.000000e+00 0.000000e+00 0.000000e+00
SPEC p sel1 meanpt 0.6232 yield 0.08399 7.337946e-02 7.854319e-02 7.272719e-02 6.837102e-02 6.540737e-02 5.559050e-02 5.174192e-02 4.506042e-02 3.769690e-02 3.535946e-02 3.008946e-02 2.438892e-02 2.132896e-02 1.736345e-02 1.498515e-02 1.215101e-02 9.981582e-03 7.710667e-03 6.346331e-03 5.226457e-03 4.553901e-03 4.190403e-03 3.297546e-03 2.827624e-03 2.462621e-03 2.222167e-03 1.599887e-03 1.245227e-03 1.158623e-03 1.036433e-03 8.955234e-04 6.988520e-04 6.397183e-04 5.597769e-04 5.435515e-04 3.100540e-04 3.574037e-04 2.609047e-04 2.329507e-04 3.509003e-04 1.711181e-04 1.571715e-04 1.438813e-04 1.218305e-04 1.190927e-04 6.271748e-05 7.013568e-05 8.582392e-05 7.564892e-05 4.117815e-05 4.843528e-05 3.957899e-05 4.659013e-05 4.571929e-05 5.236047e-05 2.938116e-05 1.443057e-05 1.417960e-05 2.090583e-05 1.370298e-05 1.347648e-05 6.628677e-06 6.522618e-06 6.419900e-06 0.000000e+00 1.867162e-05 1.839084e-05 6.039461e-06 5.951294e-06 0.000000e+00 5.782463e-06 5.701589e-06 1.124589e-05 0.000000e+00 0.000000e+00 0.000000e+00 0.000000e+00 5.260176e-06 0.000000e+00 0.000000e+00 5.064145e-06 0.000000e+00 0.000000e+00 4.882199e-06 0.000000e+00 0.000000e+00 0.000000e+00 0.000000e+00 4.606369e-06 0.000000e+00 0.000000e+00 0.000000e+00 0.000000e+00 4.360039e-06 4.313901e-06 0.000000e+00 0.000000e+00 0.000000e+00 0.000000e+00 0.000000e+00
SPEC pbar sel0 meanpt 0.5990 yield 0.04302 5.638632e-02 6.275252e-02 5.474930e-02 4.989020e-02 5.072748e-02 4.257911e-02 4.043585e-02 3.286171e-02 3.070754e-02 2.527333e-02 2.130727e-02 1.988943e-02 1.436942e-02 1.394500e-02 1.041171e-02 8.419810e-03 7.000062e-03 5.690601e-03 4.965143e-03 3.334675e-03 3.482554e-03 2.686070e-03 2.202907e-03 1.876964e-03 1.670431e-03 1.176944e-03 8.751377e-04 9.755991e-04 9.413676e-04 4.932647e-04 5.516377e-04 4.330747e-04 4.337409e-04 3.257756e-04 3.690549e-04 3.074220e-04 2.242496e-04 1.576392e-04 1.771669e-04 1.151211e-04 7.859503e-05 1.643597e-04 6.419695e-05 5.226763e-05 7.153031e-05 5.996419e-05 2.933732e-05 3.829292e-05 3.750337e-05 6.430503e-05 5.402714e-05 1.765936e-05 8.661494e-06 1.699919e-05 1.668728e-05 8.193305e-06 8.048290e-06 1.581664e-05 7.773135e-06 1.528499e-05 7.516172e-06 1.478792e-05 0.000000e+00 0.000000e+00 7.050053e-06 0.000000e+00 0.000000e+00 0.000000e+00 6.638371e-06 0.000000e+00 0.000000e+00 6.359838e-06 0.000000e+00 0.000000e+00 0.000000e+00 6.022893e-06 0.000000e+00 0.000000e+00 5.792719e-06 0.000000e+00 0.000000e+00 0.000000e+00 0.000000e+00 0.000000e+00 0.000000e+00 0.000000e+00 0.000000e+00 0.000000e+00 0.000000e+00 0.000000e+00 0.000000e+00 4.969709e-06 0.000000e+00 0.000000e+00 0.000000e+00 0.000000e+00 0.000000e+00 0.000000e+00 0.000000e+00 0.000000e+00
SPEC pbar sel1 meanpt 0.6063 yield 0.07395 6.441086e-02 7.066170e-02 6.538925e-02 6.033422e-02 5.761646e-02 5.114326e-02 4.728898e-02 4.163605e-02 3.558664e-02 3.115408e-02 2.620695e-02 2.367994e-02 1.764368e-02 1.621595e-02 1.211745e-02 1.002064e-02 8.301514e-03 6.872044e-03 6.280224e-03 4.327506e-03 4.156181e-03 3.337154e-03 2.898941e-03 2.359245e-03 1.946802e-03 1.502760e-03 1.122998e-03 1.185931e-03 1.101407e-03 6.771362e-04 6.549350e-04 5.435515e-04 4.891964e-04 4.015791e-04 5.081025e-04 3.789549e-04 2.457151e-04 1.848075e-04 2.011847e-04 1.341678e-04 1.207892e-04 1.964644e-04 8.632877e-05 6.560105e-05 8.244883e-05 8.063676e-05 4.383480e-05 6.007675e-05 5.043262e-05 8.235629e-05 6.458038e-05 3.166320e-05 2.329507e-05 1.523976e-05 1.496013e-05 2.203587e-05 7.215286e-06 2.835921e-05 6.968609e-06 2.055447e-05 6.738242e-06 1.325735e-05 0.000000e+00 0.000000e+00 1.896110e-05 0.000000e+00 1.226056e-05 0.000000e+00 5.951294e-06 0.000000e+00 0.000000e+00 5.701589e-06 0.000000e+00 0.000000e+00 5.471995e-06 5.399518e-06 0.000000e+00 0.000000e+00 1.038633e-05 0.000000e+00 0.000000e+00 0.000000e+00 0.000000e+00 0.000000e+00 0.000000e+00 0.000000e+00 0.000000e+00 0.000000e+00 0.000000e+00 0.000000e+00 0.000000e+00 4.455340e-06 0.000000e+00 0.000000e+00 0.000000e+00 0.000000e+00 0.000000e+00 0.000000e+00 0.000000e+00 0.000000e+00
SPEC pinc sel0 meanpt 0.6183 yield 0.04902 6.275252e-02 6.426828e-02 6.056982e-02 5.794539e-02 5.567897e-02 4.539016e-02 4.491318e-02 3.916727e-02 3.027956e-02 2.986848e-02 2.472856e-02 2.036392e-02 1.793449e-02 1.414711e-02 1.216791e-02 1.041475e-02 8.708738e-03 6.444151e-03 5.702540e-03 4.174174e-03 3.637827e-03 3.299425e-03 2.748581e-03 2.205917e-03 1.856034e-03 1.747584e-03 1.166850e-03 1.174026e-03 8.935014e-04 8.632133e-04 7.752747e-04 6.207404e-04 5.176908e-04 4.750894e-04 4.085965e-04 2.561850e-04 3.363744e-04 1.940175e-04 2.480337e-04 2.417543e-04 1.459622e-04 1.205304e-04 9.629543e-05 9.408174e-05 9.196754e-05 4.997015e-05 5.867463e-05 9.573230e-05 6.563090e-05 2.755930e-05 4.502261e-05 2.648903e-05 1.732299e-05 3.399839e-05 4.171820e-05 2.457991e-05 1.609658e-05 7.908320e-06 1.554627e-05 7.642494e-06 1.503234e-05 7.393958e-06 7.275655e-06 0.000000e+00 0.000000e+00 1.388484e-05 2.051406e-05 0.000000e+00 0.000000e+00 0.000000e+00 6.450048e-06 0.000000e+00 6.272116e-06 0.000000e+00 0.000000e+00 0.000000e+00 0.000000e+00 5.867463e-06 0.000000e+00 0.000000e+00 5.648800e-06 0.000000e+00 0.000000e+00 5.445849e-06 0.000000e+00 0.000000e+00 0.000000e+00 0.000000e+00 0.000000e+00 0.000000e+00 0.000000e+00 0.000000e+00 0.000000e+00 4.863405e-06 4.811941e-06 0.000000e+00 0.000000e+00 0.000000e+00 0.000000e+00 0.000000e+00
SPEC pinc sel1 meanpt 0.6232 yield 0.08399 7.337946e-02 7.854319e-02 7.272719e-02 6.837102e-02 6.540737e-02 5.559050e-02 5.174192e-02 4.506042e-02 3.769690e-02 3.535946e-02 3.008946e-02 2.438892e-02 2.132896e-02 1.736345e-02 1.498515e-02 1.215101e-02 9.981582e-03 7.710667e-03 6.346331e-03 5.226457e-03 4.553901e-03 4.190403e-03 3.297546e-03 2.827624e-03 2.462621e-03 2.222167e-03 1.599887e-03 1.245227e-03 1.158623e-03 1.036433e-03 8.955234e-04 6.988520e-04 6.397183e-04 5.597769e-04 5.435515e-04 3.100540e-04 3.574037e-04 2.609047e-04 2.329507e-04 3.509003e-04 1.711181e-04 1.571715e-04 1.438813e-04 1.218305e-04 1.190927e-04 6.271748e-05 7.013568e-05 8.582392e-05 7.564892e-05 4.117815e-05 4.843528e-05 3.957899e-05 4.659013e-05 4.571929e-05 5.236047e-05 2.938116e-05 1.443057e-05 1.417960e-05 2.090583e-05 1.370298e-05 1.347648e-05 6.628677e-06 6.522618e-06 6.419900e-06 0.000000e+00 1.867162e-05 1.839084e-05 6.039461e-06 5.951294e-06 0.000000e+00 5.782463e-06 5.701589e-06 1.124589e-05 0.000000e+00 0.000000e+00 0.000000e+00 0.000000e+00 5.260176e-06 0.000000e+00 0.000000e+00 5.064145e-06 0.000000e+00 0.000000e+00 4.882199e-06 0.000000e+00 0.000000e+00 0.000000e+00 0.000000e+00 4.606369e-06 0.000000e+00 0.000000e+00 0.000000e+00 0.000000e+00 4.360039e-06 4.313901e-06 0.000000e+00 0.000000e+00 0.000000e+00 0.000000e+00 0.000000e+00
SPEC pbarinc sel0 meanpt 0.5990 yield 0.04302 5.638632e-02 6.275252e-02 5.474930e-02 4.989020e-02 5.072748e-02 4.257911e-02 4.043585e-02 3.286171e-02 3.070754e-02 2.527333e-02 2.130727e-02 1.988943e-02 1.436942e-02 1.394500e-02 1.041171e-02 8.419810e-03 7.000062e-03 5.690601e-03 4.965143e-03 3.334675e-03 3.482554e-03 2.686070e-03 2.202907e-03 1.876964e-03 1.670431e-03 1.176944e-03 8.751377e-04 9.755991e-04 9.413676e-04 4.932647e-04 5.516377e-04 4.330747e-04 4.337409e-04 3.257756e-04 3.690549e-04 3.074220e-04 2.242496e-04 1.576392e-04 1.771669e-04 1.151211e-04 7.859503e-05 1.643597e-04 6.419695e-05 5.226763e-05 7.153031e-05 5.996419e-05 2.933732e-05 3.829292e-05 3.750337e-05 6.430503e-05 5.402714e-05 1.765936e-05 8.661494e-06 1.699919e-05 1.668728e-05 8.193305e-06 8.048290e-06 1.581664e-05 7.773135e-06 1.528499e-05 7.516172e-06 1.478792e-05 0.000000e+00 0.000000e+00 7.050053e-06 0.000000e+00 0.000000e+00 0.000000e+00 6.638371e-06 0.000000e+00 0.000000e+00 6.359838e-06 0.000000e+00 0.000000e+00 0.000000e+00 6.022893e-06 0.000000e+00 0.000000e+00 5.792719e-06 0.000000e+00 0.000000e+00 0.000000e+00 0.000000e+00 0.000000e+00 0.000000e+00 0.000000e+00 0.000000e+00 0.000000e+00 0.000000e+00 0.000000e+00 0.000000e+00 4.969709e-06 0.000000e+00 0.000000e+00 0.000000e+00 0.000000e+00 0.000000e+00 0.000000e+00 0.000000e+00 0.000000e+00
SPEC pbarinc sel1 meanpt 0.6063 yield 0.07395 6.441086e-02 7.066170e-02 6.538925e-02 6.033422e-02 5.761646e-02 5.114326e-02 4.728898e-02 4.163605e-02 3.558664e-02 3.115408e-02 2.620695e-02 2.367994e-02 1.764368e-02 1.621595e-02 1.211745e-02 1.002064e-02 8.301514e-03 6.872044e-03 6.280224e-03 4.327506e-03 4.156181e-03 3.337154e-03 2.898941e-03 2.359245e-03 1.946802e-03 1.502760e-03 1.122998e-03 1.185931e-03 1.101407e-03 6.771362e-04 6.549350e-04 5.435515e-04 4.891964e-04 4.015791e-04 5.081025e-04 3.789549e-04 2.457151e-04 1.848075e-04 2.011847e-04 1.341678e-04 1.207892e-04 1.964644e-04 8.632877e-05 6.560105e-05 8.244883e-05 8.063676e-05 4.383480e-05 6.007675e-05 5.043262e-05 8.235629e-05 6.458038e-05 3.166320e-05 2.329507e-05 1.523976e-05 1.496013e-05 2.203587e-05 7.215286e-06 2.835921e-05 6.968609e-06 2.055447e-05 6.738242e-06 1.325735e-05 0.000000e+00 0.000000e+00 1.896110e-05 0.000000e+00 1.226056e-05 0.000000e+00 5.951294e-06 0.000000e+00 0.000000e+00 5.701589e-06 0.000000e+00 0.000000e+00 5.471995e-06 5.399518e-06 0.000000e+00 0.000000e+00 1.038633e-05 0.000000e+00 0.000000e+00 0.000000e+00 0.000000e+00 0.000000e+00 0.000000e+00 0.000000e+00 0.000000e+00 0.000000e+00 0.000000e+00 0.000000e+00 0.000000e+00 4.455340e-06 0.000000e+00 0.000000e+00 0.000000e+00 0.000000e+00 0.000000e+00 0.000000e+00 0.000000e+00 0.000000e+00
SPEC chpm sel0eta05 meanpt 0.5130 yield 1.72434 8.638930e-01 1.721632e+00 2.147700e+00 2.173966e+00 1.985405e+00 1.684554e+00 1.390035e+00 1.132037e+00 9.138490e-01 7.275559e-01 5.853870e-01 4.637083e-01 3.692904e-01 2.963583e-01 2.318394e-01 1.832438e-01 1.414260e-01 1.151372e-01 8.974618e-02 7.376628e-02 5.816531e-02 4.968595e-02 4.054561e-02 3.287396e-02 2.736166e-02 2.265617e-02 1.859410e-02 1.564927e-02 1.400563e-02 1.148074e-02 9.517987e-03 8.528684e-03 7.002817e-03 6.442212e-03 5.222127e-03 4.734299e-03 3.706348e-03 3.352864e-03 2.984672e-03 2.723766e-03 2.098487e-03 1.925200e-03 1.527887e-03 1.463494e-03 1.359076e-03 1.252252e-03 1.006270e-03 8.912677e-04 7.875709e-04 7.137858e-04 5.924976e-04 4.759196e-04 5.153589e-04 4.938266e-04 5.198088e-04 3.269129e-04 2.873240e-04 3.210778e-04 2.666185e-04 2.781868e-04 2.472821e-04 2.018550e-04 1.833465e-04 1.253189e-04 1.727263e-04 1.020536e-04 1.388118e-04 9.431404e-05 7.899661e-05 5.953998e-05 4.063530e-05 4.897075e-05 7.024770e-05 4.330747e-05 4.272616e-05 5.059230e-05 2.496548e-05 2.875057e-05 4.460393e-05 2.802729e-05 3.558744e-05 7.811286e-06 1.157490e-05 2.287257e-05 2.260189e-05 2.606046e-05 1.103965e-05 1.455131e-05 2.158033e-05 2.133921e-05 1.758618e-05 6.957593e-06 1.376475e-05 3.404384e-06 1.347343e-05 0.000000e+00 0.000000e+00 3.264717e-06 3.231572e-06 3.199094e-06
