# gen_world det_p1.35_s0.300_k0.270_q0.110 mode cfgset ../../island_post/official_pp_mb_mdc2.cfg|MultipartonInteractions:pT0Ref=1.35;StringPT:sigma=0.300;StringFlav:probStoUD=0.27;StringFlav:probQQtoQ=0.11 nev 200000 seed 20260966
SUMMARY nev 200000 nnsd 156103 dnde 1.7547 eps 0.4658 classN 6.4786 13.5864 6.7856 1.3519 meanpt_ch05 0.4930
SPEC pip sel0 meanpt 0.4279 yield 0.61145 1.908040e+00 1.821036e+00 1.672309e+00 1.419922e+00 1.174715e+00 9.434374e-01 7.277753e-01 5.674404e-01 4.419960e-01 3.401847e-01 2.569865e-01 2.000014e-01 1.464953e-01 1.096401e-01 8.812323e-02 6.729980e-02 5.142565e-02 4.102949e-02 3.126565e-02 2.621101e-02 1.849968e-02 1.592607e-02 1.283345e-02 1.015883e-02 8.129430e-03 6.615853e-03 6.383357e-03 5.506348e-03 3.909069e-03 3.730314e-03 3.160735e-03 2.713935e-03 2.140721e-03 1.778192e-03 1.845275e-03 1.447445e-03 1.245831e-03 1.042844e-03 1.133868e-03 7.828236e-04 5.389374e-04 6.903106e-04 4.707776e-04 4.495016e-04 4.700563e-04 3.497911e-04 2.738150e-04 2.680504e-04 2.156444e-04 2.939658e-04 2.161086e-04 2.030826e-04 1.559069e-04 1.104948e-04 1.668728e-04 1.228996e-04 8.853119e-05 9.489984e-05 6.995822e-05 8.406744e-05 6.012938e-05 5.915166e-05 4.365393e-05 3.580539e-05 5.640042e-05 4.859693e-05 2.051406e-05 2.694687e-05 1.991511e-05 0.000000e+00 1.935015e-05 4.451887e-05 1.254423e-05 2.474712e-05 1.220747e-05 1.204579e-05 1.188832e-05 2.346985e-05 1.158544e-05 5.719854e-06 1.694640e-05 5.579490e-06 0.000000e+00 0.000000e+00 5.381401e-06 1.595538e-05 5.256976e-06 5.196896e-06 0.000000e+00 5.080764e-06 0.000000e+00 0.000000e+00 0.000000e+00 0.000000e+00 0.000000e+00 9.523108e-06 0.000000e+00 4.663881e-06 0.000000e+00 4.570135e-06
SPEC pip sel1 meanpt 0.4319 yield 1.03334 2.234855e+00 2.130453e+00 1.964715e+00 1.673229e+00 1.380880e+00 1.105341e+00 8.626969e-01 6.663240e-01 5.258963e-01 4.009518e-01 3.042728e-01 2.322094e-01 1.735357e-01 1.331609e-01 1.039239e-01 7.990647e-02 6.107418e-02 4.924139e-02 3.809262e-02 3.063881e-02 2.317613e-02 1.982196e-02 1.578718e-02 1.249492e-02 1.033700e-02 8.380308e-03 7.386934e-03 6.554785e-03 5.008320e-03 4.575882e-03 4.145059e-03 3.223723e-03 2.610050e-03 2.288663e-03 2.257788e-03 1.677233e-03 1.541896e-03 1.315900e-03 1.302907e-03 1.084079e-03 8.357799e-04 8.647756e-04 6.429168e-04 5.718860e-04 5.498701e-04 4.212650e-04 4.297462e-04 3.520133e-04 2.858947e-04 3.295518e-04 2.584208e-04 2.613218e-04 1.942002e-04 1.753246e-04 1.945565e-04 1.763547e-04 1.010528e-04 1.276655e-04 1.115406e-04 1.096660e-04 6.740832e-05 7.294347e-05 5.220100e-05 5.780131e-05 4.425957e-05 6.226265e-05 2.453055e-05 3.625070e-05 2.381433e-05 1.173584e-05 4.049280e-05 3.992647e-05 2.250043e-05 2.219430e-05 3.284459e-05 1.080319e-05 2.132394e-05 2.631099e-05 1.558549e-05 5.129815e-06 1.519827e-05 1.501179e-05 9.886553e-06 4.884076e-06 4.826276e-06 1.430949e-05 4.714686e-06 1.398241e-05 0.000000e+00 4.556652e-06 0.000000e+00 0.000000e+00 0.000000e+00 0.000000e+00 0.000000e+00 8.540740e-06 0.000000e+00 4.182773e-06 0.000000e+00 4.098697e-06
SPEC pim sel0 meanpt 0.4291 yield 0.59491 1.840741e+00 1.768590e+00 1.612831e+00 1.402772e+00 1.136922e+00 9.011890e-01 7.147631e-01 5.590128e-01 4.300126e-01 3.242932e-01 2.493211e-01 1.893647e-01 1.451857e-01 1.072485e-01 8.439132e-02 6.445408e-02 5.010280e-02 4.113343e-02 3.121649e-02 2.436878e-02 2.080660e-02 1.634907e-02 1.341954e-02 9.965325e-03 9.094568e-03 6.883340e-03 6.160283e-03 4.629962e-03 3.877158e-03 3.606998e-03 2.683643e-03 2.309732e-03 2.070763e-03 2.103967e-03 1.397137e-03 1.460255e-03 1.146165e-03 1.151979e-03 1.015757e-03 7.367751e-04 7.185832e-04 5.588229e-04 5.242751e-04 5.331299e-04 4.496191e-04 4.597254e-04 2.640359e-04 3.446363e-04 2.812753e-04 1.653558e-04 2.431221e-04 9.712646e-05 1.818914e-04 1.444931e-04 1.668728e-04 5.735313e-05 6.438632e-05 1.107165e-04 7.773135e-05 6.878245e-05 5.261320e-05 4.436375e-05 5.820524e-05 5.012754e-05 3.525026e-05 4.165451e-05 2.735208e-05 4.042030e-05 3.319185e-05 1.962856e-05 1.935015e-05 1.907951e-05 1.254423e-05 6.186781e-06 4.272616e-05 6.022893e-06 1.783249e-05 5.867463e-06 1.158544e-05 5.719854e-06 0.000000e+00 1.115898e-05 5.511860e-06 5.445849e-06 1.076280e-05 0.000000e+00 0.000000e+00 5.196896e-06 1.027635e-05 0.000000e+00 0.000000e+00 0.000000e+00 4.915983e-06 0.000000e+00 4.811941e-06 0.000000e+00 4.712211e-06 0.000000e+00 0.000000e+00 0.000000e+00
SPEC pim sel1 meanpt 0.4326 yield 1.00591 2.185101e+00 2.080156e+00 1.893428e+00 1.644099e+00 1.339191e+00 1.069231e+00 8.429960e-01 6.507725e-01 5.032503e-01 3.882879e-01 2.959222e-01 2.263226e-01 1.705341e-01 1.293546e-01 1.006051e-01 7.630187e-02 6.132135e-02 4.961426e-02 3.718881e-02 2.942581e-02 2.464826e-02 1.938569e-02 1.600468e-02 1.213049e-02 1.061997e-02 8.348322e-03 7.756281e-03 5.991251e-03 4.994010e-03 4.340867e-03 3.382903e-03 2.925949e-03 2.522212e-03 2.617354e-03 1.784953e-03 1.906991e-03 1.418991e-03 1.381152e-03 1.228757e-03 8.982372e-04 8.156407e-04 7.370247e-04 6.333210e-04 6.187619e-04 5.315411e-04 5.019327e-04 3.858945e-04 4.035275e-04 4.120247e-04 2.389250e-04 2.987991e-04 1.583768e-04 1.942002e-04 1.600790e-04 2.170053e-04 1.102217e-04 1.082709e-04 1.418506e-04 6.971288e-05 8.224948e-05 8.763082e-05 6.631225e-05 7.177638e-05 5.780131e-05 5.058237e-05 5.603638e-05 3.066318e-05 4.833426e-05 3.572149e-05 1.760376e-05 2.313874e-05 2.281512e-05 1.687532e-05 1.664573e-05 4.379279e-05 1.080319e-05 1.599295e-05 5.262198e-06 1.558549e-05 1.538945e-05 0.000000e+00 1.000786e-05 4.943277e-06 4.884076e-06 9.652552e-06 4.769828e-06 4.714686e-06 9.321608e-06 1.382442e-05 0.000000e+00 4.506302e-06 0.000000e+00 8.817737e-06 0.000000e+00 8.631118e-06 0.000000e+00 4.226117e-06 0.000000e+00 0.000000e+00 0.000000e+00
SPEC kp sel0 meanpt 0.5155 yield 0.09227 1.882576e-01 1.821945e-01 1.738881e-01 1.577258e-01 1.375301e-01 1.185601e-01 1.010197e-01 8.306372e-02 6.542739e-02 5.767871e-02 4.525630e-02 3.562698e-02 2.739284e-02 2.384798e-02 1.724832e-02 1.378854e-02 1.129931e-02 8.081173e-03 6.980696e-03 6.552753e-03 4.769103e-03 4.208882e-03 2.991102e-03 2.418768e-03 2.245802e-03 2.193396e-03 1.836073e-03 1.388989e-03 1.132832e-03 1.001944e-03 6.261834e-04 8.372777e-04 5.736574e-04 6.786991e-04 3.031523e-04 4.355145e-04 3.239161e-04 2.546479e-04 1.771669e-04 1.841938e-04 1.347343e-04 1.314877e-04 1.069949e-04 8.362821e-05 1.021862e-04 1.599045e-04 4.889553e-05 9.573230e-06 4.687922e-05 2.755930e-05 5.402714e-05 4.414839e-05 5.196896e-05 2.549879e-05 5.840548e-05 1.638661e-05 2.414487e-05 2.372496e-05 3.109254e-05 7.642494e-06 1.503234e-05 7.393958e-06 7.275655e-06 0.000000e+00 7.050053e-06 0.000000e+00 6.838021e-06 1.347343e-05 0.000000e+00 0.000000e+00 1.290010e-05 0.000000e+00 0.000000e+00 1.237356e-05 0.000000e+00 6.022893e-06 0.000000e+00 0.000000e+00 5.792719e-06 0.000000e+00 1.129760e-05 0.000000e+00 5.511860e-06 0.000000e+00 0.000000e+00 5.318461e-06 5.256976e-06 0.000000e+00 0.000000e+00 0.000000e+00 0.000000e+00 4.969709e-06 0.000000e+00 4.863405e-06 0.000000e+00 0.000000e+00 0.000000e+00 0.000000e+00 0.000000e+00 0.000000e+00
SPEC kp sel1 meanpt 0.5202 yield 0.15681 2.316419e-01 2.093478e-01 2.026051e-01 1.877139e-01 1.634906e-01 1.425147e-01 1.173268e-01 9.804001e-02 7.945300e-02 6.701132e-02 5.359924e-02 4.220054e-02 3.207099e-02 2.833596e-02 2.036289e-02 1.644437e-02 1.356929e-02 1.037029e-02 8.663427e-03 7.612646e-03 5.968102e-03 4.893844e-03 3.788198e-03 2.950190e-03 2.496859e-03 2.558873e-03 2.077575e-03 1.675771e-03 1.659900e-03 1.230373e-03 8.958676e-04 9.451074e-04 7.152541e-04 7.669457e-04 4.728352e-04 5.399311e-04 3.798874e-04 3.262563e-04 2.330402e-04 2.271404e-04 1.711838e-04 1.867129e-04 1.631281e-04 8.437662e-05 1.649610e-04 1.971879e-04 7.016264e-05 2.575707e-05 5.045200e-05 4.119397e-05 6.460520e-05 6.335073e-05 5.437604e-05 3.049124e-05 5.986353e-05 2.939246e-05 2.887224e-05 2.837011e-05 3.485644e-05 6.854123e-06 1.348166e-05 1.989367e-05 6.525125e-06 6.422367e-06 1.896839e-05 0.000000e+00 1.226527e-05 2.416713e-05 0.000000e+00 0.000000e+00 1.156937e-05 5.703781e-06 0.000000e+00 1.109715e-05 5.474098e-06 5.401594e-06 5.330985e-06 0.000000e+00 5.195163e-06 0.000000e+00 1.013218e-05 0.000000e+00 4.943277e-06 0.000000e+00 0.000000e+00 4.769828e-06 4.714686e-06 0.000000e+00 0.000000e+00 0.000000e+00 0.000000e+00 4.457053e-06 0.000000e+00 4.361715e-06 0.000000e+00 0.000000e+00 0.000000e+00 0.000000e+00 0.000000e+00 0.000000e+00
SPEC km sel0 meanpt 0.5132 yield 0.08630 1.691590e-01 1.661274e-01 1.573360e-01 1.421351e-01 1.372269e-01 1.113671e-01 9.248476e-02 7.888022e-02 6.521340e-02 5.207837e-02 4.200824e-02 3.590377e-02 2.746560e-02 2.162486e-02 1.583709e-02 1.208697e-02 1.014182e-02 8.678816e-03 6.808636e-03 4.780478e-03 4.392011e-03 4.060830e-03 2.829421e-03 2.496169e-03 2.078758e-03 1.426599e-03 1.235489e-03 1.322846e-03 9.892337e-04 8.323842e-04 7.156382e-04 5.196896e-04 5.456741e-04 4.479414e-04 3.426939e-04 4.611330e-04 1.993330e-04 2.061435e-04 2.480337e-04 1.957059e-04 1.796458e-04 1.643597e-04 8.559594e-05 6.272116e-05 9.196754e-05 9.994031e-05 7.823284e-05 2.871969e-05 2.812753e-05 9.186433e-06 8.104071e-05 4.414839e-05 2.598448e-05 1.699919e-05 2.503092e-05 3.277322e-05 4.828974e-05 1.581664e-05 1.554627e-05 0.000000e+00 0.000000e+00 2.218187e-05 7.275655e-06 3.580539e-05 1.410011e-05 2.082726e-05 6.838021e-06 0.000000e+00 0.000000e+00 0.000000e+00 1.290010e-05 6.359838e-06 1.254423e-05 1.237356e-05 6.103737e-06 6.022893e-06 1.783249e-05 0.000000e+00 5.792719e-06 1.143971e-05 0.000000e+00 0.000000e+00 5.511860e-06 0.000000e+00 5.381401e-06 0.000000e+00 0.000000e+00 0.000000e+00 0.000000e+00 0.000000e+00 0.000000e+00 0.000000e+00 4.915983e-06 0.000000e+00 0.000000e+00 0.000000e+00 0.000000e+00 0.000000e+00 0.000000e+00 0.000000e+00
SPEC km sel1 meanpt 0.5195 yield 0.14697 2.047258e-01 1.930350e-01 1.867817e-01 1.679055e-01 1.585062e-01 1.299093e-01 1.104879e-01 9.466869e-02 7.691012e-02 6.009984e-02 4.967640e-02 4.251970e-02 3.324551e-02 2.555674e-02 1.937850e-02 1.507620e-02 1.233348e-02 1.037029e-02 8.222540e-03 6.378728e-03 5.132568e-03 4.817970e-03 3.625070e-03 3.054314e-03 2.746545e-03 1.823197e-03 1.815955e-03 1.675771e-03 1.130449e-03 1.050656e-03 9.627234e-04 6.602805e-04 7.403508e-04 5.478184e-04 4.846560e-04 5.054675e-04 2.905022e-04 2.392546e-04 2.860039e-04 2.477896e-04 2.416713e-04 1.572319e-04 1.055535e-04 1.125022e-04 1.099740e-04 1.165201e-04 1.052440e-04 4.292846e-05 5.045200e-05 1.647759e-05 7.268085e-05 4.751305e-05 4.660804e-05 3.049124e-05 2.244883e-05 5.143680e-05 4.330835e-05 2.127758e-05 1.394258e-05 6.854123e-06 6.740832e-06 1.989367e-05 6.525125e-06 3.211184e-05 1.264559e-05 2.490506e-05 6.132637e-06 0.000000e+00 5.953581e-06 0.000000e+00 1.156937e-05 1.140756e-05 1.125022e-05 1.664573e-05 5.474098e-06 5.401594e-06 1.599295e-05 0.000000e+00 5.195163e-06 1.025963e-05 0.000000e+00 5.003930e-06 4.943277e-06 0.000000e+00 4.826276e-06 0.000000e+00 0.000000e+00 0.000000e+00 0.000000e+00 0.000000e+00 0.000000e+00 0.000000e+00 4.408868e-06 0.000000e+00 0.000000e+00 0.000000e+00 0.000000e+00 0.000000e+00 0.000000e+00 0.000000e+00
SPEC p sel0 meanpt 0.5954 yield 0.05078 8.457948e-02 7.184709e-02 6.729980e-02 6.392182e-02 6.214622e-02 5.704775e-02 4.680205e-02 4.031925e-02 3.680625e-02 3.144806e-02 2.503172e-02 1.992897e-02 1.764346e-02 1.354080e-02 1.157205e-02 9.798664e-03 7.137858e-03 6.158322e-03 5.702540e-03 4.757159e-03 3.593464e-03 2.664920e-03 2.506059e-03 1.973715e-03 1.651871e-03 1.444431e-03 1.424244e-03 1.058277e-03 1.037100e-03 8.477987e-04 5.218195e-04 7.217911e-04 5.316824e-04 5.701073e-04 4.876797e-04 2.818035e-04 3.488328e-04 2.425218e-04 2.834671e-04 1.841938e-04 1.010508e-04 9.861580e-05 7.489644e-05 9.408174e-05 8.174893e-05 3.997612e-05 6.845374e-05 4.786615e-05 7.500675e-05 5.511860e-05 4.502261e-05 8.829678e-06 1.732299e-05 1.699919e-05 2.503092e-05 8.193305e-06 1.609658e-05 0.000000e+00 1.554627e-05 1.528499e-05 1.503234e-05 7.393958e-06 1.455131e-05 1.432215e-05 7.050053e-06 6.942418e-06 6.838021e-06 6.736717e-06 6.638371e-06 6.542855e-06 0.000000e+00 0.000000e+00 6.272116e-06 6.186781e-06 0.000000e+00 0.000000e+00 5.944162e-06 1.173493e-05 5.792719e-06 0.000000e+00 0.000000e+00 0.000000e+00 0.000000e+00 0.000000e+00 0.000000e+00 0.000000e+00 5.256976e-06 5.196896e-06 0.000000e+00 0.000000e+00 0.000000e+00 0.000000e+00 0.000000e+00 0.000000e+00 0.000000e+00 0.000000e+00 0.000000e+00 0.000000e+00 0.000000e+00 0.000000e+00
SPEC p sel1 meanpt 0.6006 yield 0.08719 8.808919e-02 8.319535e-02 8.074843e-02 7.701978e-02 7.476706e-02 6.829137e-02 5.514986e-02 4.725278e-02 4.351683e-02 3.786290e-02 3.099435e-02 2.411459e-02 2.153291e-02 1.700762e-02 1.375339e-02 1.134004e-02 8.774316e-03 7.364070e-03 6.635347e-03 5.667657e-03 4.157778e-03 3.281531e-03 3.081309e-03 2.481630e-03 1.997487e-03 2.047098e-03 1.677450e-03 1.349515e-03 1.144759e-03 1.078305e-03 7.220426e-04 8.415340e-04 5.897709e-04 7.425982e-04 5.437604e-04 3.561248e-04 4.022338e-04 3.806323e-04 3.601530e-04 1.858422e-04 1.409749e-04 1.768859e-04 8.636195e-05 1.125022e-04 1.283030e-04 6.274159e-05 7.016264e-05 6.868553e-05 1.009040e-04 7.414915e-05 4.845390e-05 7.918841e-06 1.553601e-05 2.286843e-05 2.993177e-05 1.469623e-05 1.443612e-05 0.000000e+00 2.091386e-05 1.370825e-05 1.348166e-05 1.989367e-05 1.305025e-05 2.568947e-05 6.322796e-06 6.226265e-06 6.132637e-06 1.208357e-05 5.953581e-06 1.173584e-05 0.000000e+00 5.703781e-06 5.625108e-06 5.548576e-06 0.000000e+00 5.401594e-06 5.330985e-06 1.052440e-05 5.195163e-06 0.000000e+00 0.000000e+00 0.000000e+00 0.000000e+00 0.000000e+00 0.000000e+00 0.000000e+00 4.714686e-06 4.660804e-06 0.000000e+00 0.000000e+00 0.000000e+00 0.000000e+00 0.000000e+00 0.000000e+00 0.000000e+00 0.000000e+00 0.000000e+00 0.000000e+00 0.000000e+00 0.000000e+00
SPEC pbar sel0 meanpt 0.5775 yield 0.04580 6.911872e-02 6.669350e-02 6.893683e-02 6.145330e-02 5.386005e-02 5.258314e-02 4.582263e-02 3.759088e-02 3.161700e-02 2.824103e-02 2.256319e-02 1.977080e-02 1.567904e-02 1.343975e-02 1.000402e-02 8.683846e-03 6.972502e-03 5.716586e-03 4.276905e-03 3.241397e-03 2.794916e-03 2.220767e-03 2.122066e-03 1.896314e-03 1.392026e-03 1.355269e-03 9.437759e-04 9.590636e-04 9.413676e-04 6.782390e-04 6.709108e-04 4.186389e-04 4.757159e-04 3.122016e-04 2.240691e-04 2.946128e-04 1.993330e-04 2.061435e-04 5.905564e-05 1.841938e-04 1.010508e-04 1.205304e-04 1.069949e-04 1.045353e-04 2.043723e-05 4.997015e-05 3.911642e-05 7.658584e-05 5.625506e-05 9.186433e-05 9.004523e-06 4.414839e-05 5.196896e-05 0.000000e+00 1.668728e-05 8.193305e-06 8.048290e-06 7.908320e-06 0.000000e+00 5.349746e-05 1.503234e-05 0.000000e+00 0.000000e+00 0.000000e+00 7.050053e-06 0.000000e+00 1.367604e-05 0.000000e+00 0.000000e+00 0.000000e+00 0.000000e+00 0.000000e+00 0.000000e+00 0.000000e+00 1.220747e-05 0.000000e+00 1.188832e-05 0.000000e+00 0.000000e+00 0.000000e+00 0.000000e+00 0.000000e+00 0.000000e+00 0.000000e+00 0.000000e+00 0.000000e+00 0.000000e+00 0.000000e+00 0.000000e+00 0.000000e+00 0.000000e+00 0.000000e+00 0.000000e+00 0.000000e+00 0.000000e+00 0.000000e+00 0.000000e+00 0.000000e+00 0.000000e+00 0.000000e+00
SPEC pbar sel1 meanpt 0.5849 yield 0.07823 8.319535e-02 7.585458e-02 7.813838e-02 6.932946e-02 6.343872e-02 6.332338e-02 5.326761e-02 4.545837e-02 3.732756e-02 3.253977e-02 2.788714e-02 2.344080e-02 1.889024e-02 1.595031e-02 1.223461e-02 1.039284e-02 8.279989e-03 7.270854e-03 5.731529e-03 4.308256e-03 3.779798e-03 2.731448e-03 2.791304e-03 2.203965e-03 1.597990e-03 1.615288e-03 1.169598e-03 1.082578e-03 1.159068e-03 7.741674e-04 7.086714e-04 5.955472e-04 5.646743e-04 3.773860e-04 2.955220e-04 3.561248e-04 3.240216e-04 2.610050e-04 7.414915e-05 2.064913e-04 1.309053e-04 1.474049e-04 1.247450e-04 1.218773e-04 2.749351e-05 8.066776e-05 6.139231e-05 7.727122e-05 5.886067e-05 9.062674e-05 2.422695e-05 4.751305e-05 5.437604e-05 7.622810e-06 1.496588e-05 1.469623e-05 7.218059e-06 1.418506e-05 0.000000e+00 5.483299e-05 2.022250e-05 0.000000e+00 0.000000e+00 0.000000e+00 1.264559e-05 0.000000e+00 1.226527e-05 6.041783e-06 0.000000e+00 0.000000e+00 0.000000e+00 0.000000e+00 0.000000e+00 0.000000e+00 1.094820e-05 0.000000e+00 1.066197e-05 0.000000e+00 0.000000e+00 0.000000e+00 0.000000e+00 0.000000e+00 0.000000e+00 0.000000e+00 0.000000e+00 0.000000e+00 0.000000e+00 0.000000e+00 0.000000e+00 0.000000e+00 0.000000e+00 0.000000e+00 0.000000e+00 0.000000e+00 0.000000e+00 0.000000e+00 0.000000e+00 0.000000e+00 0.000000e+00 0.000000e+00
SPEC pinc sel0 meanpt 0.5954 yield 0.05078 8.457948e-02 7.184709e-02 6.729980e-02 6.392182e-02 6.214622e-02 5.704775e-02 4.680205e-02 4.031925e-02 3.680625e-02 3.144806e-02 2.503172e-02 1.992897e-02 1.764346e-02 1.354080e-02 1.157205e-02 9.798664e-03 7.137858e-03 6.158322e-03 5.702540e-03 4.757159e-03 3.593464e-03 2.664920e-03 2.506059e-03 1.973715e-03 1.651871e-03 1.444431e-03 1.424244e-03 1.058277e-03 1.037100e-03 8.477987e-04 5.218195e-04 7.217911e-04 5.316824e-04 5.701073e-04 4.876797e-04 2.818035e-04 3.488328e-04 2.425218e-04 2.834671e-04 1.841938e-04 1.010508e-04 9.861580e-05 7.489644e-05 9.408174e-05 8.174893e-05 3.997612e-05 6.845374e-05 4.786615e-05 7.500675e-05 5.511860e-05 4.502261e-05 8.829678e-06 1.732299e-05 1.699919e-05 2.503092e-05 8.193305e-06 1.609658e-05 0.000000e+00 1.554627e-05 1.528499e-05 1.503234e-05 7.393958e-06 1.455131e-05 1.432215e-05 7.050053e-06 6.942418e-06 6.838021e-06 6.736717e-06 6.638371e-06 6.542855e-06 0.000000e+00 0.000000e+00 6.272116e-06 6.186781e-06 0.000000e+00 0.000000e+00 5.944162e-06 1.173493e-05 5.792719e-06 0.000000e+00 0.000000e+00 0.000000e+00 0.000000e+00 0.000000e+00 0.000000e+00 0.000000e+00 5.256976e-06 5.196896e-06 0.000000e+00 0.000000e+00 0.000000e+00 0.000000e+00 0.000000e+00 0.000000e+00 0.000000e+00 0.000000e+00 0.000000e+00 0.000000e+00 0.000000e+00 0.000000e+00
SPEC pinc sel1 meanpt 0.6006 yield 0.08719 8.808919e-02 8.319535e-02 8.074843e-02 7.701978e-02 7.476706e-02 6.829137e-02 5.514986e-02 4.725278e-02 4.351683e-02 3.786290e-02 3.099435e-02 2.411459e-02 2.153291e-02 1.700762e-02 1.375339e-02 1.134004e-02 8.774316e-03 7.364070e-03 6.635347e-03 5.667657e-03 4.157778e-03 3.281531e-03 3.081309e-03 2.481630e-03 1.997487e-03 2.047098e-03 1.677450e-03 1.349515e-03 1.144759e-03 1.078305e-03 7.220426e-04 8.415340e-04 5.897709e-04 7.425982e-04 5.437604e-04 3.561248e-04 4.022338e-04 3.806323e-04 3.601530e-04 1.858422e-04 1.409749e-04 1.768859e-04 8.636195e-05 1.125022e-04 1.283030e-04 6.274159e-05 7.016264e-05 6.868553e-05 1.009040e-04 7.414915e-05 4.845390e-05 7.918841e-06 1.553601e-05 2.286843e-05 2.993177e-05 1.469623e-05 1.443612e-05 0.000000e+00 2.091386e-05 1.370825e-05 1.348166e-05 1.989367e-05 1.305025e-05 2.568947e-05 6.322796e-06 6.226265e-06 6.132637e-06 1.208357e-05 5.953581e-06 1.173584e-05 0.000000e+00 5.703781e-06 5.625108e-06 5.548576e-06 0.000000e+00 5.401594e-06 5.330985e-06 1.052440e-05 5.195163e-06 0.000000e+00 0.000000e+00 0.000000e+00 0.000000e+00 0.000000e+00 0.000000e+00 0.000000e+00 4.714686e-06 4.660804e-06 0.000000e+00 0.000000e+00 0.000000e+00 0.000000e+00 0.000000e+00 0.000000e+00 0.000000e+00 0.000000e+00 0.000000e+00 0.000000e+00 0.000000e+00 0.000000e+00
SPEC pbarinc sel0 meanpt 0.5775 yield 0.04580 6.911872e-02 6.669350e-02 6.893683e-02 6.145330e-02 5.386005e-02 5.258314e-02 4.582263e-02 3.759088e-02 3.161700e-02 2.824103e-02 2.256319e-02 1.977080e-02 1.567904e-02 1.343975e-02 1.000402e-02 8.683846e-03 6.972502e-03 5.716586e-03 4.276905e-03 3.241397e-03 2.794916e-03 2.220767e-03 2.122066e-03 1.896314e-03 1.392026e-03 1.355269e-03 9.437759e-04 9.590636e-04 9.413676e-04 6.782390e-04 6.709108e-04 4.186389e-04 4.757159e-04 3.122016e-04 2.240691e-04 2.946128e-04 1.993330e-04 2.061435e-04 5.905564e-05 1.841938e-04 1.010508e-04 1.205304e-04 1.069949e-04 1.045353e-04 2.043723e-05 4.997015e-05 3.911642e-05 7.658584e-05 5.625506e-05 9.186433e-05 9.004523e-06 4.414839e-05 5.196896e-05 0.000000e+00 1.668728e-05 8.193305e-06 8.048290e-06 7.908320e-06 0.000000e+00 5.349746e-05 1.503234e-05 0.000000e+00 0.000000e+00 0.000000e+00 7.050053e-06 0.000000e+00 1.367604e-05 0.000000e+00 0.000000e+00 0.000000e+00 0.000000e+00 0.000000e+00 0.000000e+00 0.000000e+00 1.220747e-05 0.000000e+00 1.188832e-05 0.000000e+00 0.000000e+00 0.000000e+00 0.000000e+00 0.000000e+00 0.000000e+00 0.000000e+00 0.000000e+00 0.000000e+00 0.000000e+00 0.000000e+00 0.000000e+00 0.000000e+00 0.000000e+00 0.000000e+00 0.000000e+00 0.000000e+00 0.000000e+00 0.000000e+00 0.000000e+00 0.000000e+00 0.000000e+00 0.000000e+00
SPEC pbarinc sel1 meanpt 0.5849 yield 0.07823 8.319535e-02 7.585458e-02 7.813838e-02 6.932946e-02 6.343872e-02 6.332338e-02 5.326761e-02 4.545837e-02 3.732756e-02 3.253977e-02 2.788714e-02 2.344080e-02 1.889024e-02 1.595031e-02 1.223461e-02 1.039284e-02 8.279989e-03 7.270854e-03 5.731529e-03 4.308256e-03 3.779798e-03 2.731448e-03 2.791304e-03 2.203965e-03 1.597990e-03 1.615288e-03 1.169598e-03 1.082578e-03 1.159068e-03 7.741674e-04 7.086714e-04 5.955472e-04 5.646743e-04 3.773860e-04 2.955220e-04 3.561248e-04 3.240216e-04 2.610050e-04 7.414915e-05 2.064913e-04 1.309053e-04 1.474049e-04 1.247450e-04 1.218773e-04 2.749351e-05 8.066776e-05 6.139231e-05 7.727122e-05 5.886067e-05 9.062674e-05 2.422695e-05 4.751305e-05 5.437604e-05 7.622810e-06 1.496588e-05 1.469623e-05 7.218059e-06 1.418506e-05 0.000000e+00 5.483299e-05 2.022250e-05 0.000000e+00 0.000000e+00 0.000000e+00 1.264559e-05 0.000000e+00 1.226527e-05 6.041783e-06 0.000000e+00 0.000000e+00 0.000000e+00 0.000000e+00 0.000000e+00 0.000000e+00 1.094820e-05 0.000000e+00 1.066197e-05 0.000000e+00 0.000000e+00 0.000000e+00 0.000000e+00 0.000000e+00 0.000000e+00 0.000000e+00 0.000000e+00 0.000000e+00 0.000000e+00 0.000000e+00 0.000000e+00 0.000000e+00 0.000000e+00 0.000000e+00 0.000000e+00 0.000000e+00 0.000000e+00 0.000000e+00 0.000000e+00 0.000000e+00 0.000000e+00 0.000000e+00
SPEC chpm sel0eta05 meanpt 0.4930 yield 1.75474 9.638423e-01 1.863598e+00 2.347217e+00 2.364770e+00 2.133808e+00 1.810373e+00 1.486066e+00 1.190946e+00 9.556037e-01 7.524846e-01 5.866603e-01 4.613002e-01 3.507011e-01 2.721432e-01 2.122139e-01 1.656854e-01 1.311051e-01 1.067157e-01 8.317351e-02 6.730214e-02 5.397293e-02 4.478546e-02 3.652783e-02 2.863434e-02 2.438643e-02 2.014714e-02 1.789742e-02 1.489690e-02 1.235266e-02 1.069305e-02 8.766567e-03 7.629332e-03 6.415168e-03 6.024133e-03 4.871525e-03 4.438405e-03 3.566815e-03 3.225540e-03 2.901994e-03 2.312783e-03 1.957016e-03 1.909859e-03 1.542867e-03 1.419589e-03 1.280393e-03 1.126327e-03 9.309708e-04 8.108526e-04 8.335125e-04 6.430503e-04 6.429229e-04 5.006427e-04 5.032328e-04 3.688825e-04 4.614033e-04 3.383835e-04 2.535211e-04 2.878629e-04 2.067654e-04 2.407386e-04 1.683623e-04 1.604489e-04 1.222310e-04 1.654209e-04 1.283110e-04 1.263520e-04 7.658584e-05 9.902974e-05 7.434975e-05 3.205999e-05 6.772551e-05 7.568207e-05 5.707626e-05 6.063045e-05 8.545232e-05 3.372820e-05 6.241370e-05 3.696502e-05 4.054903e-05 2.802729e-05 2.767912e-05 3.124514e-05 1.929151e-05 7.624189e-06 1.506792e-05 1.861461e-05 1.471953e-05 2.182696e-05 1.079017e-05 7.113070e-06 3.517236e-06 1.043639e-05 1.376475e-05 6.808768e-06 6.736717e-06 6.666176e-06 3.298548e-06 3.264717e-06 0.000000e+00 3.199094e-06
