# gen_world det_p1.15_s0.335_k0.270_q0.110 mode cfgset ../../island_post/official_pp_mb_mdc2.cfg|MultipartonInteractions:pT0Ref=1.15;StringPT:sigma=0.335;StringFlav:probStoUD=0.27;StringFlav:probQQtoQ=0.11 nev 200000 seed 20260961
SUMMARY nev 200000 nnsd 155933 dnde 2.2148 eps 0.4578 classN 6.5767 14.1870 8.4993 2.2499 meanpt_ch05 0.5439
SPEC pip sel0 meanpt 0.4713 yield 0.75668 2.247268e+00 2.075380e+00 1.893671e+00 1.607140e+00 1.318106e+00 1.063899e+00 8.566384e-01 6.635397e-01 5.317648e-01 4.017406e-01 3.219477e-01 2.482026e-01 1.962972e-01 1.541024e-01 1.234352e-01 9.443682e-02 7.788257e-02 6.181708e-02 4.901235e-02 3.966631e-02 3.209717e-02 2.855271e-02 2.152381e-02 1.882769e-02 1.518236e-02 1.248274e-02 1.149691e-02 9.226853e-03 7.323521e-03 6.289125e-03 5.620741e-03 4.561720e-03 4.505309e-03 3.719271e-03 3.374217e-03 2.408139e-03 2.117913e-03 1.903796e-03 1.677180e-03 1.634720e-03 1.201381e-03 1.260091e-03 9.522548e-04 9.826315e-04 9.605499e-04 6.396180e-04 7.529911e-04 6.892725e-04 4.969197e-04 3.582709e-04 3.691854e-04 3.531871e-04 3.291368e-04 2.379887e-04 2.085910e-04 1.884460e-04 1.448692e-04 1.660747e-04 1.865552e-04 1.146374e-04 1.277749e-04 1.109094e-04 1.018592e-04 1.074162e-04 9.165069e-05 7.636660e-05 7.521823e-05 1.212609e-04 3.983023e-05 3.925713e-05 5.160039e-05 2.543935e-05 1.881635e-05 3.712069e-05 2.441495e-05 4.216025e-05 2.972081e-05 1.173493e-05 3.475631e-05 5.719854e-06 1.694640e-05 0.000000e+00 2.204744e-05 1.089170e-05 2.152561e-05 0.000000e+00 1.051395e-05 1.039379e-05 5.138174e-06 1.524229e-05 1.004925e-05 0.000000e+00 0.000000e+00 9.726811e-06 0.000000e+00 0.000000e+00 0.000000e+00 4.663881e-06 0.000000e+00 0.000000e+00
SPEC pip sel1 meanpt 0.4752 yield 1.30076 2.685567e+00 2.461838e+00 2.265217e+00 1.916512e+00 1.574723e+00 1.275642e+00 1.028388e+00 7.917618e-01 6.348760e-01 4.853626e-01 3.853632e-01 3.013705e-01 2.362058e-01 1.874692e-01 1.486648e-01 1.148673e-01 9.459375e-02 7.442087e-02 5.998184e-02 4.930584e-02 3.971123e-02 3.448415e-02 2.665516e-02 2.268911e-02 1.971336e-02 1.559412e-02 1.417373e-02 1.106027e-02 9.741058e-03 7.556361e-03 7.174754e-03 5.586101e-03 5.414221e-03 4.594504e-03 4.224655e-03 3.266120e-03 2.572628e-03 2.471364e-03 2.089044e-03 1.984478e-03 1.572576e-03 1.623222e-03 1.162354e-03 1.379654e-03 1.174335e-03 8.434485e-04 8.779891e-04 8.165299e-04 5.471592e-04 4.783710e-04 4.527294e-04 3.963737e-04 4.121532e-04 2.976137e-04 2.472063e-04 2.427521e-04 1.589704e-04 2.130078e-04 2.023877e-04 1.784015e-04 1.619563e-04 1.460460e-04 1.175803e-04 1.350168e-04 9.494534e-05 1.184280e-04 1.105078e-04 1.451609e-04 3.576043e-05 5.286884e-05 6.370091e-05 4.567999e-05 2.815620e-05 3.888238e-05 3.288040e-05 4.325986e-05 2.668398e-05 1.053587e-05 3.640579e-05 5.135408e-06 2.028646e-05 0.000000e+00 1.979466e-05 2.444700e-05 1.932615e-05 0.000000e+00 1.887930e-05 9.331770e-06 4.613163e-06 1.368486e-05 9.022430e-06 0.000000e+00 4.413675e-06 8.732940e-06 0.000000e+00 0.000000e+00 0.000000e+00 8.374665e-06 4.144822e-06 0.000000e+00
SPEC pim sel0 meanpt 0.4720 yield 0.74062 2.086294e+00 2.048703e+00 1.830373e+00 1.564266e+00 1.305980e+00 1.036367e+00 8.162025e-01 6.580223e-01 5.144851e-01 4.065272e-01 3.147154e-01 2.426668e-01 1.949875e-01 1.519803e-01 1.202051e-01 9.443682e-02 7.584319e-02 6.077770e-02 5.024134e-02 3.940980e-02 3.231899e-02 2.461878e-02 2.162486e-02 1.758928e-02 1.534940e-02 1.348136e-02 1.077621e-02 8.912677e-03 7.355431e-03 6.134980e-03 5.576014e-03 4.893744e-03 4.043585e-03 3.583531e-03 2.794273e-03 2.638706e-03 2.267413e-03 2.025057e-03 1.759858e-03 1.335405e-03 1.089103e-03 1.325835e-03 1.005752e-03 9.512709e-04 8.174893e-04 6.396180e-04 6.747583e-04 5.743938e-04 5.813023e-04 3.307116e-04 4.682352e-04 2.560607e-04 2.338603e-04 2.549879e-04 1.501855e-04 1.966393e-04 1.690141e-04 1.739830e-04 1.710090e-04 1.834199e-04 1.052264e-04 1.552731e-04 7.275655e-05 6.444970e-05 5.640042e-05 9.025144e-05 6.154219e-05 7.410389e-05 5.310697e-05 3.925713e-05 3.225024e-05 4.451887e-05 3.136058e-05 5.568103e-05 6.103737e-06 3.011446e-05 5.944162e-06 4.107224e-05 1.158544e-05 1.143971e-05 2.259520e-05 2.789745e-05 5.511860e-06 1.089170e-05 1.076280e-05 5.318461e-06 1.577093e-05 5.196896e-06 0.000000e+00 5.080764e-06 0.000000e+00 0.000000e+00 4.915983e-06 0.000000e+00 4.811941e-06 0.000000e+00 0.000000e+00 0.000000e+00 4.616532e-06 0.000000e+00
SPEC pim sel1 meanpt 0.4759 yield 1.27090 2.470819e+00 2.461838e+00 2.178828e+00 1.881052e+00 1.560116e+00 1.221974e+00 9.842326e-01 7.816368e-01 6.133580e-01 4.874254e-01 3.804640e-01 2.921757e-01 2.325150e-01 1.842031e-01 1.462433e-01 1.146039e-01 9.157506e-02 7.367433e-02 6.066596e-02 4.809152e-02 3.941250e-02 3.047745e-02 2.618339e-02 2.161198e-02 1.898015e-02 1.593034e-02 1.369613e-02 1.117904e-02 9.282656e-03 7.584040e-03 7.081054e-03 5.974925e-03 5.075047e-03 4.314203e-03 3.680301e-03 3.243119e-03 2.852262e-03 2.580234e-03 2.258713e-03 1.767425e-03 1.340722e-03 1.672411e-03 1.210385e-03 1.135634e-03 1.064241e-03 7.626927e-04 7.638505e-04 6.961992e-04 7.660229e-04 4.206366e-04 6.467563e-04 3.488089e-04 3.032825e-04 3.434004e-04 2.022597e-04 2.280399e-04 2.023260e-04 2.201081e-04 2.163455e-04 2.127095e-04 1.687045e-04 1.460460e-04 9.798359e-05 7.715243e-05 7.595627e-05 9.349579e-05 7.981119e-05 9.677391e-05 5.960072e-05 6.461747e-05 4.632794e-05 5.138999e-05 3.941868e-05 7.221013e-05 3.836046e-05 3.785238e-05 2.668398e-05 3.160761e-05 2.600414e-05 1.540622e-05 2.028646e-05 3.005631e-05 9.897332e-06 9.778801e-06 1.449461e-05 4.775029e-06 2.359913e-05 1.399766e-05 0.000000e+00 4.561619e-06 4.511215e-06 0.000000e+00 4.413675e-06 0.000000e+00 4.320264e-06 4.275026e-06 0.000000e+00 0.000000e+00 4.144822e-06 4.103165e-06
SPEC kp sel0 meanpt 0.5761 yield 0.11094 1.855292e-01 1.840134e-01 1.784354e-01 1.635723e-01 1.387427e-01 1.262491e-01 1.129825e-01 9.203703e-02 7.559191e-02 6.624675e-02 5.166581e-02 4.468201e-02 3.743324e-02 3.007944e-02 2.386540e-02 1.918661e-02 1.587416e-02 1.273240e-02 9.414107e-03 8.908013e-03 6.610198e-03 5.922044e-03 5.194009e-03 4.624685e-03 3.507905e-03 3.174183e-03 2.265062e-03 1.967734e-03 1.739137e-03 1.803499e-03 1.326912e-03 1.356967e-03 9.794150e-04 8.008650e-04 7.644709e-04 6.276533e-04 5.606241e-04 5.335480e-04 4.488228e-04 3.798997e-04 2.806965e-04 2.848901e-04 3.209848e-04 2.404311e-04 1.737165e-04 2.398567e-04 1.564657e-04 1.818914e-04 1.406377e-04 5.511860e-05 6.303166e-05 9.712646e-05 8.661494e-05 7.649637e-05 3.337456e-05 6.554644e-05 4.024145e-05 2.372496e-05 3.109254e-05 3.056998e-05 1.503234e-05 2.957583e-05 2.910262e-05 2.148323e-05 7.050053e-06 3.471209e-05 1.367604e-05 3.368359e-05 1.991511e-05 1.308571e-05 1.290010e-05 0.000000e+00 2.508846e-05 1.856034e-05 1.220747e-05 6.022893e-06 0.000000e+00 5.867463e-06 0.000000e+00 0.000000e+00 5.648800e-06 5.579490e-06 0.000000e+00 0.000000e+00 5.381401e-06 0.000000e+00 5.256976e-06 0.000000e+00 5.138174e-06 0.000000e+00 5.024623e-06 0.000000e+00 4.915983e-06 0.000000e+00 0.000000e+00 4.761554e-06 4.712211e-06 0.000000e+00 0.000000e+00 0.000000e+00
SPEC kp sel1 meanpt 0.5819 yield 0.19149 2.188300e-01 2.223683e-01 2.163804e-01 1.936342e-01 1.670257e-01 1.502415e-01 1.332828e-01 1.102315e-01 9.322850e-02 7.851579e-02 6.205627e-02 5.204490e-02 4.484382e-02 3.632046e-02 2.928245e-02 2.365303e-02 1.932454e-02 1.556073e-02 1.182865e-02 1.082426e-02 8.065722e-03 7.519671e-03 6.532239e-03 5.663590e-03 4.565902e-03 3.778452e-03 3.127464e-03 2.419898e-03 2.249038e-03 2.103602e-03 1.726760e-03 1.633060e-03 1.256200e-03 1.121205e-03 8.165299e-04 8.395307e-04 5.928231e-04 7.729816e-04 6.680699e-04 4.857836e-04 3.931440e-04 4.033461e-04 3.458244e-04 2.721766e-04 2.201878e-04 3.050771e-04 2.194973e-04 1.976862e-04 1.936102e-04 9.897332e-05 9.701345e-05 8.720222e-05 1.244236e-04 1.068357e-04 2.247330e-05 8.827350e-05 5.058150e-05 2.840104e-05 3.489444e-05 4.116957e-05 2.699272e-05 2.655382e-05 2.612896e-05 2.571748e-05 1.898907e-05 4.363137e-05 1.227864e-05 3.629022e-05 1.788022e-05 1.174863e-05 1.737298e-05 0.000000e+00 2.252496e-05 2.221850e-05 1.096013e-05 5.407483e-06 0.000000e+00 5.267935e-06 0.000000e+00 0.000000e+00 5.071614e-06 5.009386e-06 4.948666e-06 0.000000e+00 4.831538e-06 0.000000e+00 4.719826e-06 0.000000e+00 4.613163e-06 0.000000e+00 4.511215e-06 0.000000e+00 4.413675e-06 0.000000e+00 0.000000e+00 4.275026e-06 4.230725e-06 0.000000e+00 0.000000e+00 0.000000e+00
SPEC km sel0 meanpt 0.5754 yield 0.10700 1.946238e-01 1.758283e-01 1.649755e-01 1.555171e-01 1.313660e-01 1.183121e-01 1.036081e-01 8.736848e-02 7.687585e-02 6.476290e-02 5.231542e-02 4.397026e-02 3.630552e-02 2.792369e-02 2.399084e-02 1.895191e-02 1.496470e-02 1.226467e-02 1.007776e-02 8.511583e-03 7.209109e-03 5.837444e-03 5.274850e-03 4.257032e-03 3.674948e-03 3.085020e-03 2.093467e-03 2.166161e-03 1.659360e-03 1.402722e-03 1.237458e-03 9.383285e-04 9.934067e-04 9.230308e-04 6.722072e-04 6.916996e-04 4.484993e-04 4.365393e-04 5.551230e-04 2.647786e-04 4.042030e-04 1.972316e-04 3.102853e-04 1.777100e-04 1.737165e-04 1.399164e-04 9.779106e-05 1.053055e-04 1.312618e-04 5.511860e-05 9.904975e-05 7.946710e-05 6.063045e-05 3.399839e-05 7.509276e-05 4.096652e-05 4.828974e-05 3.954160e-05 2.331941e-05 3.056998e-05 1.503234e-05 1.478792e-05 0.000000e+00 2.148323e-05 2.115016e-05 0.000000e+00 2.051406e-05 2.021015e-05 6.638371e-06 1.962856e-05 6.450048e-06 6.359838e-06 6.272116e-06 1.856034e-05 6.103737e-06 0.000000e+00 0.000000e+00 2.346985e-05 5.792719e-06 0.000000e+00 0.000000e+00 1.115898e-05 5.511860e-06 5.445849e-06 0.000000e+00 1.063692e-05 0.000000e+00 0.000000e+00 5.138174e-06 0.000000e+00 0.000000e+00 9.939419e-06 0.000000e+00 0.000000e+00 0.000000e+00 0.000000e+00 0.000000e+00 0.000000e+00 0.000000e+00 0.000000e+00
SPEC km sel1 meanpt 0.5826 yield 0.18316 2.253622e-01 2.082151e-01 1.935176e-01 1.806864e-01 1.565016e-01 1.413339e-01 1.231704e-01 1.057134e-01 9.053875e-02 7.632406e-02 6.431145e-02 5.200940e-02 4.272084e-02 3.356845e-02 2.897273e-02 2.278382e-02 1.741930e-02 1.493083e-02 1.313068e-02 1.027990e-02 8.284791e-03 7.139889e-03 6.278208e-03 5.072909e-03 4.549238e-03 3.842494e-03 2.788527e-03 2.731664e-03 2.034162e-03 1.688418e-03 1.619674e-03 1.257197e-03 1.243638e-03 1.072457e-03 8.756987e-04 8.395307e-04 6.934911e-04 5.770145e-04 6.468613e-04 3.927612e-04 4.838696e-04 2.951313e-04 3.746431e-04 2.064788e-04 2.201878e-04 2.153485e-04 1.141386e-04 1.890911e-04 1.683567e-04 7.422999e-05 1.293513e-04 1.030572e-04 7.776475e-05 4.578672e-05 8.989320e-05 3.678063e-05 5.058150e-05 4.260156e-05 2.791555e-05 4.803117e-05 2.699272e-05 1.327691e-05 6.532239e-06 2.571748e-05 2.531876e-05 0.000000e+00 1.841797e-05 1.814511e-05 1.192014e-05 1.762295e-05 4.053694e-05 5.709999e-06 5.631241e-06 1.666388e-05 5.480066e-06 0.000000e+00 0.000000e+00 3.160761e-05 5.200827e-06 0.000000e+00 0.000000e+00 1.001877e-05 4.948666e-06 4.889401e-06 0.000000e+00 9.550057e-06 4.719826e-06 0.000000e+00 4.613163e-06 0.000000e+00 0.000000e+00 8.923824e-06 0.000000e+00 0.000000e+00 0.000000e+00 0.000000e+00 4.230725e-06 0.000000e+00 0.000000e+00 0.000000e+00
SPEC p sel0 meanpt 0.6701 yield 0.06422 7.457546e-02 6.972502e-02 7.202898e-02 6.768957e-02 6.497564e-02 5.539419e-02 5.176908e-02 4.595788e-02 4.028359e-02 3.403283e-02 3.148453e-02 2.831179e-02 2.248177e-02 1.950280e-02 1.615070e-02 1.452197e-02 1.063789e-02 8.938661e-03 7.619773e-03 7.392252e-03 5.523287e-03 4.758786e-03 3.940980e-03 3.521726e-03 2.672689e-03 2.425218e-03 2.265062e-03 1.868520e-03 1.563628e-03 1.325649e-03 1.162912e-03 1.169302e-03 9.514317e-04 6.244032e-04 8.699152e-04 5.636070e-04 4.111243e-04 3.759088e-04 3.661450e-04 2.993149e-04 3.256080e-04 2.848901e-04 1.711919e-04 2.195241e-04 1.737165e-04 1.798926e-04 1.466866e-04 1.053055e-04 1.593893e-04 7.349146e-05 7.203618e-05 8.829678e-05 9.527643e-05 5.099758e-05 1.668728e-05 5.735313e-05 4.828974e-05 7.908320e-05 3.886568e-05 1.528499e-05 1.503234e-05 2.218187e-05 2.182696e-05 7.161077e-06 2.115016e-05 0.000000e+00 6.838021e-06 1.347343e-05 0.000000e+00 0.000000e+00 6.450048e-06 0.000000e+00 0.000000e+00 0.000000e+00 0.000000e+00 6.022893e-06 1.188832e-05 0.000000e+00 5.792719e-06 0.000000e+00 0.000000e+00 5.579490e-06 0.000000e+00 0.000000e+00 0.000000e+00 5.318461e-06 0.000000e+00 0.000000e+00 0.000000e+00 0.000000e+00 0.000000e+00 0.000000e+00 0.000000e+00 0.000000e+00 0.000000e+00 0.000000e+00 4.712211e-06 4.663881e-06 0.000000e+00 0.000000e+00
SPEC p sel1 meanpt 0.6747 yield 0.11250 9.226788e-02 8.818523e-02 8.802192e-02 8.001993e-02 7.838687e-02 6.814313e-02 6.324966e-02 5.759257e-02 4.908786e-02 4.237360e-02 3.771590e-02 3.447176e-02 2.704347e-02 2.325598e-02 1.931516e-02 1.677837e-02 1.365832e-02 1.089484e-02 9.423196e-03 9.295879e-03 6.830970e-03 6.152458e-03 4.899179e-03 4.412736e-03 3.432758e-03 3.138036e-03 2.603652e-03 2.315976e-03 1.991187e-03 1.799134e-03 1.499202e-03 1.399766e-03 1.118018e-03 7.799688e-04 1.100540e-03 7.130261e-04 6.375644e-04 4.899179e-04 4.877971e-04 3.617537e-04 4.133053e-04 3.148067e-04 3.073995e-04 2.815620e-04 2.110133e-04 2.153485e-04 2.107174e-04 1.461159e-04 1.599388e-04 1.072211e-04 8.892900e-05 9.512970e-05 1.477530e-04 8.394232e-05 3.745550e-05 6.620513e-05 5.058150e-05 7.100260e-05 4.187333e-05 1.372319e-05 1.349636e-05 1.991536e-05 1.959672e-05 6.429369e-06 1.898907e-05 6.233053e-06 6.139322e-06 1.814511e-05 0.000000e+00 0.000000e+00 1.158198e-05 0.000000e+00 0.000000e+00 0.000000e+00 0.000000e+00 5.407483e-06 1.601039e-05 0.000000e+00 5.200827e-06 0.000000e+00 0.000000e+00 1.001877e-05 4.948666e-06 0.000000e+00 0.000000e+00 4.775029e-06 0.000000e+00 0.000000e+00 0.000000e+00 0.000000e+00 0.000000e+00 0.000000e+00 0.000000e+00 0.000000e+00 0.000000e+00 0.000000e+00 4.230725e-06 4.187333e-06 0.000000e+00 0.000000e+00
SPEC pbar sel0 meanpt 0.6646 yield 0.05468 6.729980e-02 5.426426e-02 6.438954e-02 5.976431e-02 5.355690e-02 4.646498e-02 4.484322e-02 3.831845e-02 3.546882e-02 3.321911e-02 2.754355e-02 2.253871e-02 1.840741e-02 1.579760e-02 1.383002e-02 1.179360e-02 9.315043e-03 8.159127e-03 6.980696e-03 5.806532e-03 4.414193e-03 4.230032e-03 3.193204e-03 2.709020e-03 2.208681e-03 2.318223e-03 1.836073e-03 1.686629e-03 1.116877e-03 9.557004e-04 7.752747e-04 9.238926e-04 6.995822e-04 8.415869e-04 6.590267e-04 5.764163e-04 3.737494e-04 4.486654e-04 3.307116e-04 2.993149e-04 2.133294e-04 1.862743e-04 2.139898e-04 1.986170e-04 1.226234e-04 1.898866e-04 1.173493e-04 1.148788e-04 8.438259e-05 3.674573e-05 3.601809e-05 7.063742e-05 2.598448e-05 3.399839e-05 6.674912e-05 4.096652e-05 8.048290e-06 3.163328e-05 1.554627e-05 7.642494e-06 4.509703e-05 1.478792e-05 7.275655e-06 2.148323e-05 0.000000e+00 6.942418e-06 0.000000e+00 0.000000e+00 6.638371e-06 6.542855e-06 6.450048e-06 6.359838e-06 0.000000e+00 0.000000e+00 6.103737e-06 6.022893e-06 0.000000e+00 5.867463e-06 0.000000e+00 1.715956e-05 0.000000e+00 0.000000e+00 0.000000e+00 0.000000e+00 0.000000e+00 0.000000e+00 0.000000e+00 0.000000e+00 0.000000e+00 0.000000e+00 0.000000e+00 4.969709e-06 0.000000e+00 0.000000e+00 0.000000e+00 0.000000e+00 0.000000e+00 0.000000e+00 0.000000e+00 0.000000e+00
SPEC pbar sel1 meanpt 0.6707 yield 0.09473 9.063482e-02 7.185463e-02 7.887679e-02 7.208792e-02 6.142119e-02 5.448481e-02 5.363973e-02 4.458253e-02 4.274774e-02 3.940831e-02 3.231125e-02 2.751351e-02 2.276485e-02 2.026204e-02 1.695003e-02 1.424976e-02 1.155514e-02 9.518406e-03 8.584598e-03 7.055656e-03 5.377148e-03 5.184015e-03 3.901198e-03 3.352984e-03 2.949506e-03 2.881870e-03 2.233903e-03 1.989364e-03 1.375208e-03 1.273233e-03 1.030702e-03 1.192393e-03 8.667779e-04 9.871481e-04 8.993662e-04 7.015257e-04 5.145257e-04 5.008050e-04 3.923585e-04 3.720896e-04 3.024185e-04 2.459427e-04 2.497621e-04 2.346350e-04 1.834899e-04 2.422671e-04 1.229185e-04 1.375208e-04 1.094318e-04 5.773444e-05 4.042227e-05 7.134727e-05 3.888238e-05 3.052448e-05 8.240210e-05 3.678063e-05 2.167778e-05 4.260156e-05 2.093666e-05 1.372319e-05 6.073363e-05 2.655382e-05 6.532239e-06 2.571748e-05 6.329689e-06 6.233053e-06 0.000000e+00 0.000000e+00 5.960072e-06 5.874316e-06 5.790992e-06 1.142000e-05 1.126248e-05 0.000000e+00 5.480066e-06 5.407483e-06 0.000000e+00 5.267935e-06 0.000000e+00 1.540622e-05 0.000000e+00 0.000000e+00 0.000000e+00 0.000000e+00 0.000000e+00 0.000000e+00 0.000000e+00 0.000000e+00 4.613163e-06 0.000000e+00 0.000000e+00 4.461912e-06 0.000000e+00 0.000000e+00 0.000000e+00 0.000000e+00 0.000000e+00 0.000000e+00 0.000000e+00 0.000000e+00
SPEC pinc sel0 meanpt 0.6701 yield 0.06422 7.457546e-02 6.972502e-02 7.202898e-02 6.768957e-02 6.497564e-02 5.539419e-02 5.176908e-02 4.595788e-02 4.028359e-02 3.403283e-02 3.148453e-02 2.831179e-02 2.248177e-02 1.950280e-02 1.615070e-02 1.452197e-02 1.063789e-02 8.938661e-03 7.619773e-03 7.392252e-03 5.523287e-03 4.758786e-03 3.940980e-03 3.521726e-03 2.672689e-03 2.425218e-03 2.265062e-03 1.868520e-03 1.563628e-03 1.325649e-03 1.162912e-03 1.169302e-03 9.514317e-04 6.244032e-04 8.699152e-04 5.636070e-04 4.111243e-04 3.759088e-04 3.661450e-04 2.993149e-04 3.256080e-04 2.848901e-04 1.711919e-04 2.195241e-04 1.737165e-04 1.798926e-04 1.466866e-04 1.053055e-04 1.593893e-04 7.349146e-05 7.203618e-05 8.829678e-05 9.527643e-05 5.099758e-05 1.668728e-05 5.735313e-05 4.828974e-05 7.908320e-05 3.886568e-05 1.528499e-05 1.503234e-05 2.218187e-05 2.182696e-05 7.161077e-06 2.115016e-05 0.000000e+00 6.838021e-06 1.347343e-05 0.000000e+00 0.000000e+00 6.450048e-06 0.000000e+00 0.000000e+00 0.000000e+00 0.000000e+00 6.022893e-06 1.188832e-05 0.000000e+00 5.792719e-06 0.000000e+00 0.000000e+00 5.579490e-06 0.000000e+00 0.000000e+00 0.000000e+00 5.318461e-06 0.000000e+00 0.000000e+00 0.000000e+00 0.000000e+00 0.000000e+00 0.000000e+00 0.000000e+00 0.000000e+00 0.000000e+00 0.000000e+00 4.712211e-06 4.663881e-06 0.000000e+00 0.000000e+00
SPEC pinc sel1 meanpt 0.6747 yield 0.11250 9.226788e-02 8.818523e-02 8.802192e-02 8.001993e-02 7.838687e-02 6.814313e-02 6.324966e-02 5.759257e-02 4.908786e-02 4.237360e-02 3.771590e-02 3.447176e-02 2.704347e-02 2.325598e-02 1.931516e-02 1.677837e-02 1.365832e-02 1.089484e-02 9.423196e-03 9.295879e-03 6.830970e-03 6.152458e-03 4.899179e-03 4.412736e-03 3.432758e-03 3.138036e-03 2.603652e-03 2.315976e-03 1.991187e-03 1.799134e-03 1.499202e-03 1.399766e-03 1.118018e-03 7.799688e-04 1.100540e-03 7.130261e-04 6.375644e-04 4.899179e-04 4.877971e-04 3.617537e-04 4.133053e-04 3.148067e-04 3.073995e-04 2.815620e-04 2.110133e-04 2.153485e-04 2.107174e-04 1.461159e-04 1.599388e-04 1.072211e-04 8.892900e-05 9.512970e-05 1.477530e-04 8.394232e-05 3.745550e-05 6.620513e-05 5.058150e-05 7.100260e-05 4.187333e-05 1.372319e-05 1.349636e-05 1.991536e-05 1.959672e-05 6.429369e-06 1.898907e-05 6.233053e-06 6.139322e-06 1.814511e-05 0.000000e+00 0.000000e+00 1.158198e-05 0.000000e+00 0.000000e+00 0.000000e+00 0.000000e+00 5.407483e-06 1.601039e-05 0.000000e+00 5.200827e-06 0.000000e+00 0.000000e+00 1.001877e-05 4.948666e-06 0.000000e+00 0.000000e+00 4.775029e-06 0.000000e+00 0.000000e+00 0.000000e+00 0.000000e+00 0.000000e+00 0.000000e+00 0.000000e+00 0.000000e+00 0.000000e+00 0.000000e+00 4.230725e-06 4.187333e-06 0.000000e+00 0.000000e+00
SPEC pbarinc sel0 meanpt 0.6646 yield 0.05468 6.729980e-02 5.426426e-02 6.438954e-02 5.976431e-02 5.355690e-02 4.646498e-02 4.484322e-02 3.831845e-02 3.546882e-02 3.321911e-02 2.754355e-02 2.253871e-02 1.840741e-02 1.579760e-02 1.383002e-02 1.179360e-02 9.315043e-03 8.159127e-03 6.980696e-03 5.806532e-03 4.414193e-03 4.230032e-03 3.193204e-03 2.709020e-03 2.208681e-03 2.318223e-03 1.836073e-03 1.686629e-03 1.116877e-03 9.557004e-04 7.752747e-04 9.238926e-04 6.995822e-04 8.415869e-04 6.590267e-04 5.764163e-04 3.737494e-04 4.486654e-04 3.307116e-04 2.993149e-04 2.133294e-04 1.862743e-04 2.139898e-04 1.986170e-04 1.226234e-04 1.898866e-04 1.173493e-04 1.148788e-04 8.438259e-05 3.674573e-05 3.601809e-05 7.063742e-05 2.598448e-05 3.399839e-05 6.674912e-05 4.096652e-05 8.048290e-06 3.163328e-05 1.554627e-05 7.642494e-06 4.509703e-05 1.478792e-05 7.275655e-06 2.148323e-05 0.000000e+00 6.942418e-06 0.000000e+00 0.000000e+00 6.638371e-06 6.542855e-06 6.450048e-06 6.359838e-06 0.000000e+00 0.000000e+00 6.103737e-06 6.022893e-06 0.000000e+00 5.867463e-06 0.000000e+00 1.715956e-05 0.000000e+00 0.000000e+00 0.000000e+00 0.000000e+00 0.000000e+00 0.000000e+00 0.000000e+00 0.000000e+00 0.000000e+00 0.000000e+00 0.000000e+00 4.969709e-06 0.000000e+00 0.000000e+00 0.000000e+00 0.000000e+00 0.000000e+00 0.000000e+00 0.000000e+00 0.000000e+00
SPEC pbarinc sel1 meanpt 0.6707 yield 0.09473 9.063482e-02 7.185463e-02 7.887679e-02 7.208792e-02 6.142119e-02 5.448481e-02 5.363973e-02 4.458253e-02 4.274774e-02 3.940831e-02 3.231125e-02 2.751351e-02 2.276485e-02 2.026204e-02 1.695003e-02 1.424976e-02 1.155514e-02 9.518406e-03 8.584598e-03 7.055656e-03 5.377148e-03 5.184015e-03 3.901198e-03 3.352984e-03 2.949506e-03 2.881870e-03 2.233903e-03 1.989364e-03 1.375208e-03 1.273233e-03 1.030702e-03 1.192393e-03 8.667779e-04 9.871481e-04 8.993662e-04 7.015257e-04 5.145257e-04 5.008050e-04 3.923585e-04 3.720896e-04 3.024185e-04 2.459427e-04 2.497621e-04 2.346350e-04 1.834899e-04 2.422671e-04 1.229185e-04 1.375208e-04 1.094318e-04 5.773444e-05 4.042227e-05 7.134727e-05 3.888238e-05 3.052448e-05 8.240210e-05 3.678063e-05 2.167778e-05 4.260156e-05 2.093666e-05 1.372319e-05 6.073363e-05 2.655382e-05 6.532239e-06 2.571748e-05 6.329689e-06 6.233053e-06 0.000000e+00 0.000000e+00 5.960072e-06 5.874316e-06 5.790992e-06 1.142000e-05 1.126248e-05 0.000000e+00 5.480066e-06 5.407483e-06 0.000000e+00 5.267935e-06 0.000000e+00 1.540622e-05 0.000000e+00 0.000000e+00 0.000000e+00 0.000000e+00 0.000000e+00 0.000000e+00 0.000000e+00 0.000000e+00 4.613163e-06 0.000000e+00 0.000000e+00 4.461912e-06 0.000000e+00 0.000000e+00 0.000000e+00 0.000000e+00 0.000000e+00 0.000000e+00 0.000000e+00 0.000000e+00
SPEC chpm sel0eta05 meanpt 0.5439 yield 2.21483 1.079707e+00 2.139042e+00 2.662471e+00 2.656978e+00 2.408757e+00 2.043029e+00 1.721273e+00 1.391354e+00 1.136703e+00 9.118741e-01 7.288084e-01 5.841125e-01 4.682466e-01 3.751813e-01 3.037335e-01 2.397387e-01 1.955580e-01 1.588093e-01 1.290445e-01 1.069032e-01 8.605236e-02 7.223414e-02 5.977152e-02 5.037423e-02 4.316022e-02 3.641215e-02 3.106224e-02 2.581204e-02 2.146637e-02 1.786851e-02 1.632251e-02 1.395511e-02 1.239939e-02 1.059449e-02 9.549297e-03 8.007063e-03 6.462127e-03 6.018179e-03 5.465009e-03 4.553040e-03 3.701826e-03 3.850399e-03 3.040796e-03 2.963575e-03 2.482102e-03 2.077759e-03 1.923550e-03 1.876353e-03 1.621083e-03 1.048172e-03 1.229117e-03 9.889239e-04 9.094568e-04 7.734633e-04 6.015765e-04 6.136785e-04 4.619719e-04 5.535824e-04 4.625015e-04 4.119304e-04 3.840764e-04 3.157220e-04 2.495550e-04 2.556505e-04 2.270117e-04 2.478443e-04 1.818914e-04 2.593636e-04 1.161715e-04 1.282400e-04 1.625412e-04 1.112972e-04 8.780962e-05 1.212609e-04 8.117970e-05 8.010447e-05 5.825279e-05 6.982281e-05 6.082355e-05 3.603508e-05 3.558744e-05 4.686771e-05 4.244132e-05 3.049676e-05 3.390283e-05 1.861461e-05 4.415860e-05 2.910262e-05 1.798361e-05 1.778268e-05 1.406895e-05 1.739398e-05 1.032356e-05 6.808768e-06 3.368359e-06 6.666176e-06 9.895644e-06 9.794150e-06 9.694717e-06 6.398189e-06
