# gen_world eta_ours mode pt0 1.85 nev 100000 seed 20260991
SUMMARY nev 100000 nnsd 78003 dnde 3.5072 eps 0.5225 classN 24.5861 21.7612 9.4953 1.7805 meanpt_ch05 0.4673
SPEC pip sel0 meanpt 0.4111 yield 1.25341 4.867413e+00 4.492110e+00 3.796800e+00 2.996270e+00 2.400764e+00 1.867859e+00 1.435263e+00 1.129424e+00 8.513586e-01 6.650523e-01 5.144061e-01 3.826836e-01 2.972832e-01 2.289136e-01 1.762465e-01 1.329567e-01 1.095206e-01 8.470941e-02 6.474349e-02 5.223547e-02 4.232301e-02 3.282505e-02 2.716244e-02 2.062725e-02 1.763233e-02 1.351702e-02 1.077621e-02 1.005363e-02 8.073424e-03 6.042493e-03 5.098922e-03 4.503977e-03 3.330011e-03 3.067720e-03 2.662468e-03 2.510613e-03 1.395331e-03 1.673401e-03 1.464580e-03 1.013066e-03 1.392255e-03 7.670118e-04 7.061665e-04 6.899328e-04 5.518053e-04 4.397374e-04 6.063045e-04 4.403686e-04 3.187787e-04 2.572201e-04 1.260633e-04 1.942529e-04 1.385839e-04 6.799677e-05 1.835601e-04 8.193305e-05 9.657949e-05 9.489984e-05 3.109254e-05 9.170993e-05 7.516172e-05 4.436375e-05 4.365393e-05 2.864431e-05 4.230032e-05 0.000000e+00 1.367604e-05 0.000000e+00 3.983023e-05 3.925713e-05 3.870029e-05 1.271968e-05 0.000000e+00 2.474712e-05 1.220747e-05 0.000000e+00 1.188832e-05 1.173493e-05 0.000000e+00 0.000000e+00 2.259520e-05 0.000000e+00 0.000000e+00 0.000000e+00 1.076280e-05 0.000000e+00 0.000000e+00 0.000000e+00 0.000000e+00 0.000000e+00 0.000000e+00 0.000000e+00 0.000000e+00 0.000000e+00 0.000000e+00 0.000000e+00 0.000000e+00 0.000000e+00 9.233064e-06 9.140270e-06
SPEC pip sel1 meanpt 0.4128 yield 2.16047 5.902381e+00 5.384943e+00 4.567163e+00 3.612270e+00 2.885899e+00 2.250045e+00 1.727345e+00 1.358723e+00 1.035932e+00 7.934675e-01 6.160750e-01 4.653462e-01 3.633490e-01 2.774298e-01 2.139996e-01 1.611760e-01 1.296933e-01 1.046535e-01 7.724729e-02 6.261319e-02 5.084004e-02 4.073147e-02 3.315374e-02 2.472754e-02 2.155296e-02 1.693107e-02 1.367433e-02 1.258352e-02 9.364222e-03 7.110169e-03 6.475665e-03 5.337348e-03 4.645764e-03 3.776206e-03 3.146309e-03 3.402532e-03 2.392543e-03 2.132866e-03 1.653494e-03 1.136408e-03 1.591992e-03 1.022643e-03 8.449530e-04 8.255288e-04 6.602544e-04 5.919314e-04 7.722689e-04 5.841900e-04 3.702114e-04 2.802932e-04 2.747428e-04 2.535605e-04 1.865481e-04 1.067857e-04 2.246278e-04 1.029376e-04 1.155608e-04 1.277449e-04 8.370747e-05 1.234509e-04 6.745023e-05 6.635348e-05 3.917509e-05 3.855816e-05 5.061382e-05 0.000000e+00 1.227290e-05 1.209108e-05 3.574370e-05 3.522940e-05 4.630626e-05 4.565862e-05 0.000000e+00 2.220810e-05 2.191001e-05 0.000000e+00 1.066860e-05 1.053094e-05 0.000000e+00 0.000000e+00 4.055393e-05 0.000000e+00 0.000000e+00 0.000000e+00 1.931711e-05 0.000000e+00 0.000000e+00 0.000000e+00 0.000000e+00 0.000000e+00 9.018208e-06 0.000000e+00 0.000000e+00 0.000000e+00 0.000000e+00 0.000000e+00 0.000000e+00 0.000000e+00 8.285765e-06 8.202491e-06
SPEC pim sel0 meanpt 0.4115 yield 1.24293 4.931075e+00 4.395708e+00 3.728773e+00 3.032389e+00 2.380150e+00 1.831646e+00 1.434843e+00 1.093531e+00 8.612021e-01 6.517455e-01 5.073903e-01 3.691604e-01 2.953916e-01 2.322820e-01 1.816405e-01 1.368879e-01 1.074813e-01 8.289049e-02 6.484181e-02 4.976361e-02 4.094774e-02 3.426326e-02 2.603068e-02 2.136256e-02 1.688991e-02 1.251841e-02 1.122235e-02 9.590636e-03 7.977691e-03 7.337313e-03 5.516377e-03 4.475105e-03 3.749760e-03 3.176312e-03 2.451579e-03 2.382521e-03 1.918580e-03 1.479383e-03 1.535447e-03 1.036090e-03 1.122786e-03 9.204141e-04 6.633685e-04 6.481187e-04 5.109308e-04 4.597254e-04 2.933732e-04 3.637827e-04 3.750337e-04 1.837287e-04 2.521266e-04 3.002090e-04 8.661494e-05 1.699919e-04 6.674912e-05 6.554644e-05 6.438632e-05 6.326656e-05 1.554627e-05 1.528499e-05 1.052264e-04 1.035154e-04 2.910262e-05 2.864431e-05 2.820021e-05 5.553935e-05 1.367604e-05 1.347343e-05 0.000000e+00 2.617142e-05 0.000000e+00 1.271968e-05 2.508846e-05 0.000000e+00 2.441495e-05 0.000000e+00 1.188832e-05 0.000000e+00 0.000000e+00 0.000000e+00 2.259520e-05 2.231796e-05 0.000000e+00 0.000000e+00 1.076280e-05 0.000000e+00 0.000000e+00 0.000000e+00 0.000000e+00 0.000000e+00 0.000000e+00 0.000000e+00 0.000000e+00 0.000000e+00 0.000000e+00 0.000000e+00 0.000000e+00 0.000000e+00 0.000000e+00 0.000000e+00
SPEC pim sel1 meanpt 0.4136 yield 2.14016 5.837089e+00 5.303873e+00 4.476407e+00 3.639786e+00 2.870301e+00 2.199741e+00 1.713659e+00 1.324445e+00 1.035644e+00 7.812682e-01 6.121109e-01 4.493781e-01 3.547305e-01 2.737420e-01 2.191779e-01 1.681791e-01 1.305836e-01 1.035342e-01 7.918840e-02 6.286431e-02 4.984473e-02 4.069351e-02 3.181163e-02 2.646403e-02 2.111991e-02 1.513874e-02 1.413630e-02 1.190092e-02 9.593316e-03 8.714799e-03 6.823531e-03 5.544623e-03 4.670877e-03 3.898019e-03 3.098996e-03 3.080671e-03 2.481984e-03 1.893463e-03 1.907878e-03 1.405014e-03 1.188956e-03 1.042309e-03 8.641565e-04 8.442908e-04 7.336160e-04 5.560567e-04 3.685829e-04 4.639156e-04 4.543503e-04 3.297567e-04 3.070655e-04 3.169506e-04 1.243654e-04 2.288265e-04 1.048263e-04 7.352683e-05 1.011157e-04 8.516325e-05 6.975622e-05 6.858385e-05 1.483905e-04 9.289487e-05 3.917509e-05 2.570544e-05 2.530691e-05 4.984109e-05 2.454580e-05 2.418216e-05 2.382913e-05 3.522940e-05 0.000000e+00 1.141465e-05 2.251442e-05 0.000000e+00 2.191001e-05 0.000000e+00 1.066860e-05 0.000000e+00 0.000000e+00 0.000000e+00 2.027696e-05 3.004225e-05 0.000000e+00 0.000000e+00 9.658554e-06 0.000000e+00 0.000000e+00 0.000000e+00 9.222009e-06 0.000000e+00 0.000000e+00 0.000000e+00 0.000000e+00 0.000000e+00 0.000000e+00 0.000000e+00 0.000000e+00 0.000000e+00 0.000000e+00 0.000000e+00
SPEC kp sel0 meanpt 0.5378 yield 0.13553 2.146318e-01 2.255453e-01 2.364588e-01 2.128129e-01 1.820935e-01 1.718047e-01 1.385173e-01 1.125301e-01 1.005752e-01 8.434015e-02 6.652027e-02 5.092958e-02 4.227155e-02 3.664774e-02 3.023160e-02 2.464335e-02 1.714188e-02 1.569463e-02 1.179836e-02 1.086684e-02 8.340384e-03 6.641150e-03 5.699263e-03 4.605335e-03 3.712069e-03 2.995858e-03 2.814168e-03 2.017341e-03 1.755092e-03 1.664768e-03 1.401458e-03 9.816359e-04 9.234485e-04 6.244032e-04 7.908320e-04 4.355145e-04 3.239161e-04 4.365393e-04 3.543338e-04 3.453633e-04 2.021015e-04 1.972316e-04 1.925909e-04 2.508846e-04 2.248096e-04 7.995225e-05 7.823284e-05 1.340252e-04 9.375843e-05 9.186433e-05 7.203618e-05 1.765936e-05 5.196896e-05 5.099758e-05 3.337456e-05 3.277322e-05 1.609658e-05 1.581664e-05 0.000000e+00 1.528499e-05 4.509703e-05 1.478792e-05 0.000000e+00 1.432215e-05 0.000000e+00 0.000000e+00 0.000000e+00 1.347343e-05 0.000000e+00 0.000000e+00 0.000000e+00 0.000000e+00 0.000000e+00 0.000000e+00 0.000000e+00 0.000000e+00 0.000000e+00 0.000000e+00 1.158544e-05 0.000000e+00 0.000000e+00 0.000000e+00 0.000000e+00 0.000000e+00 2.152561e-05 1.063692e-05 0.000000e+00 0.000000e+00 0.000000e+00 0.000000e+00 0.000000e+00 0.000000e+00 0.000000e+00 9.726811e-06 0.000000e+00 0.000000e+00 0.000000e+00 0.000000e+00 0.000000e+00 0.000000e+00
SPEC kp sel1 meanpt 0.5398 yield 0.23530 2.725934e-01 2.753139e-01 2.836930e-01 2.551045e-01 2.147376e-01 1.994368e-01 1.726467e-01 1.417921e-01 1.214620e-01 1.014601e-01 8.145932e-02 6.309177e-02 5.347400e-02 4.509972e-02 3.613565e-02 2.869681e-02 2.126931e-02 1.926109e-02 1.477889e-02 1.314207e-02 9.953022e-03 7.781874e-03 6.855642e-03 5.487292e-03 4.230644e-03 3.712672e-03 3.387783e-03 2.611673e-03 2.205031e-03 1.908956e-03 1.819608e-03 1.502748e-03 1.155163e-03 8.283291e-04 8.279760e-04 5.977421e-04 4.695645e-04 6.093904e-04 4.451715e-04 3.719155e-04 2.418216e-04 2.556608e-04 2.496452e-04 3.001923e-04 2.384252e-04 8.968657e-05 1.053094e-04 1.718206e-04 1.177945e-04 8.243917e-05 1.131294e-04 1.584753e-05 7.772836e-05 4.576530e-05 2.995038e-05 5.882146e-05 2.889019e-05 1.419387e-05 0.000000e+00 1.371677e-05 5.396019e-05 1.327070e-05 0.000000e+00 1.285272e-05 0.000000e+00 0.000000e+00 0.000000e+00 2.418216e-05 0.000000e+00 0.000000e+00 0.000000e+00 0.000000e+00 0.000000e+00 0.000000e+00 0.000000e+00 0.000000e+00 0.000000e+00 0.000000e+00 2.079357e-05 0.000000e+00 0.000000e+00 0.000000e+00 0.000000e+00 0.000000e+00 1.931711e-05 9.545588e-06 0.000000e+00 0.000000e+00 0.000000e+00 0.000000e+00 0.000000e+00 0.000000e+00 0.000000e+00 1.745771e-05 0.000000e+00 0.000000e+00 0.000000e+00 0.000000e+00 0.000000e+00 0.000000e+00
SPEC km sel0 meanpt 0.5320 yield 0.13183 2.364588e-01 2.388840e-01 2.295469e-01 2.167106e-01 1.857313e-01 1.536155e-01 1.438341e-01 1.082860e-01 8.944775e-02 8.434015e-02 6.738642e-02 4.903158e-02 4.452701e-02 3.583934e-02 2.590384e-02 2.364588e-02 1.818914e-02 1.595447e-02 1.170004e-02 8.814735e-03 7.985474e-03 6.048945e-03 4.122871e-03 4.179631e-03 3.860551e-03 2.532213e-03 2.848487e-03 2.116554e-03 1.531717e-03 1.109846e-03 1.312003e-03 8.372777e-04 6.436156e-04 7.058471e-04 7.381099e-04 5.636070e-04 4.734159e-04 4.607915e-04 2.834671e-04 3.683876e-04 3.143801e-04 2.629755e-04 2.353888e-04 1.463494e-04 2.043723e-04 1.199284e-04 9.779106e-05 7.658584e-05 9.375843e-05 0.000000e+00 7.203618e-05 1.765936e-05 1.732299e-05 3.399839e-05 3.337456e-05 6.554644e-05 8.048290e-05 1.581664e-05 1.554627e-05 1.528499e-05 1.503234e-05 4.436375e-05 0.000000e+00 0.000000e+00 0.000000e+00 0.000000e+00 1.367604e-05 2.694687e-05 2.655348e-05 1.308571e-05 1.290010e-05 0.000000e+00 0.000000e+00 0.000000e+00 0.000000e+00 0.000000e+00 0.000000e+00 0.000000e+00 1.158544e-05 0.000000e+00 0.000000e+00 0.000000e+00 0.000000e+00 0.000000e+00 0.000000e+00 0.000000e+00 1.051395e-05 0.000000e+00 0.000000e+00 0.000000e+00 0.000000e+00 0.000000e+00 0.000000e+00 0.000000e+00 0.000000e+00 0.000000e+00 0.000000e+00 0.000000e+00 0.000000e+00 0.000000e+00
SPEC km sel1 meanpt 0.5352 yield 0.22618 2.774903e-01 2.921809e-01 2.637790e-01 2.539386e-01 2.218108e-01 1.817784e-01 1.666197e-01 1.340659e-01 1.103240e-01 1.004291e-01 8.425754e-02 6.011106e-02 5.229875e-02 4.159331e-02 3.168905e-02 2.822292e-02 2.151662e-02 1.916781e-02 1.358776e-02 1.079826e-02 9.793774e-03 7.554112e-03 5.985084e-03 5.278913e-03 4.597077e-03 3.520638e-03 2.987409e-03 2.552317e-03 2.061847e-03 1.632296e-03 1.391465e-03 1.114107e-03 8.287039e-04 8.039665e-04 7.570067e-04 7.586726e-04 5.813656e-04 6.746822e-04 3.179797e-04 3.719155e-04 4.231878e-04 3.343256e-04 2.880522e-04 1.500961e-04 2.200848e-04 1.255612e-04 1.053094e-04 1.030924e-04 1.009667e-04 4.946350e-05 8.080671e-05 3.169506e-05 3.109134e-05 3.051020e-05 2.995038e-05 5.882146e-05 8.667056e-05 1.419387e-05 1.395124e-05 2.743354e-05 1.349005e-05 3.981209e-05 0.000000e+00 1.285272e-05 0.000000e+00 0.000000e+00 2.454580e-05 2.418216e-05 2.382913e-05 1.174313e-05 1.157656e-05 0.000000e+00 0.000000e+00 0.000000e+00 0.000000e+00 0.000000e+00 0.000000e+00 0.000000e+00 1.039679e-05 0.000000e+00 0.000000e+00 0.000000e+00 0.000000e+00 0.000000e+00 0.000000e+00 0.000000e+00 9.435235e-06 0.000000e+00 0.000000e+00 0.000000e+00 0.000000e+00 0.000000e+00 0.000000e+00 0.000000e+00 0.000000e+00 0.000000e+00 0.000000e+00 0.000000e+00 0.000000e+00 0.000000e+00
SPEC p sel0 meanpt 0.6147 yield 0.07563 8.912677e-02 1.091348e-01 9.494729e-02 8.003220e-02 8.447843e-02 7.837864e-02 6.590064e-02 5.990289e-02 4.536585e-02 4.595150e-02 3.845703e-02 3.092153e-02 2.597409e-02 2.465638e-02 2.000805e-02 1.372986e-02 1.251192e-02 1.101742e-02 9.340367e-03 7.089099e-03 5.856015e-03 4.906837e-03 4.365393e-03 3.599127e-03 2.635569e-03 2.211228e-03 2.265062e-03 1.752771e-03 1.627449e-03 1.695597e-03 1.312003e-03 9.527643e-04 1.231265e-03 4.615154e-04 6.326656e-04 4.098960e-04 4.235826e-04 2.910262e-04 2.362226e-04 2.762907e-04 1.571901e-04 2.191462e-04 1.283939e-04 1.881635e-04 1.634979e-04 5.996419e-05 5.867463e-05 3.829292e-05 7.500675e-05 3.674573e-05 1.800905e-05 3.531871e-05 6.929195e-05 1.699919e-05 1.668728e-05 4.915983e-05 0.000000e+00 3.163328e-05 1.554627e-05 0.000000e+00 4.509703e-05 0.000000e+00 0.000000e+00 0.000000e+00 0.000000e+00 1.388484e-05 1.367604e-05 1.347343e-05 0.000000e+00 1.308571e-05 0.000000e+00 0.000000e+00 0.000000e+00 0.000000e+00 0.000000e+00 0.000000e+00 0.000000e+00 0.000000e+00 0.000000e+00 0.000000e+00 0.000000e+00 0.000000e+00 0.000000e+00 0.000000e+00 0.000000e+00 0.000000e+00 0.000000e+00 0.000000e+00 0.000000e+00 0.000000e+00 0.000000e+00 0.000000e+00 0.000000e+00 0.000000e+00 0.000000e+00 0.000000e+00 0.000000e+00 0.000000e+00 0.000000e+00 0.000000e+00
SPEC p sel1 meanpt 0.6108 yield 0.13403 9.957003e-02 1.284073e-01 1.194840e-01 1.053997e-01 1.079129e-01 9.675061e-02 8.023361e-02 7.562970e-02 5.645822e-02 5.360802e-02 4.749203e-02 3.896219e-02 3.395175e-02 3.107407e-02 2.459701e-02 1.895569e-02 1.567993e-02 1.301173e-02 1.124960e-02 8.831138e-03 7.205988e-03 6.453262e-03 4.896887e-03 4.341212e-03 3.131343e-03 2.784504e-03 2.679429e-03 2.136823e-03 2.090484e-03 1.936622e-03 1.578778e-03 9.845593e-04 1.431398e-03 6.090655e-04 7.096937e-04 4.598016e-04 6.037258e-04 3.264591e-04 2.967810e-04 2.479436e-04 2.216698e-04 2.753270e-04 1.536278e-04 1.876202e-04 1.650636e-04 7.174926e-05 8.775783e-05 8.591030e-05 8.413895e-05 4.946350e-05 4.848403e-05 4.754259e-05 6.218269e-05 3.051020e-05 1.497519e-05 4.411610e-05 0.000000e+00 2.838775e-05 1.395124e-05 0.000000e+00 4.047014e-05 0.000000e+00 0.000000e+00 0.000000e+00 0.000000e+00 1.246027e-05 1.227290e-05 2.418216e-05 0.000000e+00 1.174313e-05 0.000000e+00 0.000000e+00 0.000000e+00 0.000000e+00 0.000000e+00 0.000000e+00 0.000000e+00 0.000000e+00 0.000000e+00 0.000000e+00 0.000000e+00 0.000000e+00 0.000000e+00 0.000000e+00 9.658554e-06 0.000000e+00 0.000000e+00 0.000000e+00 0.000000e+00 0.000000e+00 0.000000e+00 0.000000e+00 0.000000e+00 0.000000e+00 8.636485e-06 0.000000e+00 0.000000e+00 0.000000e+00 0.000000e+00 0.000000e+00
SPEC pbar sel0 meanpt 0.6072 yield 0.06348 7.639437e-02 9.094568e-02 7.312033e-02 7.717391e-02 7.659647e-02 6.515018e-02 5.442749e-02 5.056580e-02 4.290496e-02 3.963317e-02 3.187430e-02 2.499029e-02 2.299107e-02 1.832387e-02 1.568029e-02 1.238035e-02 9.425280e-03 8.626848e-03 7.521454e-03 6.249601e-03 4.880012e-03 3.933929e-03 3.880349e-03 2.825121e-03 2.190120e-03 1.711919e-03 1.647318e-03 1.587416e-03 1.404074e-03 1.202333e-03 1.103275e-03 7.217911e-04 6.156323e-04 4.072195e-04 5.799435e-04 3.330405e-04 3.488328e-04 2.667740e-04 2.362226e-04 2.532665e-04 1.571901e-04 1.534024e-04 1.497929e-04 4.181411e-05 1.226234e-04 1.399164e-04 5.867463e-05 9.573230e-05 3.750337e-05 3.674573e-05 1.800905e-05 1.765936e-05 1.732299e-05 5.099758e-05 1.668728e-05 0.000000e+00 6.438632e-05 0.000000e+00 3.109254e-05 1.528499e-05 1.503234e-05 1.478792e-05 0.000000e+00 0.000000e+00 0.000000e+00 0.000000e+00 1.367604e-05 0.000000e+00 0.000000e+00 1.308571e-05 0.000000e+00 1.271968e-05 0.000000e+00 0.000000e+00 0.000000e+00 0.000000e+00 0.000000e+00 0.000000e+00 0.000000e+00 0.000000e+00 1.129760e-05 0.000000e+00 0.000000e+00 0.000000e+00 1.076280e-05 0.000000e+00 0.000000e+00 0.000000e+00 0.000000e+00 0.000000e+00 0.000000e+00 0.000000e+00 0.000000e+00 0.000000e+00 0.000000e+00 0.000000e+00 0.000000e+00 0.000000e+00 0.000000e+00 0.000000e+00
SPEC pbar sel1 meanpt 0.6105 yield 0.10975 9.467315e-02 1.022905e-01 8.749104e-02 9.327403e-02 9.140855e-02 7.894375e-02 6.755193e-02 6.322425e-02 5.146532e-02 4.501699e-02 3.870872e-02 3.037489e-02 2.703082e-02 2.357760e-02 1.930612e-02 1.437473e-02 1.162392e-02 1.053997e-02 8.823220e-03 7.868502e-03 6.091249e-03 4.403402e-03 4.642974e-03 3.229862e-03 3.064718e-03 2.176394e-03 1.724690e-03 2.047789e-03 1.718206e-03 1.659962e-03 1.043599e-03 9.586498e-04 7.031427e-04 5.603403e-04 6.860373e-04 3.908313e-04 4.919247e-04 4.570428e-04 2.755824e-04 3.305915e-04 2.418216e-04 1.376635e-04 2.112383e-04 9.381009e-05 1.283828e-04 1.434985e-04 1.404125e-04 1.030924e-04 3.365558e-05 6.595134e-05 4.848403e-05 1.584753e-05 3.109134e-05 4.576530e-05 2.995038e-05 0.000000e+00 7.222547e-05 0.000000e+00 2.790249e-05 1.371677e-05 1.349005e-05 1.327070e-05 0.000000e+00 0.000000e+00 1.265345e-05 0.000000e+00 1.227290e-05 0.000000e+00 0.000000e+00 1.174313e-05 0.000000e+00 1.141465e-05 0.000000e+00 0.000000e+00 0.000000e+00 0.000000e+00 0.000000e+00 0.000000e+00 0.000000e+00 0.000000e+00 1.013848e-05 0.000000e+00 0.000000e+00 0.000000e+00 9.658554e-06 0.000000e+00 0.000000e+00 0.000000e+00 0.000000e+00 0.000000e+00 0.000000e+00 0.000000e+00 0.000000e+00 0.000000e+00 0.000000e+00 0.000000e+00 0.000000e+00 0.000000e+00 0.000000e+00 0.000000e+00
SPEC pinc sel0 meanpt 0.6004 yield 0.09914 1.291429e-01 1.455131e-01 1.356910e-01 1.156309e-01 1.135811e-01 1.040088e-01 8.870702e-02 8.015346e-02 6.098710e-02 5.973695e-02 5.153589e-02 3.985793e-02 3.514141e-02 3.125837e-02 2.464942e-02 1.748504e-02 1.609463e-02 1.397965e-02 1.160172e-02 8.954652e-03 7.009472e-03 6.006645e-03 5.456741e-03 4.527934e-03 3.823431e-03 2.924528e-03 2.745530e-03 2.248839e-03 1.978467e-03 2.034717e-03 1.759277e-03 1.039379e-03 1.371181e-03 6.515512e-04 7.644709e-04 4.867515e-04 4.983325e-04 3.395305e-04 2.598448e-04 2.993149e-04 2.021015e-04 2.410608e-04 1.711919e-04 2.090705e-04 1.634979e-04 1.399164e-04 5.867463e-05 7.658584e-05 7.500675e-05 5.511860e-05 1.800905e-05 3.531871e-05 6.929195e-05 1.699919e-05 3.337456e-05 4.915983e-05 0.000000e+00 3.163328e-05 3.109254e-05 0.000000e+00 4.509703e-05 0.000000e+00 0.000000e+00 0.000000e+00 0.000000e+00 1.388484e-05 1.367604e-05 1.347343e-05 0.000000e+00 1.308571e-05 1.290010e-05 0.000000e+00 0.000000e+00 0.000000e+00 0.000000e+00 0.000000e+00 0.000000e+00 0.000000e+00 0.000000e+00 0.000000e+00 0.000000e+00 0.000000e+00 0.000000e+00 0.000000e+00 0.000000e+00 0.000000e+00 0.000000e+00 0.000000e+00 0.000000e+00 0.000000e+00 0.000000e+00 0.000000e+00 0.000000e+00 0.000000e+00 0.000000e+00 0.000000e+00 0.000000e+00 0.000000e+00 0.000000e+00 0.000000e+00
SPEC pinc sel1 meanpt 0.6005 yield 0.17581 1.550681e-01 1.697587e-01 1.664942e-01 1.485389e-01 1.418284e-01 1.288030e-01 1.083593e-01 9.837302e-02 7.642984e-02 7.147737e-02 6.311543e-02 5.074310e-02 4.505136e-02 3.917509e-02 3.061961e-02 2.416851e-02 1.998326e-02 1.706915e-02 1.420538e-02 1.121680e-02 8.838284e-03 8.123518e-03 6.456636e-03 5.487292e-03 4.630390e-03 3.616655e-03 3.233793e-03 2.789742e-03 2.462762e-03 2.462276e-03 2.033680e-03 1.191835e-03 1.607183e-03 8.526917e-04 8.516325e-04 5.057817e-04 6.931666e-04 3.917509e-04 3.391783e-04 2.892676e-04 2.619734e-04 3.343256e-04 2.112383e-04 2.439062e-04 1.834040e-04 1.793731e-04 8.775783e-05 1.202744e-04 8.413895e-05 8.243917e-05 6.464537e-05 4.754259e-05 6.218269e-05 3.051020e-05 2.995038e-05 4.411610e-05 0.000000e+00 2.838775e-05 2.790249e-05 0.000000e+00 4.047014e-05 0.000000e+00 0.000000e+00 0.000000e+00 0.000000e+00 1.246027e-05 1.227290e-05 2.418216e-05 1.191457e-05 1.174313e-05 1.157656e-05 1.141465e-05 0.000000e+00 0.000000e+00 0.000000e+00 0.000000e+00 0.000000e+00 0.000000e+00 0.000000e+00 0.000000e+00 0.000000e+00 0.000000e+00 0.000000e+00 0.000000e+00 9.658554e-06 0.000000e+00 0.000000e+00 0.000000e+00 0.000000e+00 0.000000e+00 0.000000e+00 0.000000e+00 0.000000e+00 0.000000e+00 8.636485e-06 0.000000e+00 0.000000e+00 0.000000e+00 0.000000e+00 0.000000e+00
SPEC pbarinc sel0 meanpt 0.5920 yield 0.08405 1.127726e-01 1.176231e-01 1.058608e-01 1.106939e-01 1.020613e-01 8.697714e-02 7.863304e-02 6.778485e-02 5.756327e-02 5.236557e-02 4.166178e-02 3.353128e-02 3.113980e-02 2.431955e-02 2.038438e-02 1.566613e-02 1.201585e-02 1.060167e-02 9.537007e-03 8.161792e-03 6.033470e-03 4.737636e-03 4.890857e-03 3.483026e-03 2.821172e-03 2.139898e-03 2.093467e-03 1.951198e-03 1.595538e-03 1.325649e-03 1.282185e-03 9.527643e-04 7.555487e-04 4.886634e-04 8.699152e-04 4.355145e-04 3.986660e-04 3.637827e-04 2.834671e-04 2.762907e-04 2.470130e-04 1.972316e-04 1.925909e-04 6.272116e-05 1.634979e-04 1.399164e-04 7.823284e-05 9.573230e-05 3.750337e-05 5.511860e-05 3.601809e-05 1.765936e-05 1.732299e-05 5.099758e-05 1.668728e-05 0.000000e+00 6.438632e-05 0.000000e+00 3.109254e-05 1.528499e-05 1.503234e-05 1.478792e-05 0.000000e+00 0.000000e+00 0.000000e+00 0.000000e+00 1.367604e-05 0.000000e+00 0.000000e+00 1.308571e-05 0.000000e+00 1.271968e-05 0.000000e+00 0.000000e+00 0.000000e+00 1.204579e-05 0.000000e+00 0.000000e+00 0.000000e+00 0.000000e+00 1.129760e-05 0.000000e+00 0.000000e+00 0.000000e+00 1.076280e-05 0.000000e+00 0.000000e+00 0.000000e+00 0.000000e+00 0.000000e+00 0.000000e+00 0.000000e+00 0.000000e+00 0.000000e+00 0.000000e+00 0.000000e+00 0.000000e+00 0.000000e+00 0.000000e+00 0.000000e+00
SPEC pbarinc sel1 meanpt 0.5974 yield 0.14634 1.436420e-01 1.354805e-01 1.253603e-01 1.305836e-01 1.235104e-01 1.071379e-01 9.617988e-02 8.389999e-02 6.874845e-02 6.065267e-02 5.207800e-02 4.094933e-02 3.636755e-02 3.095316e-02 2.594787e-02 1.853445e-02 1.488851e-02 1.305836e-02 1.138195e-02 1.025416e-02 7.564297e-03 5.580173e-03 6.057630e-03 4.132834e-03 4.030771e-03 2.688487e-03 2.309852e-03 2.433604e-03 2.004574e-03 1.881290e-03 1.337947e-03 1.373201e-03 8.789284e-04 6.821534e-04 9.935712e-04 5.287718e-04 5.813656e-04 6.529182e-04 3.179797e-04 3.719155e-04 3.425806e-04 1.966621e-04 2.496452e-04 1.125721e-04 1.650636e-04 1.614358e-04 1.579641e-04 1.030924e-04 3.365558e-05 8.243917e-05 6.464537e-05 3.169506e-05 3.109134e-05 4.576530e-05 2.995038e-05 0.000000e+00 7.222547e-05 0.000000e+00 2.790249e-05 1.371677e-05 1.349005e-05 1.327070e-05 0.000000e+00 0.000000e+00 1.265345e-05 0.000000e+00 1.227290e-05 0.000000e+00 0.000000e+00 1.174313e-05 0.000000e+00 1.141465e-05 0.000000e+00 0.000000e+00 0.000000e+00 1.080990e-05 0.000000e+00 0.000000e+00 0.000000e+00 0.000000e+00 1.013848e-05 0.000000e+00 0.000000e+00 0.000000e+00 9.658554e-06 0.000000e+00 0.000000e+00 0.000000e+00 0.000000e+00 0.000000e+00 0.000000e+00 0.000000e+00 0.000000e+00 0.000000e+00 0.000000e+00 0.000000e+00 0.000000e+00 0.000000e+00 0.000000e+00 0.000000e+00
ETA dNch/deta |eta| bins 0.25 (0-3): 3.4961 3.5183 3.5729 3.6320 3.6625 3.6407 3.6015 3.5196 3.3941 3.2062 2.9740 2.6894 | TPC-acc charged(|eta|<1.1,pT>0.1)/ev 7.466 soft(pT<0.3) 2.514
SPEC chpm sel0eta05 meanpt 0.4673 yield 3.50718 5.212643e+00 4.982611e+00 5.439279e+00 5.047485e+00 4.346274e+00 3.556158e+00 2.873016e+00 2.295311e+00 1.818486e+00 1.433132e+00 1.133547e+00 8.558384e-01 6.884152e-01 5.403251e-01 4.254815e-01 3.294405e-01 2.605511e-01 2.117943e-01 1.618391e-01 1.318946e-01 1.062379e-01 8.575120e-02 6.951888e-02 5.564328e-02 4.700593e-02 3.512643e-02 3.108626e-02 2.703898e-02 2.131001e-02 1.838644e-02 1.565458e-02 1.253029e-02 1.085192e-02 8.380577e-03 7.454910e-03 6.957985e-03 5.511557e-03 4.855287e-03 3.935468e-03 3.078339e-03 3.143801e-03 2.531139e-03 2.127059e-03 1.946447e-03 1.716727e-03 1.371181e-03 1.245858e-03 1.179422e-03 9.450850e-04 7.202163e-04 6.807419e-04 5.315466e-04 4.244132e-04 3.688825e-04 3.387518e-04 2.638244e-04 3.042254e-04 2.103613e-04 1.741182e-04 2.032903e-04 2.630660e-04 1.759762e-04 6.111550e-05 7.017856e-05 6.909052e-05 4.859693e-05 6.701261e-05 8.488264e-05 7.434975e-05 8.243997e-05 5.418041e-05 6.232641e-05 1.756192e-05 1.732299e-05 3.418093e-05 8.432050e-06 1.664365e-05 8.214449e-06 2.432942e-05 0.000000e+00 5.535824e-05 2.343386e-05 0.000000e+00 0.000000e+00 5.273773e-05 7.445845e-06 7.359766e-06 7.275655e-06 7.193444e-06 0.000000e+00 7.034473e-06 0.000000e+00 0.000000e+00 1.361754e-05 6.736717e-06 0.000000e+00 0.000000e+00 0.000000e+00 6.463145e-06 6.398189e-06
