# gen_world eta_w1 mode set MultipartonInteractions:pT0Ref=2.55;StringPT:sigma=0.36;StringFlav:probStoUD=0.27;StringFlav:probQQtoQ=0.11 nev 100000 seed 20260993
SUMMARY nev 100000 nnsd 77934 dnde 2.1735 eps 0.5141 classN 17.8313 15.9304 7.0189 1.0587 meanpt_ch05 0.4512
SPEC pip sel0 meanpt 0.3942 yield 0.76578 3.266769e+00 2.878734e+00 2.441710e+00 1.952994e+00 1.483021e+00 1.127065e+00 8.772760e-01 6.810013e-01 5.224562e-01 4.093513e-01 3.110342e-01 2.379614e-01 1.779625e-01 1.399890e-01 1.031136e-01 8.278991e-02 6.079581e-02 5.035792e-02 3.657491e-02 2.816984e-02 2.222624e-02 1.666632e-02 1.293450e-02 1.013948e-02 7.832465e-03 6.491025e-03 5.868570e-03 4.464606e-03 3.637827e-03 3.175392e-03 2.325824e-03 2.078758e-03 1.706980e-03 1.411694e-03 1.080804e-03 6.916996e-04 6.229156e-04 6.548089e-04 7.322899e-04 7.597994e-04 5.389374e-04 4.163778e-04 3.851817e-04 2.508846e-04 1.634979e-04 1.399164e-04 2.151403e-04 1.531717e-04 2.062686e-04 1.469829e-04 7.203618e-05 1.236155e-04 3.464597e-05 8.499596e-05 0.000000e+00 1.638661e-05 3.219316e-05 1.581664e-05 1.554627e-05 3.056998e-05 3.006469e-05 1.478792e-05 1.455131e-05 0.000000e+00 2.820021e-05 2.776967e-05 0.000000e+00 2.694687e-05 0.000000e+00 1.308571e-05 1.290010e-05 0.000000e+00 0.000000e+00 0.000000e+00 0.000000e+00 1.204579e-05 0.000000e+00 0.000000e+00 0.000000e+00 0.000000e+00 0.000000e+00 0.000000e+00 1.102372e-05 0.000000e+00 0.000000e+00 0.000000e+00 2.102790e-05 0.000000e+00 0.000000e+00 0.000000e+00 1.004925e-05 0.000000e+00 0.000000e+00 0.000000e+00 0.000000e+00 0.000000e+00 0.000000e+00 0.000000e+00 0.000000e+00 0.000000e+00
SPEC pip sel1 meanpt 0.3964 yield 1.29762 3.862163e+00 3.423232e+00 2.878978e+00 2.286304e+00 1.750281e+00 1.342341e+00 1.032776e+00 8.118603e-01 6.202449e-01 4.834153e-01 3.662691e-01 2.800090e-01 2.153270e-01 1.673072e-01 1.236573e-01 9.728663e-02 7.490454e-02 5.932813e-02 4.455255e-02 3.455990e-02 2.713604e-02 2.021279e-02 1.572022e-02 1.244424e-02 9.635736e-03 7.784294e-03 6.689090e-03 5.168562e-03 4.671925e-03 3.433625e-03 3.106786e-03 2.463577e-03 2.061027e-03 1.780046e-03 1.278580e-03 1.035470e-03 8.952004e-04 6.317131e-04 8.274791e-04 9.512921e-04 6.857677e-04 4.724070e-04 5.189530e-04 2.629008e-04 2.019230e-04 1.436256e-04 3.337750e-04 2.579591e-04 2.526403e-04 1.650243e-04 9.705391e-05 1.427540e-04 4.667831e-05 7.634303e-05 4.496534e-05 5.887354e-05 2.891577e-05 4.261932e-05 1.396360e-05 5.491566e-05 5.400796e-05 2.656489e-05 1.306993e-05 0.000000e+00 3.799397e-05 2.494261e-05 0.000000e+00 2.420357e-05 0.000000e+00 1.175353e-05 2.317363e-05 0.000000e+00 1.126718e-05 0.000000e+00 1.096470e-05 1.081948e-05 0.000000e+00 0.000000e+00 0.000000e+00 0.000000e+00 0.000000e+00 0.000000e+00 9.901459e-06 0.000000e+00 9.667105e-06 0.000000e+00 1.888718e-05 0.000000e+00 0.000000e+00 0.000000e+00 9.026192e-06 0.000000e+00 0.000000e+00 0.000000e+00 0.000000e+00 0.000000e+00 0.000000e+00 0.000000e+00 0.000000e+00 0.000000e+00
SPEC pim sel0 meanpt 0.3939 yield 0.75182 3.095791e+00 2.918750e+00 2.421702e+00 1.846457e+00 1.462811e+00 1.117474e+00 8.743378e-01 6.714217e-01 5.158225e-01 3.828335e-01 3.013334e-01 2.402548e-01 1.827644e-01 1.319723e-01 1.010438e-01 8.050160e-02 6.090605e-02 4.568072e-02 3.706651e-02 2.947573e-02 2.275860e-02 1.569342e-02 1.455131e-02 9.442871e-03 8.203672e-03 6.027380e-03 5.113550e-03 4.563820e-03 3.669738e-03 2.620469e-03 2.802916e-03 2.049887e-03 1.567064e-03 1.248806e-03 1.265331e-03 1.050359e-03 4.484993e-04 7.033133e-04 5.433119e-04 5.756056e-04 2.470130e-04 3.068047e-04 2.781868e-04 2.090705e-04 2.248096e-04 1.998806e-04 5.867463e-05 7.658584e-05 1.875169e-04 9.186433e-05 9.004523e-05 7.063742e-05 5.196896e-05 8.499596e-05 5.006184e-05 6.554644e-05 4.828974e-05 4.744992e-05 4.663881e-05 1.528499e-05 3.006469e-05 1.478792e-05 1.455131e-05 1.432215e-05 1.410011e-05 2.776967e-05 0.000000e+00 4.042030e-05 0.000000e+00 0.000000e+00 0.000000e+00 1.271968e-05 0.000000e+00 1.237356e-05 0.000000e+00 1.204579e-05 1.188832e-05 0.000000e+00 0.000000e+00 1.143971e-05 1.129760e-05 0.000000e+00 0.000000e+00 0.000000e+00 1.076280e-05 0.000000e+00 0.000000e+00 0.000000e+00 0.000000e+00 0.000000e+00 1.004925e-05 0.000000e+00 0.000000e+00 0.000000e+00 0.000000e+00 0.000000e+00 0.000000e+00 0.000000e+00 0.000000e+00 0.000000e+00
SPEC pim sel1 meanpt 0.3960 yield 1.27395 3.705324e+00 3.425410e+00 2.840095e+00 2.197148e+00 1.722689e+00 1.336400e+00 1.023853e+00 7.949783e-01 6.088087e-01 4.642403e-01 3.535104e-01 2.829923e-01 2.183331e-01 1.579888e-01 1.218545e-01 9.591639e-02 7.173607e-02 5.447359e-02 4.494995e-02 3.548150e-02 2.725558e-02 1.907297e-02 1.677307e-02 1.147095e-02 1.006918e-02 7.752260e-03 6.350011e-03 5.970580e-03 4.241994e-03 3.129029e-03 3.213916e-03 2.333915e-03 1.935354e-03 1.536204e-03 1.610063e-03 1.219553e-03 6.714003e-04 8.713284e-04 7.426094e-04 6.204079e-04 3.832231e-04 4.330397e-04 3.651891e-04 2.441222e-04 2.569929e-04 2.154383e-04 1.229697e-04 8.598636e-05 2.021123e-04 1.320195e-04 9.705391e-05 1.427540e-04 7.779718e-05 9.161163e-05 7.494224e-05 7.359193e-05 4.337365e-05 7.103221e-05 4.189079e-05 1.372891e-05 4.050597e-05 3.984734e-05 2.613985e-05 1.286410e-05 1.266466e-05 2.494261e-05 1.228377e-05 4.840713e-05 0.000000e+00 2.350706e-05 0.000000e+00 2.284952e-05 0.000000e+00 2.222777e-05 0.000000e+00 1.081948e-05 1.067804e-05 0.000000e+00 0.000000e+00 1.027510e-05 1.014746e-05 0.000000e+00 0.000000e+00 0.000000e+00 9.667105e-06 0.000000e+00 0.000000e+00 9.335662e-06 0.000000e+00 1.825409e-05 9.026192e-06 0.000000e+00 0.000000e+00 0.000000e+00 0.000000e+00 8.553617e-06 0.000000e+00 0.000000e+00 0.000000e+00 0.000000e+00
SPEC kp sel0 meanpt 0.5032 yield 0.09977 2.146318e-01 1.934111e-01 1.717054e-01 1.668204e-01 1.370248e-01 1.332768e-01 1.032583e-01 9.082442e-02 7.842728e-02 6.366198e-02 5.058312e-02 4.278401e-02 3.303147e-02 2.701424e-02 1.831458e-02 1.678095e-02 1.361429e-02 9.250475e-03 8.897929e-03 5.829851e-03 4.791285e-03 3.637827e-03 3.314465e-03 2.747721e-03 2.264362e-03 1.818914e-03 1.166850e-03 1.488202e-03 1.116877e-03 8.940423e-04 5.665469e-04 5.485613e-04 6.156323e-04 3.529235e-04 1.581664e-04 2.818035e-04 1.245831e-04 1.697653e-04 1.889780e-04 9.209689e-05 1.122786e-04 1.095731e-04 1.283939e-04 8.362821e-05 4.087446e-05 7.995225e-05 3.911642e-05 3.829292e-05 1.875169e-05 3.674573e-05 1.800905e-05 0.000000e+00 3.464597e-05 0.000000e+00 0.000000e+00 1.638661e-05 1.609658e-05 0.000000e+00 4.663881e-05 1.528499e-05 0.000000e+00 2.957583e-05 1.455131e-05 0.000000e+00 0.000000e+00 1.388484e-05 0.000000e+00 0.000000e+00 0.000000e+00 0.000000e+00 0.000000e+00 0.000000e+00 1.254423e-05 1.237356e-05 0.000000e+00 0.000000e+00 0.000000e+00 0.000000e+00 0.000000e+00 0.000000e+00 0.000000e+00 0.000000e+00 0.000000e+00 1.089170e-05 0.000000e+00 0.000000e+00 0.000000e+00 0.000000e+00 0.000000e+00 0.000000e+00 0.000000e+00 0.000000e+00 9.831966e-06 9.726811e-06 0.000000e+00 9.523108e-06 0.000000e+00 0.000000e+00 0.000000e+00 0.000000e+00
SPEC kp sel1 meanpt 0.5067 yield 0.16931 2.417936e-01 2.243671e-01 2.006234e-01 1.946485e-01 1.695460e-01 1.492645e-01 1.291912e-01 1.048862e-01 8.841421e-02 7.644187e-02 6.247114e-02 4.922532e-02 3.992862e-02 3.346143e-02 2.326672e-02 2.065892e-02 1.569381e-02 1.129615e-02 1.028815e-02 6.702526e-03 5.857558e-03 4.483289e-03 3.666840e-03 3.337002e-03 2.700674e-03 2.146287e-03 1.387138e-03 1.841671e-03 1.146485e-03 9.414777e-04 7.231312e-04 7.520394e-04 6.534963e-04 4.389154e-04 2.841288e-04 2.991356e-04 2.014201e-04 2.178321e-04 2.970438e-04 1.034013e-04 1.411875e-04 1.181017e-04 1.729843e-04 9.389315e-05 9.178319e-05 1.256724e-04 8.783553e-05 6.878909e-05 5.052807e-05 4.950730e-05 1.617565e-05 0.000000e+00 3.111887e-05 0.000000e+00 0.000000e+00 2.943677e-05 1.445788e-05 0.000000e+00 5.585439e-05 2.745783e-05 0.000000e+00 3.984734e-05 0.000000e+00 0.000000e+00 1.266466e-05 1.247130e-05 0.000000e+00 0.000000e+00 0.000000e+00 0.000000e+00 0.000000e+00 0.000000e+00 1.126718e-05 1.111388e-05 0.000000e+00 0.000000e+00 0.000000e+00 0.000000e+00 0.000000e+00 0.000000e+00 0.000000e+00 0.000000e+00 0.000000e+00 9.782879e-06 0.000000e+00 0.000000e+00 0.000000e+00 0.000000e+00 0.000000e+00 0.000000e+00 0.000000e+00 0.000000e+00 8.831031e-06 8.736582e-06 0.000000e+00 8.553617e-06 0.000000e+00 0.000000e+00 0.000000e+00 0.000000e+00
SPEC km sel0 meanpt 0.5103 yield 0.09702 1.709779e-01 1.746157e-01 1.647936e-01 1.436942e-01 1.374290e-01 1.139301e-01 1.039579e-01 9.470477e-02 7.553841e-02 6.146013e-02 5.066974e-02 3.946252e-02 3.441385e-02 2.647530e-02 1.988261e-02 1.637022e-02 1.361429e-02 1.127726e-02 7.668933e-03 7.089099e-03 5.501105e-03 3.468626e-03 3.233624e-03 2.747721e-03 2.041638e-03 1.676254e-03 1.098212e-03 1.355917e-03 8.296799e-04 9.248713e-04 4.770921e-04 5.774329e-04 4.757159e-04 4.343674e-04 3.954160e-04 3.074220e-04 3.239161e-04 1.455131e-04 1.181113e-04 1.841938e-04 1.347343e-04 8.765849e-05 1.283939e-04 6.272116e-05 2.043723e-05 9.994031e-05 3.911642e-05 0.000000e+00 0.000000e+00 0.000000e+00 3.601809e-05 1.765936e-05 0.000000e+00 0.000000e+00 5.006184e-05 1.638661e-05 0.000000e+00 0.000000e+00 0.000000e+00 0.000000e+00 3.006469e-05 0.000000e+00 1.455131e-05 0.000000e+00 1.410011e-05 0.000000e+00 0.000000e+00 1.347343e-05 0.000000e+00 0.000000e+00 0.000000e+00 0.000000e+00 0.000000e+00 0.000000e+00 0.000000e+00 0.000000e+00 0.000000e+00 0.000000e+00 0.000000e+00 0.000000e+00 0.000000e+00 0.000000e+00 0.000000e+00 0.000000e+00 0.000000e+00 0.000000e+00 0.000000e+00 0.000000e+00 0.000000e+00 0.000000e+00 0.000000e+00 0.000000e+00 0.000000e+00 0.000000e+00 0.000000e+00 0.000000e+00 0.000000e+00 0.000000e+00 0.000000e+00 0.000000e+00
SPEC km sel1 meanpt 0.5114 yield 0.16405 2.025839e-01 2.129309e-01 1.927814e-01 1.717762e-01 1.633741e-01 1.363431e-01 1.249183e-01 1.080447e-01 8.889472e-02 7.136868e-02 5.982603e-02 4.702332e-02 3.940583e-02 3.315889e-02 2.304138e-02 1.928868e-02 1.604036e-02 1.302325e-02 9.051807e-03 8.461939e-03 6.455268e-03 4.521283e-03 3.812062e-03 3.163200e-03 2.734015e-03 1.857980e-03 1.417964e-03 1.782263e-03 1.003174e-03 1.107621e-03 5.356527e-04 7.779718e-04 4.775550e-04 5.364522e-04 4.261932e-04 3.451565e-04 4.028402e-04 1.306993e-04 1.485219e-04 1.654421e-04 1.411875e-04 9.841812e-05 1.537638e-04 9.389315e-05 1.835664e-05 1.256724e-04 7.026842e-05 0.000000e+00 3.368538e-05 0.000000e+00 4.852695e-05 3.172312e-05 1.555944e-05 0.000000e+00 4.496534e-05 1.471839e-05 1.445788e-05 0.000000e+00 0.000000e+00 1.372891e-05 4.050597e-05 0.000000e+00 1.306993e-05 0.000000e+00 1.266466e-05 0.000000e+00 0.000000e+00 1.210178e-05 0.000000e+00 0.000000e+00 0.000000e+00 0.000000e+00 0.000000e+00 0.000000e+00 0.000000e+00 0.000000e+00 0.000000e+00 0.000000e+00 0.000000e+00 0.000000e+00 0.000000e+00 0.000000e+00 0.000000e+00 0.000000e+00 0.000000e+00 0.000000e+00 0.000000e+00 0.000000e+00 0.000000e+00 0.000000e+00 0.000000e+00 0.000000e+00 0.000000e+00 0.000000e+00 0.000000e+00 0.000000e+00 0.000000e+00 0.000000e+00 0.000000e+00 0.000000e+00
SPEC p sel0 meanpt 0.5717 yield 0.05452 7.821329e-02 7.336285e-02 7.530302e-02 6.652027e-02 6.305567e-02 5.787452e-02 5.078967e-02 4.389645e-02 4.055107e-02 3.302764e-02 2.745693e-02 2.499029e-02 2.109940e-02 1.630286e-02 1.568029e-02 1.026806e-02 7.881959e-03 8.211096e-03 6.095819e-03 4.803798e-03 3.948374e-03 2.411118e-03 3.193204e-03 2.128516e-03 1.410586e-03 1.319604e-03 1.098212e-03 8.598501e-04 5.424830e-04 4.932647e-04 6.261834e-04 5.485613e-04 2.518496e-04 4.886634e-04 1.845275e-04 2.049480e-04 2.491663e-04 1.697653e-04 1.417335e-04 1.151211e-04 1.347343e-04 1.314877e-04 8.559594e-05 2.090705e-05 6.131170e-05 3.997612e-05 3.911642e-05 3.829292e-05 3.750337e-05 3.674573e-05 3.601809e-05 0.000000e+00 1.732299e-05 1.699919e-05 0.000000e+00 0.000000e+00 1.609658e-05 0.000000e+00 1.554627e-05 0.000000e+00 0.000000e+00 0.000000e+00 1.455131e-05 0.000000e+00 1.410011e-05 0.000000e+00 0.000000e+00 0.000000e+00 0.000000e+00 0.000000e+00 0.000000e+00 0.000000e+00 0.000000e+00 0.000000e+00 0.000000e+00 0.000000e+00 0.000000e+00 0.000000e+00 0.000000e+00 0.000000e+00 1.129760e-05 0.000000e+00 0.000000e+00 0.000000e+00 0.000000e+00 0.000000e+00 0.000000e+00 0.000000e+00 0.000000e+00 0.000000e+00 1.004925e-05 0.000000e+00 0.000000e+00 0.000000e+00 0.000000e+00 0.000000e+00 0.000000e+00 0.000000e+00 0.000000e+00 0.000000e+00
SPEC p sel1 meanpt 0.5746 yield 0.09421 8.495452e-02 8.876658e-02 9.181623e-02 7.841956e-02 7.478902e-02 6.891416e-02 6.271051e-02 5.227971e-02 4.891612e-02 4.084352e-02 3.407516e-02 2.919424e-02 2.607450e-02 1.996794e-02 1.921054e-02 1.275372e-02 9.604416e-03 9.102270e-03 7.153135e-03 5.529584e-03 5.100459e-03 3.267482e-03 3.703146e-03 2.502752e-03 1.867132e-03 1.569673e-03 1.572090e-03 1.009949e-03 5.732424e-04 7.476441e-04 6.695659e-04 5.964450e-04 3.267482e-04 5.364522e-04 2.841288e-04 2.070939e-04 3.133202e-04 2.396153e-04 2.121741e-04 1.240816e-04 1.411875e-04 1.574690e-04 1.153229e-04 5.633589e-05 7.342655e-05 3.590639e-05 3.513421e-05 5.159181e-05 3.368538e-05 6.600973e-05 3.235130e-05 0.000000e+00 3.111887e-05 1.526861e-05 0.000000e+00 1.471839e-05 2.891577e-05 0.000000e+00 1.396360e-05 0.000000e+00 0.000000e+00 1.328245e-05 1.306993e-05 0.000000e+00 2.532931e-05 0.000000e+00 0.000000e+00 0.000000e+00 0.000000e+00 0.000000e+00 0.000000e+00 0.000000e+00 0.000000e+00 0.000000e+00 0.000000e+00 0.000000e+00 0.000000e+00 0.000000e+00 0.000000e+00 0.000000e+00 1.014746e-05 0.000000e+00 9.901459e-06 0.000000e+00 0.000000e+00 0.000000e+00 0.000000e+00 0.000000e+00 0.000000e+00 0.000000e+00 9.026192e-06 0.000000e+00 0.000000e+00 0.000000e+00 0.000000e+00 0.000000e+00 0.000000e+00 0.000000e+00 0.000000e+00 0.000000e+00
SPEC pbar sel0 meanpt 0.5584 yield 0.04827 6.184306e-02 6.548089e-02 7.130141e-02 7.015810e-02 5.598212e-02 4.911067e-02 4.855100e-02 4.062240e-02 3.637827e-02 2.986848e-02 2.667740e-02 2.127338e-02 1.658849e-02 1.461868e-02 1.128981e-02 8.742520e-03 6.614231e-03 6.859903e-03 4.768503e-03 3.917660e-03 3.682191e-03 2.918722e-03 2.425218e-03 1.780213e-03 1.076500e-03 1.141279e-03 9.266164e-04 9.921347e-04 5.743938e-04 6.165809e-04 5.367286e-04 3.753314e-04 3.357994e-04 2.714796e-04 1.054443e-04 1.280925e-04 1.245831e-04 1.455131e-04 2.126003e-04 9.209689e-05 6.736717e-05 4.382924e-05 4.279797e-05 0.000000e+00 4.087446e-05 3.997612e-05 1.173493e-04 3.829292e-05 1.875169e-05 0.000000e+00 0.000000e+00 0.000000e+00 3.464597e-05 0.000000e+00 0.000000e+00 1.638661e-05 0.000000e+00 0.000000e+00 0.000000e+00 0.000000e+00 1.503234e-05 0.000000e+00 0.000000e+00 1.432215e-05 0.000000e+00 0.000000e+00 1.367604e-05 0.000000e+00 0.000000e+00 0.000000e+00 0.000000e+00 0.000000e+00 0.000000e+00 0.000000e+00 0.000000e+00 0.000000e+00 0.000000e+00 0.000000e+00 0.000000e+00 0.000000e+00 0.000000e+00 0.000000e+00 0.000000e+00 0.000000e+00 0.000000e+00 0.000000e+00 0.000000e+00 0.000000e+00 0.000000e+00 0.000000e+00 0.000000e+00 0.000000e+00 0.000000e+00 0.000000e+00 0.000000e+00 0.000000e+00 0.000000e+00 0.000000e+00 9.233064e-06 0.000000e+00
SPEC pbar sel1 meanpt 0.5649 yield 0.08446 7.025085e-02 8.386536e-02 8.201379e-02 8.052008e-02 6.607574e-02 6.193363e-02 5.579853e-02 5.129946e-02 4.468762e-02 3.860787e-02 3.111887e-02 2.692121e-02 2.012769e-02 1.688199e-02 1.436565e-02 1.159429e-02 8.960821e-03 8.355417e-03 6.137567e-03 4.859332e-03 4.303512e-03 3.343470e-03 3.158566e-03 2.224668e-03 1.333666e-03 1.185263e-03 1.171361e-03 1.128766e-03 7.738772e-04 6.922630e-04 6.160006e-04 5.186479e-04 4.524205e-04 3.413787e-04 1.657418e-04 2.991356e-04 2.238001e-04 2.396153e-04 2.333915e-04 1.240816e-04 8.067856e-05 5.905087e-05 3.844096e-05 0.000000e+00 5.506991e-05 8.976598e-05 1.054026e-04 5.159181e-05 1.684269e-05 0.000000e+00 3.235130e-05 0.000000e+00 3.111887e-05 1.526861e-05 0.000000e+00 1.471839e-05 0.000000e+00 0.000000e+00 0.000000e+00 0.000000e+00 1.350199e-05 0.000000e+00 0.000000e+00 1.286410e-05 0.000000e+00 0.000000e+00 1.228377e-05 0.000000e+00 0.000000e+00 0.000000e+00 0.000000e+00 0.000000e+00 0.000000e+00 0.000000e+00 1.096470e-05 0.000000e+00 0.000000e+00 0.000000e+00 0.000000e+00 0.000000e+00 0.000000e+00 0.000000e+00 0.000000e+00 0.000000e+00 0.000000e+00 0.000000e+00 0.000000e+00 0.000000e+00 0.000000e+00 0.000000e+00 0.000000e+00 0.000000e+00 0.000000e+00 0.000000e+00 0.000000e+00 0.000000e+00 0.000000e+00 0.000000e+00 8.293100e-06 0.000000e+00
SPEC pinc sel0 meanpt 0.5507 yield 0.07665 1.364185e-01 1.115600e-01 1.113175e-01 9.978041e-02 9.215829e-02 8.548894e-02 7.247671e-02 6.875494e-02 5.884721e-02 4.786615e-02 3.871688e-02 3.321494e-02 2.902986e-02 2.236590e-02 2.076070e-02 1.408191e-02 1.085836e-02 1.060167e-02 7.472294e-03 5.969768e-03 5.412377e-03 3.045623e-03 3.678248e-03 2.786421e-03 1.967396e-03 1.854579e-03 1.338446e-03 1.091348e-03 8.296799e-04 5.549228e-04 7.752747e-04 7.217911e-04 3.637827e-04 5.429593e-04 2.372496e-04 2.049480e-04 2.740829e-04 1.697653e-04 1.653558e-04 1.381453e-04 1.796458e-04 1.314877e-04 1.069949e-04 2.090705e-05 6.131170e-05 3.997612e-05 5.867463e-05 5.743938e-05 5.625506e-05 3.674573e-05 5.402714e-05 0.000000e+00 1.732299e-05 1.699919e-05 1.668728e-05 0.000000e+00 1.609658e-05 0.000000e+00 1.554627e-05 0.000000e+00 0.000000e+00 0.000000e+00 1.455131e-05 0.000000e+00 1.410011e-05 0.000000e+00 0.000000e+00 0.000000e+00 0.000000e+00 0.000000e+00 0.000000e+00 0.000000e+00 0.000000e+00 0.000000e+00 0.000000e+00 0.000000e+00 0.000000e+00 0.000000e+00 0.000000e+00 0.000000e+00 1.129760e-05 0.000000e+00 0.000000e+00 0.000000e+00 0.000000e+00 0.000000e+00 0.000000e+00 0.000000e+00 0.000000e+00 0.000000e+00 1.004925e-05 0.000000e+00 0.000000e+00 0.000000e+00 0.000000e+00 0.000000e+00 0.000000e+00 0.000000e+00 0.000000e+00 0.000000e+00
SPEC pinc sel1 meanpt 0.5526 yield 0.13257 1.519379e-01 1.306993e-01 1.378877e-01 1.166958e-01 1.112759e-01 1.048565e-01 9.211785e-02 8.070679e-02 7.092357e-02 5.812678e-02 4.761187e-02 3.864152e-02 3.568090e-02 2.759207e-02 2.512581e-02 1.696982e-02 1.341648e-02 1.208968e-02 8.698566e-03 7.205216e-03 6.614658e-03 4.141343e-03 4.320337e-03 3.163200e-03 2.667332e-03 2.274423e-03 1.849518e-03 1.277288e-03 8.885257e-04 8.584062e-04 8.570443e-04 7.779718e-04 4.775550e-04 6.096048e-04 3.314836e-04 2.531148e-04 3.357002e-04 2.396153e-04 2.333915e-04 1.861224e-04 2.016964e-04 1.574690e-04 1.345434e-04 5.633589e-05 7.342655e-05 3.590639e-05 5.270132e-05 6.878909e-05 5.052807e-05 6.600973e-05 4.852695e-05 0.000000e+00 4.667831e-05 1.526861e-05 1.498845e-05 1.471839e-05 2.891577e-05 0.000000e+00 1.396360e-05 0.000000e+00 0.000000e+00 1.328245e-05 1.306993e-05 0.000000e+00 2.532931e-05 0.000000e+00 0.000000e+00 0.000000e+00 0.000000e+00 0.000000e+00 0.000000e+00 0.000000e+00 0.000000e+00 0.000000e+00 0.000000e+00 0.000000e+00 0.000000e+00 0.000000e+00 0.000000e+00 0.000000e+00 1.014746e-05 0.000000e+00 9.901459e-06 0.000000e+00 0.000000e+00 0.000000e+00 0.000000e+00 0.000000e+00 0.000000e+00 0.000000e+00 9.026192e-06 0.000000e+00 0.000000e+00 0.000000e+00 0.000000e+00 0.000000e+00 0.000000e+00 0.000000e+00 0.000000e+00 0.000000e+00
SPEC pbarinc sel0 meanpt 0.5362 yield 0.06942 1.073159e-01 1.036781e-01 1.022229e-01 1.091348e-01 8.912677e-02 7.374868e-02 7.555487e-02 6.111550e-02 5.381844e-02 4.327100e-02 3.889011e-02 2.870720e-02 2.386415e-02 2.007542e-02 1.586845e-02 1.155890e-02 8.874094e-03 8.990630e-03 6.489097e-03 5.270186e-03 4.613830e-03 3.510926e-03 2.991102e-03 2.244617e-03 1.336345e-03 1.569259e-03 1.166850e-03 1.289775e-03 6.701261e-04 7.398971e-04 6.560016e-04 4.908180e-04 3.917660e-04 3.529235e-04 1.581664e-04 1.537110e-04 1.494998e-04 1.697653e-04 2.598448e-04 9.209689e-05 6.736717e-05 4.382924e-05 6.419695e-05 2.090705e-05 6.131170e-05 3.997612e-05 1.173493e-04 3.829292e-05 1.875169e-05 1.837287e-05 0.000000e+00 0.000000e+00 5.196896e-05 0.000000e+00 0.000000e+00 1.638661e-05 0.000000e+00 0.000000e+00 1.554627e-05 0.000000e+00 1.503234e-05 0.000000e+00 0.000000e+00 1.432215e-05 0.000000e+00 0.000000e+00 1.367604e-05 0.000000e+00 0.000000e+00 0.000000e+00 0.000000e+00 0.000000e+00 0.000000e+00 0.000000e+00 1.220747e-05 0.000000e+00 0.000000e+00 0.000000e+00 0.000000e+00 0.000000e+00 1.129760e-05 0.000000e+00 0.000000e+00 0.000000e+00 0.000000e+00 0.000000e+00 0.000000e+00 0.000000e+00 0.000000e+00 0.000000e+00 0.000000e+00 0.000000e+00 0.000000e+00 0.000000e+00 0.000000e+00 0.000000e+00 0.000000e+00 0.000000e+00 9.233064e-06 0.000000e+00
SPEC pbarinc sel1 meanpt 0.5434 yield 0.12076 1.127281e-01 1.268872e-01 1.195898e-01 1.271984e-01 1.060116e-01 9.163801e-02 8.508019e-02 7.547882e-02 6.400420e-02 5.683698e-02 4.543355e-02 3.686572e-02 2.875384e-02 2.371950e-02 2.005558e-02 1.507258e-02 1.193126e-02 1.101608e-02 8.345325e-03 6.199837e-03 5.419238e-03 4.103349e-03 3.848367e-03 2.815596e-03 1.733766e-03 1.633741e-03 1.417964e-03 1.455515e-03 1.031836e-03 8.584062e-04 7.231312e-04 6.483098e-04 5.529584e-04 4.389154e-04 2.604514e-04 3.451565e-04 2.685601e-04 2.831817e-04 3.182612e-04 1.447618e-04 1.008482e-04 5.905087e-05 5.766144e-05 3.755726e-05 7.342655e-05 8.976598e-05 1.054026e-04 5.159181e-05 1.684269e-05 1.650243e-05 3.235130e-05 0.000000e+00 4.667831e-05 1.526861e-05 0.000000e+00 1.471839e-05 0.000000e+00 0.000000e+00 1.396360e-05 0.000000e+00 1.350199e-05 0.000000e+00 0.000000e+00 1.286410e-05 0.000000e+00 0.000000e+00 1.228377e-05 0.000000e+00 0.000000e+00 0.000000e+00 0.000000e+00 0.000000e+00 0.000000e+00 0.000000e+00 2.192941e-05 0.000000e+00 0.000000e+00 0.000000e+00 0.000000e+00 0.000000e+00 1.014746e-05 0.000000e+00 0.000000e+00 0.000000e+00 0.000000e+00 0.000000e+00 0.000000e+00 0.000000e+00 0.000000e+00 0.000000e+00 0.000000e+00 0.000000e+00 0.000000e+00 0.000000e+00 0.000000e+00 0.000000e+00 0.000000e+00 0.000000e+00 8.293100e-06 0.000000e+00
ETA dNch/deta |eta| bins 0.25 (0-3): 2.1660 2.1810 2.2270 2.2730 2.3043 2.3337 2.3425 2.3156 2.2773 2.2150 2.1201 2.0179 | TPC-acc charged(|eta|<1.1,pT>0.1)/ev 4.636 soft(pT<0.3) 1.594
SPEC chpm sel0eta05 meanpt 0.4512 yield 2.17349 3.301510e+00 3.242941e+00 3.534513e+00 3.205835e+00 2.718932e+00 2.213932e+00 1.779401e+00 1.447843e+00 1.145391e+00 9.028609e-01 7.052534e-01 5.595057e-01 4.401334e-01 3.363710e-01 2.572822e-01 2.045808e-01 1.574959e-01 1.259416e-01 9.910621e-02 7.645967e-02 6.170554e-02 4.441533e-02 3.757471e-02 2.841762e-02 2.304823e-02 1.844949e-02 1.496657e-02 1.375099e-02 1.007423e-02 8.114205e-03 7.180236e-03 6.103466e-03 4.857899e-03 4.199790e-03 3.284589e-03 2.779607e-03 2.215088e-03 1.816488e-03 2.000805e-03 1.724514e-03 1.304678e-03 1.058476e-03 1.048550e-03 6.293023e-04 5.722425e-04 5.736574e-04 6.023929e-04 4.154782e-04 4.594163e-04 3.343861e-04 2.773393e-04 2.472310e-04 2.061435e-04 1.665921e-04 1.401732e-04 1.491181e-04 9.014085e-05 8.857319e-05 1.088239e-04 8.559594e-05 1.157490e-04 1.035154e-04 6.111550e-05 2.005102e-05 7.896059e-05 4.859693e-05 1.914646e-05 6.601983e-05 0.000000e+00 2.747999e-05 1.806014e-05 1.780755e-05 1.756192e-05 2.598448e-05 2.563570e-05 1.686410e-05 8.321827e-06 0.000000e+00 0.000000e+00 8.007796e-06 2.372496e-05 0.000000e+00 7.716603e-06 7.624189e-06 1.506792e-05 0.000000e+00 1.471953e-05 7.275655e-06 0.000000e+00 1.422614e-05 2.110342e-05 0.000000e+00 6.882376e-06 6.808768e-06 0.000000e+00 1.333235e-05 0.000000e+00 0.000000e+00 6.463145e-06 0.000000e+00
