# gen_world eta_monash mode pt0 2.28 nev 100000 seed 20260992
SUMMARY nev 100000 nnsd 78016 dnde 2.6561 eps 0.5255 classN 20.7610 18.3834 7.6690 1.1905 meanpt_ch05 0.4485
SPEC pip sel0 meanpt 0.3961 yield 0.95537 3.745143e+00 3.448660e+00 3.001935e+00 2.399407e+00 1.877725e+00 1.438761e+00 1.123669e+00 8.667730e-01 6.504221e-01 5.141782e-01 3.857829e-01 2.922124e-01 2.310020e-01 1.719210e-01 1.323416e-01 9.863206e-02 7.661485e-02 5.882886e-02 4.380141e-02 3.553877e-02 2.661825e-02 2.263067e-02 1.725947e-02 1.373860e-02 1.009683e-02 8.060284e-03 7.104059e-03 5.423670e-03 4.658972e-03 3.976947e-03 3.101099e-03 2.338603e-03 2.070763e-03 1.656026e-03 1.318053e-03 1.485873e-03 8.969985e-04 8.730785e-04 5.669341e-04 7.597994e-04 4.266588e-04 5.478656e-04 3.637827e-04 4.181411e-04 3.678702e-04 2.798329e-04 3.129314e-04 2.680504e-04 9.375843e-05 1.286101e-04 1.620814e-04 1.412748e-04 6.929195e-05 1.189943e-04 6.674912e-05 6.554644e-05 6.438632e-05 3.163328e-05 3.109254e-05 6.113995e-05 3.006469e-05 4.436375e-05 4.365393e-05 2.864431e-05 2.820021e-05 0.000000e+00 0.000000e+00 0.000000e+00 0.000000e+00 1.308571e-05 1.290010e-05 0.000000e+00 0.000000e+00 1.237356e-05 0.000000e+00 0.000000e+00 0.000000e+00 1.173493e-05 0.000000e+00 0.000000e+00 1.129760e-05 0.000000e+00 0.000000e+00 0.000000e+00 0.000000e+00 0.000000e+00 0.000000e+00 0.000000e+00 0.000000e+00 0.000000e+00 0.000000e+00 0.000000e+00 9.831966e-06 0.000000e+00 0.000000e+00 0.000000e+00 9.424423e-06 9.327762e-06 0.000000e+00 0.000000e+00
SPEC pip sel1 meanpt 0.3975 yield 1.63323 4.470113e+00 4.139356e+00 3.592410e+00 2.847415e+00 2.216651e+00 1.737957e+00 1.335749e+00 1.036553e+00 7.796273e-01 6.175062e-01 4.659039e-01 3.505303e-01 2.726132e-01 2.044865e-01 1.598258e-01 1.197168e-01 9.173951e-02 7.166915e-02 5.319515e-02 4.130275e-02 3.268028e-02 2.592261e-02 2.056350e-02 1.729251e-02 1.255659e-02 1.027215e-02 8.868355e-03 7.091884e-03 5.554607e-03 4.896071e-03 3.959664e-03 3.004996e-03 2.661454e-03 1.851251e-03 1.632024e-03 1.632024e-03 1.073111e-03 1.000974e-03 7.418289e-04 9.502922e-04 5.440079e-04 6.488769e-04 5.952086e-04 5.440079e-04 4.584336e-04 3.766208e-04 3.685215e-04 2.920463e-04 1.177749e-04 1.813360e-04 1.939038e-04 2.059836e-04 7.771541e-05 1.525256e-04 8.983616e-05 8.821749e-05 5.777075e-05 5.676604e-05 4.184676e-05 6.857242e-05 5.395119e-05 9.287939e-05 3.916857e-05 3.855174e-05 2.530269e-05 0.000000e+00 0.000000e+00 0.000000e+00 1.191258e-05 1.174118e-05 0.000000e+00 0.000000e+00 0.000000e+00 1.110220e-05 0.000000e+00 0.000000e+00 0.000000e+00 1.052918e-05 0.000000e+00 0.000000e+00 1.013679e-05 0.000000e+00 0.000000e+00 0.000000e+00 0.000000e+00 0.000000e+00 0.000000e+00 0.000000e+00 0.000000e+00 0.000000e+00 0.000000e+00 0.000000e+00 8.821749e-06 0.000000e+00 0.000000e+00 0.000000e+00 8.456081e-06 8.369352e-06 0.000000e+00 0.000000e+00
SPEC pim sel0 meanpt 0.3984 yield 0.94293 3.705127e+00 3.451692e+00 2.916810e+00 2.282477e+00 1.852665e+00 1.424540e+00 1.109118e+00 8.596186e-01 6.585537e-01 5.083385e-01 3.793734e-01 2.862021e-01 2.275097e-01 1.732684e-01 1.250660e-01 1.044408e-01 7.644949e-02 5.919265e-02 4.267073e-02 3.586525e-02 2.768298e-02 1.979655e-02 1.721905e-02 1.280980e-02 1.087636e-02 8.488264e-03 7.275655e-03 6.085093e-03 4.148400e-03 3.822802e-03 3.220372e-03 2.829421e-03 2.294630e-03 1.737470e-03 1.291692e-03 1.357781e-03 1.046498e-03 1.115600e-03 8.267789e-04 6.677025e-04 7.410389e-04 4.602071e-04 5.349746e-04 3.763270e-04 2.043723e-04 3.597851e-04 1.173493e-04 1.914646e-04 2.062686e-04 7.349146e-05 1.440724e-04 1.236155e-04 6.929195e-05 1.359935e-04 5.006184e-05 6.554644e-05 4.828974e-05 7.908320e-05 7.773135e-05 1.528499e-05 4.509703e-05 1.478792e-05 2.910262e-05 2.864431e-05 4.230032e-05 2.776967e-05 1.367604e-05 0.000000e+00 0.000000e+00 0.000000e+00 0.000000e+00 1.271968e-05 1.254423e-05 0.000000e+00 1.220747e-05 0.000000e+00 0.000000e+00 0.000000e+00 0.000000e+00 1.143971e-05 1.129760e-05 0.000000e+00 1.102372e-05 0.000000e+00 0.000000e+00 0.000000e+00 0.000000e+00 0.000000e+00 0.000000e+00 1.016153e-05 0.000000e+00 9.939419e-06 0.000000e+00 0.000000e+00 0.000000e+00 0.000000e+00 0.000000e+00 0.000000e+00 9.233064e-06 0.000000e+00
SPEC pim sel1 meanpt 0.3998 yield 1.60388 4.455424e+00 4.109979e+00 3.462175e+00 2.745064e+00 2.200512e+00 1.677720e+00 1.311394e+00 1.013595e+00 7.842353e-01 5.969771e-01 4.589095e-01 3.426540e-01 2.711118e-01 2.044865e-01 1.531288e-01 1.209277e-01 9.159114e-02 7.036353e-02 5.244530e-02 4.188861e-02 3.486958e-02 2.508762e-02 2.078110e-02 1.566048e-02 1.302288e-02 1.011215e-02 8.868355e-03 7.269923e-03 4.924703e-03 4.702441e-03 3.932909e-03 3.549004e-03 2.912534e-03 2.094836e-03 1.821244e-03 1.540079e-03 1.632024e-03 1.349140e-03 1.059756e-03 7.437070e-04 8.059376e-04 5.702251e-04 5.376078e-04 5.064901e-04 2.750602e-04 4.124895e-04 1.579378e-04 2.061504e-04 2.691998e-04 1.153956e-04 1.454278e-04 1.267591e-04 1.088016e-04 2.135358e-04 4.491808e-05 7.351458e-05 7.221343e-05 7.095755e-05 8.369352e-05 2.742897e-05 4.046340e-05 2.653697e-05 3.916857e-05 3.855174e-05 3.795404e-05 4.983278e-05 3.681256e-05 0.000000e+00 0.000000e+00 0.000000e+00 1.157464e-05 1.141275e-05 1.125534e-05 0.000000e+00 1.095318e-05 1.080810e-05 0.000000e+00 0.000000e+00 0.000000e+00 2.052860e-05 1.013679e-05 0.000000e+00 9.891052e-06 0.000000e+00 0.000000e+00 9.543998e-06 0.000000e+00 0.000000e+00 0.000000e+00 9.117450e-06 0.000000e+00 8.918162e-06 0.000000e+00 0.000000e+00 0.000000e+00 8.544626e-06 0.000000e+00 0.000000e+00 8.284384e-06 0.000000e+00
SPEC kp sel0 meanpt 0.5020 yield 0.10468 2.164507e-01 2.025057e-01 1.840741e-01 1.779937e-01 1.600644e-01 1.309618e-01 1.084352e-01 1.051332e-01 7.585940e-02 6.347051e-02 5.084297e-02 4.286310e-02 3.390455e-02 2.640793e-02 2.163880e-02 1.748504e-02 1.411036e-02 1.065364e-02 8.897929e-03 6.902544e-03 5.900378e-03 4.314632e-03 3.152784e-03 2.554219e-03 2.115879e-03 1.747584e-03 1.338446e-03 1.289775e-03 9.892337e-04 8.940423e-04 8.050929e-04 4.619463e-04 4.197493e-04 2.986276e-04 3.426939e-04 4.098960e-04 1.744164e-04 1.940175e-04 1.889780e-04 1.611696e-04 6.736717e-05 8.765849e-05 1.925909e-04 8.362821e-05 8.174893e-05 1.998806e-05 3.911642e-05 3.829292e-05 3.750337e-05 1.837287e-05 1.800905e-05 5.297807e-05 1.732299e-05 1.699919e-05 1.668728e-05 3.277322e-05 1.609658e-05 4.744992e-05 1.554627e-05 0.000000e+00 0.000000e+00 0.000000e+00 0.000000e+00 0.000000e+00 0.000000e+00 0.000000e+00 0.000000e+00 2.694687e-05 0.000000e+00 1.308571e-05 0.000000e+00 0.000000e+00 1.254423e-05 0.000000e+00 0.000000e+00 0.000000e+00 1.188832e-05 1.173493e-05 0.000000e+00 0.000000e+00 0.000000e+00 0.000000e+00 1.102372e-05 0.000000e+00 1.076280e-05 0.000000e+00 1.051395e-05 0.000000e+00 0.000000e+00 0.000000e+00 0.000000e+00 0.000000e+00 0.000000e+00 0.000000e+00 0.000000e+00 0.000000e+00 0.000000e+00 0.000000e+00 0.000000e+00 0.000000e+00
SPEC kp sel1 meanpt 0.5083 yield 0.17869 2.578597e-01 2.230432e-01 2.199968e-01 2.023709e-01 1.889521e-01 1.590481e-01 1.306874e-01 1.215314e-01 9.244934e-02 7.601794e-02 6.061802e-02 5.201188e-02 3.982138e-02 3.372849e-02 2.661887e-02 2.011074e-02 1.676533e-02 1.245001e-02 1.111540e-02 8.494892e-03 7.045565e-03 4.934025e-03 3.989391e-03 3.333495e-03 2.664528e-03 2.176031e-03 1.878367e-03 1.513331e-03 1.030752e-03 1.106457e-03 8.828980e-04 7.771541e-04 5.021611e-04 4.140955e-04 3.784403e-04 5.286837e-04 2.459214e-04 3.046444e-04 2.119511e-04 1.652682e-04 1.208906e-04 9.831468e-05 2.496036e-04 1.125534e-04 1.283614e-04 8.967163e-05 3.509728e-05 6.871678e-05 3.364997e-05 4.945526e-05 0.000000e+00 6.337956e-05 1.554308e-05 1.525256e-05 1.497269e-05 2.940583e-05 1.444269e-05 4.257453e-05 1.394892e-05 1.371448e-05 0.000000e+00 0.000000e+00 0.000000e+00 0.000000e+00 1.265135e-05 1.245820e-05 0.000000e+00 2.417813e-05 0.000000e+00 1.174118e-05 1.157464e-05 1.141275e-05 1.125534e-05 0.000000e+00 0.000000e+00 1.080810e-05 1.066682e-05 1.052918e-05 0.000000e+00 0.000000e+00 0.000000e+00 1.001241e-05 9.891052e-06 0.000000e+00 0.000000e+00 0.000000e+00 9.433663e-06 0.000000e+00 0.000000e+00 9.117450e-06 0.000000e+00 0.000000e+00 0.000000e+00 0.000000e+00 0.000000e+00 0.000000e+00 0.000000e+00 0.000000e+00 0.000000e+00 0.000000e+00
SPEC km sel0 meanpt 0.5058 yield 0.10179 1.837103e-01 1.837103e-01 1.782535e-01 1.603242e-01 1.501614e-01 1.322846e-01 1.140319e-01 9.700873e-02 7.971122e-02 6.672541e-02 4.902405e-02 4.112326e-02 3.201288e-02 2.654267e-02 2.013349e-02 1.648757e-02 1.196074e-02 1.018592e-02 9.291207e-03 6.016407e-03 4.924376e-03 4.568434e-03 3.354885e-03 2.709020e-03 2.375724e-03 2.068568e-03 1.338446e-03 1.289775e-03 1.116877e-03 6.474099e-04 5.963651e-04 6.063045e-04 4.197493e-04 4.615154e-04 3.426939e-04 1.793295e-04 1.744164e-04 1.455131e-04 9.448902e-05 1.381453e-04 1.796458e-04 1.314877e-04 1.711919e-04 8.362821e-05 2.043723e-05 7.995225e-05 5.867463e-05 3.829292e-05 7.500675e-05 1.286101e-04 3.601809e-05 5.297807e-05 1.732299e-05 1.699919e-05 3.337456e-05 0.000000e+00 1.609658e-05 1.581664e-05 1.554627e-05 3.056998e-05 0.000000e+00 5.915166e-05 1.455131e-05 1.432215e-05 0.000000e+00 0.000000e+00 1.367604e-05 0.000000e+00 0.000000e+00 0.000000e+00 0.000000e+00 1.271968e-05 0.000000e+00 0.000000e+00 0.000000e+00 1.204579e-05 1.188832e-05 0.000000e+00 0.000000e+00 0.000000e+00 0.000000e+00 0.000000e+00 0.000000e+00 0.000000e+00 0.000000e+00 0.000000e+00 0.000000e+00 0.000000e+00 0.000000e+00 0.000000e+00 0.000000e+00 0.000000e+00 0.000000e+00 0.000000e+00 0.000000e+00 0.000000e+00 0.000000e+00 0.000000e+00 0.000000e+00 0.000000e+00
SPEC km sel1 meanpt 0.5090 yield 0.17366 2.170591e-01 2.176031e-01 2.108575e-01 1.872164e-01 1.771652e-01 1.588998e-01 1.367134e-01 1.160913e-01 9.744141e-02 7.782176e-02 5.579966e-02 4.967028e-02 4.164924e-02 3.070622e-02 2.363620e-02 1.905782e-02 1.528168e-02 1.170394e-02 1.054199e-02 7.155796e-03 6.329067e-03 4.896071e-03 3.989391e-03 3.472391e-03 2.631222e-03 2.656038e-03 1.909160e-03 1.424312e-03 1.460232e-03 9.958110e-04 8.828980e-04 6.735336e-04 5.774853e-04 5.602469e-04 4.493978e-04 1.838900e-04 3.129908e-04 2.393635e-04 1.695609e-04 1.239512e-04 2.619297e-04 1.769664e-04 2.496036e-04 7.503557e-05 7.334938e-05 7.173730e-05 7.019456e-05 6.871678e-05 8.412493e-05 1.318807e-04 6.463460e-05 3.168978e-05 1.554308e-05 1.525256e-05 2.994539e-05 2.940583e-05 1.444269e-05 1.419151e-05 2.789784e-05 4.114345e-05 0.000000e+00 5.307394e-05 1.305619e-05 1.285058e-05 0.000000e+00 0.000000e+00 1.227085e-05 0.000000e+00 0.000000e+00 0.000000e+00 0.000000e+00 1.141275e-05 0.000000e+00 0.000000e+00 0.000000e+00 1.080810e-05 1.066682e-05 0.000000e+00 0.000000e+00 0.000000e+00 0.000000e+00 0.000000e+00 0.000000e+00 0.000000e+00 0.000000e+00 0.000000e+00 0.000000e+00 0.000000e+00 0.000000e+00 0.000000e+00 0.000000e+00 0.000000e+00 0.000000e+00 0.000000e+00 0.000000e+00 0.000000e+00 0.000000e+00 0.000000e+00 0.000000e+00 0.000000e+00
SPEC p sel0 meanpt 0.5701 yield 0.05421 8.730785e-02 6.972502e-02 7.275655e-02 7.015810e-02 5.699263e-02 5.655168e-02 5.316824e-02 4.995949e-02 3.819719e-02 3.168739e-02 2.667740e-02 2.396221e-02 2.189972e-02 1.738073e-02 1.335961e-02 1.062011e-02 8.984331e-03 6.963841e-03 6.489097e-03 5.223547e-03 4.347647e-03 3.087923e-03 2.061435e-03 1.973715e-03 1.818914e-03 1.141279e-03 8.579781e-04 6.614231e-04 4.786615e-04 5.857518e-04 5.665469e-04 3.753314e-04 2.798329e-04 4.072195e-04 2.899717e-04 3.074220e-04 2.242496e-04 7.275655e-05 4.724451e-05 1.381453e-04 6.736717e-05 8.765849e-05 1.069949e-04 6.272116e-05 8.174893e-05 9.994031e-05 5.867463e-05 0.000000e+00 1.875169e-05 5.511860e-05 3.601809e-05 3.531871e-05 1.732299e-05 1.699919e-05 1.668728e-05 3.277322e-05 0.000000e+00 0.000000e+00 0.000000e+00 1.528499e-05 0.000000e+00 0.000000e+00 1.455131e-05 1.432215e-05 0.000000e+00 0.000000e+00 0.000000e+00 1.347343e-05 0.000000e+00 0.000000e+00 0.000000e+00 0.000000e+00 0.000000e+00 0.000000e+00 1.220747e-05 0.000000e+00 0.000000e+00 0.000000e+00 0.000000e+00 0.000000e+00 0.000000e+00 0.000000e+00 0.000000e+00 0.000000e+00 1.076280e-05 0.000000e+00 0.000000e+00 0.000000e+00 0.000000e+00 0.000000e+00 0.000000e+00 0.000000e+00 0.000000e+00 0.000000e+00 0.000000e+00 0.000000e+00 0.000000e+00 0.000000e+00 0.000000e+00 0.000000e+00
SPEC p sel1 meanpt 0.5724 yield 0.09445 1.060815e-01 8.160118e-02 8.649725e-02 8.603096e-02 7.634244e-02 6.854499e-02 6.628527e-02 5.940566e-02 4.752069e-02 3.822371e-02 3.310676e-02 2.809919e-02 2.578597e-02 2.055141e-02 1.609513e-02 1.268767e-02 1.063288e-02 8.533152e-03 7.674922e-03 6.528094e-03 4.896071e-03 3.985174e-03 2.466169e-03 2.430673e-03 2.331462e-03 1.568023e-03 1.108544e-03 9.495410e-04 6.012719e-04 8.021811e-04 5.885987e-04 4.921976e-04 3.264047e-04 4.628127e-04 4.257453e-04 4.367387e-04 3.129908e-04 1.088016e-04 1.271707e-04 1.239512e-04 8.059376e-05 1.376405e-04 1.344019e-04 9.379446e-05 1.283614e-04 1.076060e-04 7.019456e-05 1.717920e-05 3.364997e-05 4.945526e-05 3.231730e-05 3.168978e-05 1.554308e-05 1.525256e-05 2.994539e-05 2.940583e-05 0.000000e+00 1.419151e-05 1.394892e-05 1.371448e-05 0.000000e+00 0.000000e+00 2.611238e-05 1.285058e-05 0.000000e+00 1.245820e-05 0.000000e+00 1.208906e-05 0.000000e+00 0.000000e+00 0.000000e+00 0.000000e+00 0.000000e+00 0.000000e+00 1.095318e-05 0.000000e+00 0.000000e+00 0.000000e+00 0.000000e+00 0.000000e+00 0.000000e+00 0.000000e+00 0.000000e+00 0.000000e+00 9.656944e-06 0.000000e+00 9.433663e-06 0.000000e+00 0.000000e+00 0.000000e+00 0.000000e+00 0.000000e+00 0.000000e+00 0.000000e+00 0.000000e+00 0.000000e+00 0.000000e+00 0.000000e+00 0.000000e+00 0.000000e+00
SPEC pbar sel0 meanpt 0.5596 yield 0.05012 6.911872e-02 6.487459e-02 6.875494e-02 6.859903e-02 5.618422e-02 6.250449e-02 4.785142e-02 4.814058e-02 3.199148e-02 3.254898e-02 2.555141e-02 2.261780e-02 1.797087e-02 1.394500e-02 1.241879e-02 8.977219e-03 6.889824e-03 6.340213e-03 5.063462e-03 4.057577e-03 3.637827e-03 2.961022e-03 1.859334e-03 1.741513e-03 1.670431e-03 1.319604e-03 8.236590e-04 8.929212e-04 1.180698e-03 4.624357e-04 4.472738e-04 4.042030e-04 4.477326e-04 4.343674e-04 2.636107e-04 2.049480e-04 1.245831e-04 1.940175e-04 9.448902e-05 6.907267e-05 1.571901e-04 6.574387e-05 6.419695e-05 8.362821e-05 2.043723e-05 3.997612e-05 0.000000e+00 5.743938e-05 0.000000e+00 1.837287e-05 0.000000e+00 0.000000e+00 1.732299e-05 0.000000e+00 0.000000e+00 0.000000e+00 1.609658e-05 3.163328e-05 1.554627e-05 0.000000e+00 0.000000e+00 0.000000e+00 0.000000e+00 0.000000e+00 0.000000e+00 0.000000e+00 0.000000e+00 0.000000e+00 0.000000e+00 0.000000e+00 0.000000e+00 0.000000e+00 0.000000e+00 0.000000e+00 0.000000e+00 0.000000e+00 0.000000e+00 0.000000e+00 0.000000e+00 1.143971e-05 0.000000e+00 0.000000e+00 0.000000e+00 0.000000e+00 0.000000e+00 0.000000e+00 0.000000e+00 0.000000e+00 0.000000e+00 0.000000e+00 0.000000e+00 0.000000e+00 0.000000e+00 0.000000e+00 0.000000e+00 0.000000e+00 0.000000e+00 0.000000e+00 0.000000e+00 0.000000e+00
SPEC pbar sel1 meanpt 0.5625 yield 0.08548 8.160118e-02 7.779313e-02 8.682366e-02 7.763769e-02 6.800098e-02 7.373779e-02 5.611650e-02 5.527120e-02 4.080059e-02 3.770834e-02 3.061987e-02 2.547376e-02 2.128159e-02 1.891938e-02 1.457566e-02 1.058183e-02 8.803036e-03 7.460679e-03 5.645920e-03 4.728684e-03 4.537822e-03 3.529725e-03 2.393635e-03 1.909815e-03 1.931783e-03 1.824026e-03 1.016166e-03 1.097907e-03 1.259808e-03 7.745197e-04 5.618442e-04 4.921976e-04 4.770531e-04 4.140955e-04 2.838302e-04 2.298625e-04 1.788519e-04 2.828841e-04 1.059756e-04 1.239512e-04 1.208906e-04 7.865174e-05 5.760083e-05 7.503557e-05 3.667469e-05 3.586865e-05 0.000000e+00 5.153759e-05 1.682499e-05 1.648509e-05 0.000000e+00 0.000000e+00 1.554308e-05 1.525256e-05 2.994539e-05 0.000000e+00 2.888537e-05 2.838302e-05 1.394892e-05 0.000000e+00 1.348780e-05 0.000000e+00 0.000000e+00 0.000000e+00 1.265135e-05 0.000000e+00 0.000000e+00 1.208906e-05 0.000000e+00 0.000000e+00 1.157464e-05 0.000000e+00 0.000000e+00 0.000000e+00 0.000000e+00 0.000000e+00 0.000000e+00 0.000000e+00 0.000000e+00 1.026430e-05 0.000000e+00 0.000000e+00 0.000000e+00 0.000000e+00 0.000000e+00 0.000000e+00 0.000000e+00 0.000000e+00 0.000000e+00 0.000000e+00 0.000000e+00 0.000000e+00 0.000000e+00 0.000000e+00 0.000000e+00 0.000000e+00 0.000000e+00 0.000000e+00 0.000000e+00 0.000000e+00
SPEC pinc sel0 meanpt 0.5508 yield 0.07299 1.382374e-01 1.061033e-01 1.044056e-01 1.018592e-01 8.872257e-02 7.920542e-02 7.415571e-02 6.572341e-02 5.167855e-02 4.307953e-02 3.611843e-02 3.202870e-02 2.786576e-02 2.243327e-02 1.718560e-02 1.326047e-02 1.163002e-02 9.250475e-03 8.553810e-03 6.436156e-03 5.190558e-03 3.722428e-03 2.667740e-03 2.476819e-03 2.153000e-03 1.533594e-03 9.952546e-04 7.275655e-04 6.382153e-04 7.398971e-04 6.261834e-04 5.774329e-04 3.917660e-04 4.615154e-04 3.426939e-04 3.586590e-04 2.491663e-04 9.700873e-05 7.086677e-05 1.381453e-04 8.982290e-05 8.765849e-05 1.283939e-04 6.272116e-05 1.021862e-04 9.994031e-05 7.823284e-05 0.000000e+00 1.875169e-05 5.511860e-05 3.601809e-05 5.297807e-05 1.732299e-05 3.399839e-05 1.668728e-05 3.277322e-05 3.219316e-05 0.000000e+00 0.000000e+00 1.528499e-05 0.000000e+00 0.000000e+00 1.455131e-05 1.432215e-05 0.000000e+00 0.000000e+00 0.000000e+00 1.347343e-05 0.000000e+00 0.000000e+00 0.000000e+00 0.000000e+00 0.000000e+00 0.000000e+00 1.220747e-05 0.000000e+00 0.000000e+00 0.000000e+00 0.000000e+00 0.000000e+00 0.000000e+00 0.000000e+00 0.000000e+00 0.000000e+00 1.076280e-05 0.000000e+00 0.000000e+00 0.000000e+00 0.000000e+00 0.000000e+00 0.000000e+00 0.000000e+00 0.000000e+00 0.000000e+00 0.000000e+00 0.000000e+00 0.000000e+00 0.000000e+00 0.000000e+00 0.000000e+00
SPEC pinc sel1 meanpt 0.5549 yield 0.12646 1.599383e-01 1.207697e-01 1.266450e-01 1.251995e-01 1.136976e-01 9.391554e-02 9.239764e-02 7.757552e-02 6.355292e-02 5.093632e-02 4.375378e-02 3.817516e-02 3.264047e-02 2.641460e-02 2.082237e-02 1.642553e-02 1.379802e-02 1.114439e-02 1.032145e-02 7.741650e-03 5.851402e-03 4.782209e-03 3.227780e-03 3.264047e-03 2.797755e-03 2.080030e-03 1.354888e-03 1.127580e-03 8.016958e-04 1.023472e-03 6.421077e-04 7.512490e-04 4.268369e-04 5.358884e-04 5.203554e-04 5.056975e-04 3.353473e-04 1.305619e-04 1.483658e-04 1.239512e-04 1.007422e-04 1.376405e-04 1.536022e-04 1.125534e-04 1.466988e-04 1.076060e-04 8.774321e-05 1.717920e-05 3.364997e-05 6.594035e-05 3.231730e-05 4.753467e-05 1.554308e-05 3.050511e-05 2.994539e-05 2.940583e-05 2.888537e-05 1.419151e-05 1.394892e-05 1.371448e-05 0.000000e+00 0.000000e+00 2.611238e-05 1.285058e-05 0.000000e+00 1.245820e-05 0.000000e+00 1.208906e-05 0.000000e+00 0.000000e+00 0.000000e+00 0.000000e+00 0.000000e+00 0.000000e+00 1.095318e-05 0.000000e+00 0.000000e+00 0.000000e+00 0.000000e+00 0.000000e+00 0.000000e+00 0.000000e+00 0.000000e+00 0.000000e+00 9.656944e-06 0.000000e+00 9.433663e-06 9.325849e-06 0.000000e+00 0.000000e+00 0.000000e+00 0.000000e+00 0.000000e+00 0.000000e+00 0.000000e+00 0.000000e+00 0.000000e+00 0.000000e+00 0.000000e+00 0.000000e+00
SPEC pbarinc sel0 meanpt 0.5440 yield 0.06676 1.000402e-01 9.458351e-02 9.749377e-02 9.250475e-02 7.942590e-02 8.664643e-02 6.897880e-02 6.414702e-02 4.547284e-02 4.250514e-02 3.455936e-02 2.815362e-02 2.313658e-02 1.866071e-02 1.662111e-02 1.103083e-02 8.818975e-03 7.691406e-03 6.046659e-03 5.223547e-03 4.835648e-03 3.637827e-03 2.303957e-03 2.167216e-03 1.967396e-03 1.604924e-03 9.266164e-04 1.091348e-03 1.404074e-03 5.240938e-04 6.858199e-04 4.330747e-04 4.477326e-04 5.429593e-04 2.899717e-04 2.818035e-04 1.993330e-04 2.182696e-04 9.448902e-05 6.907267e-05 1.796458e-04 6.574387e-05 1.069949e-04 1.254423e-04 2.043723e-05 5.996419e-05 0.000000e+00 5.743938e-05 1.875169e-05 1.837287e-05 1.800905e-05 0.000000e+00 1.732299e-05 0.000000e+00 1.668728e-05 0.000000e+00 1.609658e-05 3.163328e-05 1.554627e-05 1.528499e-05 0.000000e+00 0.000000e+00 0.000000e+00 0.000000e+00 0.000000e+00 0.000000e+00 0.000000e+00 0.000000e+00 0.000000e+00 0.000000e+00 0.000000e+00 0.000000e+00 0.000000e+00 0.000000e+00 0.000000e+00 0.000000e+00 0.000000e+00 0.000000e+00 0.000000e+00 1.143971e-05 0.000000e+00 0.000000e+00 0.000000e+00 0.000000e+00 0.000000e+00 0.000000e+00 0.000000e+00 0.000000e+00 0.000000e+00 0.000000e+00 0.000000e+00 0.000000e+00 0.000000e+00 0.000000e+00 0.000000e+00 0.000000e+00 0.000000e+00 0.000000e+00 0.000000e+00 0.000000e+00
SPEC pbarinc sel1 meanpt 0.5460 yield 0.11448 1.289299e-01 1.169617e-01 1.168529e-01 1.081799e-01 9.665207e-02 1.035593e-01 8.059686e-02 7.507309e-02 5.664082e-02 4.999146e-02 4.188861e-02 3.200185e-02 2.774440e-02 2.417813e-02 1.975311e-02 1.353000e-02 1.132525e-02 8.952815e-03 6.836856e-03 6.193320e-03 5.970818e-03 4.326760e-03 2.865108e-03 2.500121e-03 2.398076e-03 2.176031e-03 1.139337e-03 1.394638e-03 1.488864e-03 8.298425e-04 8.293891e-04 5.958181e-04 5.021611e-04 5.358884e-04 3.547877e-04 3.218075e-04 2.459214e-04 3.046444e-04 1.059756e-04 1.239512e-04 1.410391e-04 7.865174e-05 9.600139e-05 1.125534e-04 3.667469e-05 5.380298e-05 0.000000e+00 5.153759e-05 3.364997e-05 1.648509e-05 3.231730e-05 0.000000e+00 1.554308e-05 1.525256e-05 4.491808e-05 0.000000e+00 2.888537e-05 2.838302e-05 1.394892e-05 1.371448e-05 1.348780e-05 0.000000e+00 0.000000e+00 0.000000e+00 1.265135e-05 0.000000e+00 0.000000e+00 1.208906e-05 0.000000e+00 0.000000e+00 1.157464e-05 0.000000e+00 0.000000e+00 0.000000e+00 0.000000e+00 0.000000e+00 0.000000e+00 0.000000e+00 0.000000e+00 1.026430e-05 0.000000e+00 0.000000e+00 0.000000e+00 0.000000e+00 0.000000e+00 0.000000e+00 0.000000e+00 0.000000e+00 0.000000e+00 0.000000e+00 0.000000e+00 0.000000e+00 0.000000e+00 0.000000e+00 0.000000e+00 0.000000e+00 0.000000e+00 0.000000e+00 0.000000e+00 0.000000e+00
ETA dNch/deta |eta| bins 0.25 (0-3): 2.6450 2.6673 2.7204 2.7555 2.8010 2.8179 2.8070 2.7497 2.6764 2.5788 2.4372 2.2907 | TPC-acc charged(|eta|<1.1,pT>0.1)/ev 5.662 soft(pT<0.3) 1.967
SPEC chpm sel0eta05 meanpt 0.4485 yield 2.65615 4.090919e+00 3.880834e+00 4.263061e+00 3.915939e+00 3.389505e+00 2.772421e+00 2.240314e+00 1.808849e+00 1.397193e+00 1.111471e+00 8.603461e-01 6.602577e-01 5.266119e-01 4.032397e-01 3.121632e-01 2.419566e-01 1.868575e-01 1.462770e-01 1.122860e-01 8.889824e-02 7.304047e-02 5.474930e-02 4.396921e-02 3.578616e-02 2.795930e-02 2.259376e-02 1.869020e-02 1.553352e-02 1.203993e-02 1.074700e-02 8.829186e-03 7.174604e-03 5.876490e-03 4.731890e-03 4.004246e-03 3.747987e-03 2.982520e-03 2.546479e-03 1.901592e-03 1.772865e-03 1.571901e-03 1.365281e-03 1.512908e-03 1.170795e-03 8.869759e-04 8.814735e-04 5.476299e-04 5.629059e-04 4.331640e-04 4.501352e-04 3.781900e-04 3.832080e-04 1.940175e-04 3.450836e-04 1.985786e-04 2.064713e-04 1.690141e-04 1.992897e-04 1.523534e-04 1.390934e-04 8.418113e-05 1.345700e-04 9.167325e-05 7.017856e-05 6.909052e-05 5.831632e-05 3.829292e-05 3.772562e-05 9.293719e-06 1.831999e-05 4.515034e-05 2.671132e-05 1.756192e-05 8.661494e-06 1.709046e-05 2.529615e-05 1.664365e-05 1.642890e-05 0.000000e+00 2.402339e-05 1.581664e-05 7.811286e-06 1.543321e-05 0.000000e+00 1.506792e-05 7.445845e-06 1.471953e-05 0.000000e+00 0.000000e+00 1.422614e-05 0.000000e+00 6.957593e-06 6.882376e-06 0.000000e+00 0.000000e+00 6.666176e-06 6.597096e-06 6.529434e-06 6.463145e-06 0.000000e+00
