# gen_world fine_p2.55_s0.360_k0.270_q0.110 mode set MultipartonInteractions:pT0Ref=2.55;StringPT:sigma=0.360;StringFlav:probStoUD=0.27;StringFlav:probQQtoQ=0.11 nev 200000 seed 20260934
SUMMARY nev 200000 nnsd 155591 dnde 2.1660 eps 0.5134 classN 17.8374 15.8977 6.9967 1.0541 meanpt_ch05 0.4512
SPEC pip sel0 meanpt 0.3941 yield 0.76116 3.141264e+00 2.886919e+00 2.412607e+00 1.903363e+00 1.486255e+00 1.145337e+00 8.759468e-01 6.815469e-01 5.187649e-01 3.884817e-01 3.093452e-01 2.399384e-01 1.793813e-01 1.385406e-01 1.069396e-01 8.158708e-02 6.211866e-02 4.661616e-02 3.696819e-02 2.896270e-02 2.266987e-02 1.645482e-02 1.331849e-02 1.071998e-02 8.964646e-03 6.669350e-03 5.130709e-03 4.414999e-03 3.334675e-03 2.759199e-03 2.251278e-03 1.876657e-03 1.469123e-03 1.398120e-03 1.001721e-03 1.140023e-03 7.848737e-04 6.063045e-04 5.551230e-04 4.489724e-04 4.154309e-04 3.068047e-04 2.139898e-04 2.508846e-04 2.248096e-04 1.898866e-04 9.779106e-05 9.573230e-05 8.438259e-05 7.349146e-05 7.203618e-05 5.297807e-05 5.196896e-05 5.949717e-05 5.840548e-05 8.193305e-06 6.438632e-05 4.744992e-05 2.331941e-05 3.056998e-05 3.006469e-05 5.175771e-05 0.000000e+00 2.148323e-05 0.000000e+00 1.388484e-05 3.419011e-05 1.347343e-05 2.655348e-05 1.962856e-05 1.290010e-05 2.543935e-05 6.272116e-06 0.000000e+00 0.000000e+00 6.022893e-06 5.944162e-06 0.000000e+00 5.792719e-06 0.000000e+00 1.129760e-05 0.000000e+00 0.000000e+00 1.089170e-05 0.000000e+00 0.000000e+00 5.256976e-06 0.000000e+00 0.000000e+00 0.000000e+00 0.000000e+00 0.000000e+00 4.915983e-06 0.000000e+00 0.000000e+00 0.000000e+00 0.000000e+00 0.000000e+00 0.000000e+00 0.000000e+00
SPEC pip sel1 meanpt 0.3958 yield 1.29378 3.750382e+00 3.460968e+00 2.866100e+00 2.258927e+00 1.770036e+00 1.348301e+00 1.034425e+00 8.079047e-01 6.113848e-01 4.679525e-01 3.653625e-01 2.852751e-01 2.125353e-01 1.647560e-01 1.288156e-01 9.777660e-02 7.441795e-02 5.611369e-02 4.489727e-02 3.510403e-02 2.698476e-02 1.992525e-02 1.629375e-02 1.283203e-02 1.058812e-02 8.119064e-03 6.392197e-03 5.237278e-03 4.292615e-03 3.550697e-03 2.723277e-03 2.428995e-03 1.926210e-03 1.612222e-03 1.292716e-03 1.371558e-03 1.020103e-03 7.419477e-04 7.864419e-04 5.697197e-04 5.556526e-04 3.943733e-04 2.888205e-04 3.198050e-04 2.850344e-04 2.607848e-04 1.231887e-04 1.033673e-04 1.012360e-04 8.265906e-05 1.215334e-04 5.561430e-05 6.234855e-05 1.070705e-04 6.756809e-05 1.474459e-05 7.965992e-05 4.981107e-05 4.196537e-05 3.438339e-05 3.381507e-05 5.987742e-05 1.309319e-05 1.933050e-05 0.000000e+00 1.874026e-05 3.691690e-05 1.818499e-05 2.389269e-05 2.943614e-05 2.321488e-05 2.861275e-05 1.128724e-05 0.000000e+00 5.492112e-06 1.083874e-05 5.348527e-06 0.000000e+00 5.212259e-06 0.000000e+00 1.016552e-05 0.000000e+00 0.000000e+00 9.800296e-06 4.842158e-06 0.000000e+00 4.730200e-06 0.000000e+00 0.000000e+00 0.000000e+00 0.000000e+00 0.000000e+00 4.423377e-06 0.000000e+00 0.000000e+00 4.284422e-06 0.000000e+00 4.196537e-06 0.000000e+00 0.000000e+00
SPEC pim sel0 meanpt 0.3937 yield 0.75384 3.133988e+00 2.942699e+00 2.382595e+00 1.902714e+00 1.468166e+00 1.141616e+00 8.534902e-01 6.666318e-01 5.096168e-01 3.974326e-01 2.970459e-01 2.306857e-01 1.812002e-01 1.353070e-01 1.035213e-01 8.193913e-02 6.275252e-02 4.656419e-02 3.655033e-02 2.896270e-02 2.129460e-02 1.700473e-02 1.432900e-02 1.025558e-02 8.259353e-03 6.348365e-03 5.302305e-03 3.968539e-03 3.095344e-03 2.913345e-03 2.266187e-03 1.963272e-03 1.455131e-03 1.384546e-03 1.173067e-03 6.788903e-04 8.471653e-04 8.245742e-04 5.315007e-04 5.065329e-04 4.378866e-04 3.287193e-04 3.637827e-04 1.672564e-04 1.839351e-04 2.698388e-04 1.662448e-04 1.340252e-04 1.218860e-04 8.267789e-05 9.904975e-05 1.147858e-04 6.929195e-05 5.949717e-05 5.006184e-05 4.915983e-05 6.438632e-05 4.744992e-05 2.331941e-05 3.821247e-05 2.254852e-05 2.957583e-05 7.275655e-06 1.432215e-05 0.000000e+00 1.388484e-05 1.367604e-05 6.736717e-06 6.638371e-06 1.308571e-05 2.580019e-05 1.271968e-05 1.254423e-05 1.856034e-05 0.000000e+00 6.022893e-06 5.944162e-06 0.000000e+00 5.792719e-06 5.719854e-06 0.000000e+00 0.000000e+00 0.000000e+00 5.445849e-06 5.381401e-06 1.063692e-05 0.000000e+00 0.000000e+00 0.000000e+00 0.000000e+00 0.000000e+00 0.000000e+00 0.000000e+00 0.000000e+00 4.811941e-06 0.000000e+00 0.000000e+00 0.000000e+00 4.616532e-06 0.000000e+00
SPEC pim sel1 meanpt 0.3949 yield 1.27743 3.738925e+00 3.450875e+00 2.835659e+00 2.242093e+00 1.743941e+00 1.347334e+00 1.018059e+00 7.889741e-01 6.031053e-01 4.689862e-01 3.556595e-01 2.716482e-01 2.156449e-01 1.626648e-01 1.234542e-01 9.814617e-02 7.419477e-02 5.653454e-02 4.275194e-02 3.315264e-02 2.572733e-02 1.994429e-02 1.707571e-02 1.281462e-02 9.936800e-03 7.380968e-03 6.284116e-03 4.999220e-03 3.861918e-03 3.647786e-03 2.763523e-03 2.519920e-03 1.674418e-03 1.661077e-03 1.387594e-03 8.874789e-04 1.008893e-03 9.383456e-04 6.482832e-04 6.940222e-04 5.859609e-04 3.647953e-04 3.947213e-04 2.163387e-04 2.298665e-04 3.327254e-04 1.935822e-04 1.464370e-04 1.602904e-04 9.092496e-05 1.377378e-04 1.509531e-04 6.234855e-05 7.647894e-05 9.759836e-05 4.423377e-05 7.241811e-05 6.404280e-05 3.497114e-05 3.438339e-05 2.705206e-05 3.326523e-05 2.618639e-05 1.933050e-05 0.000000e+00 1.874026e-05 1.230563e-05 6.061664e-06 1.194635e-05 1.177446e-05 2.321488e-05 1.144510e-05 1.128724e-05 1.670050e-05 0.000000e+00 1.083874e-05 1.069705e-05 0.000000e+00 5.212259e-06 5.146696e-06 0.000000e+00 0.000000e+00 0.000000e+00 9.800296e-06 4.842158e-06 9.571049e-06 9.460401e-06 0.000000e+00 0.000000e+00 0.000000e+00 0.000000e+00 4.471720e-06 0.000000e+00 0.000000e+00 4.329760e-06 0.000000e+00 0.000000e+00 0.000000e+00 4.153932e-06 0.000000e+00
SPEC kp sel0 meanpt 0.5118 yield 0.09985 1.891670e-01 1.782535e-01 1.709779e-01 1.578557e-01 1.386416e-01 1.207097e-01 1.078756e-01 9.088505e-02 7.409398e-02 6.524156e-02 5.344141e-02 4.163731e-02 3.364990e-02 2.745212e-02 2.098023e-02 1.707432e-02 1.433083e-02 1.054970e-02 7.742673e-03 6.086365e-03 5.989106e-03 4.208882e-03 3.516566e-03 2.341368e-03 2.264362e-03 1.658421e-03 1.338446e-03 1.471666e-03 8.137245e-04 9.094568e-04 5.814560e-04 5.629971e-04 6.296240e-04 4.207935e-04 2.899717e-04 2.049480e-04 2.367079e-04 1.818914e-04 1.063001e-04 1.726817e-04 8.982290e-05 1.205304e-04 9.629543e-05 1.358958e-04 5.109308e-05 7.995225e-05 9.779106e-05 7.658584e-05 4.687922e-05 1.837287e-05 0.000000e+00 1.765936e-05 2.598448e-05 2.549879e-05 8.343641e-06 1.638661e-05 2.414487e-05 7.908320e-06 1.554627e-05 3.821247e-05 7.516172e-06 7.393958e-06 0.000000e+00 0.000000e+00 0.000000e+00 0.000000e+00 6.838021e-06 0.000000e+00 0.000000e+00 1.962856e-05 0.000000e+00 0.000000e+00 0.000000e+00 6.186781e-06 0.000000e+00 6.022893e-06 0.000000e+00 0.000000e+00 5.792719e-06 0.000000e+00 0.000000e+00 0.000000e+00 5.511860e-06 5.445849e-06 5.381401e-06 0.000000e+00 0.000000e+00 0.000000e+00 0.000000e+00 0.000000e+00 0.000000e+00 0.000000e+00 0.000000e+00 0.000000e+00 0.000000e+00 0.000000e+00 0.000000e+00 0.000000e+00 0.000000e+00 0.000000e+00
SPEC kp sel1 meanpt 0.5130 yield 0.17048 2.258576e-01 2.187655e-01 1.991802e-01 1.913711e-01 1.673929e-01 1.461825e-01 1.260849e-01 1.068732e-01 9.150795e-02 7.485517e-02 6.250442e-02 5.034476e-02 4.114536e-02 3.297545e-02 2.542450e-02 2.040532e-02 1.656488e-02 1.218135e-02 9.222740e-03 7.343939e-03 7.005658e-03 5.100256e-03 4.091623e-03 2.977309e-03 2.805685e-03 2.053834e-03 1.621209e-03 1.725921e-03 9.906036e-04 1.151203e-03 7.914944e-04 6.624533e-04 7.427870e-04 4.763382e-04 4.150922e-04 2.996682e-04 3.138780e-04 2.073089e-04 2.125519e-04 2.175293e-04 1.212333e-04 1.478900e-04 1.347829e-04 1.222784e-04 7.355727e-05 1.079109e-04 1.055903e-04 6.891155e-05 5.905436e-05 5.786134e-05 8.102225e-06 2.383470e-05 2.338070e-05 3.059158e-05 2.252270e-05 1.474459e-05 2.172543e-05 1.423173e-05 2.098268e-05 3.438339e-05 6.763014e-06 6.653046e-06 6.546597e-06 0.000000e+00 0.000000e+00 0.000000e+00 6.152817e-06 0.000000e+00 0.000000e+00 5.887228e-06 5.803721e-06 0.000000e+00 0.000000e+00 5.566835e-06 0.000000e+00 5.419369e-06 0.000000e+00 0.000000e+00 5.212259e-06 0.000000e+00 0.000000e+00 0.000000e+00 4.959543e-06 4.900148e-06 4.842158e-06 0.000000e+00 0.000000e+00 0.000000e+00 0.000000e+00 0.000000e+00 0.000000e+00 0.000000e+00 0.000000e+00 4.376068e-06 0.000000e+00 4.284422e-06 0.000000e+00 0.000000e+00 0.000000e+00 0.000000e+00
SPEC km sel0 meanpt 0.5067 yield 0.09516 1.955332e-01 1.658243e-01 1.666125e-01 1.559069e-01 1.290418e-01 1.204617e-01 1.053571e-01 8.639840e-02 7.377300e-02 5.997628e-02 4.720514e-02 3.756452e-02 3.284958e-02 2.509427e-02 2.188968e-02 1.604751e-02 1.303555e-02 1.044576e-02 7.840993e-03 6.179642e-03 4.946558e-03 3.955080e-03 2.950682e-03 2.399418e-03 1.930276e-03 1.640589e-03 1.269808e-03 1.388989e-03 8.296799e-04 5.703373e-04 7.007290e-04 4.186389e-04 5.876490e-04 4.750894e-04 1.713469e-04 3.074220e-04 2.740829e-04 2.789001e-04 1.063001e-04 1.151211e-04 8.982290e-05 9.861580e-05 1.069949e-04 9.408174e-05 6.131170e-05 4.997015e-05 4.889553e-05 3.829292e-05 1.875169e-05 3.674573e-05 2.701357e-05 2.648903e-05 2.598448e-05 1.699919e-05 2.503092e-05 8.193305e-06 1.609658e-05 7.908320e-06 0.000000e+00 7.642494e-06 7.516172e-06 0.000000e+00 7.275655e-06 7.161077e-06 0.000000e+00 0.000000e+00 0.000000e+00 0.000000e+00 6.638371e-06 0.000000e+00 0.000000e+00 0.000000e+00 0.000000e+00 0.000000e+00 0.000000e+00 0.000000e+00 5.944162e-06 0.000000e+00 5.792719e-06 0.000000e+00 0.000000e+00 0.000000e+00 0.000000e+00 5.445849e-06 0.000000e+00 0.000000e+00 0.000000e+00 0.000000e+00 0.000000e+00 0.000000e+00 0.000000e+00 0.000000e+00 0.000000e+00 0.000000e+00 0.000000e+00 0.000000e+00 0.000000e+00 0.000000e+00 0.000000e+00 0.000000e+00
SPEC km sel1 meanpt 0.5095 yield 0.16186 2.103094e-01 2.078545e-01 2.016352e-01 1.868118e-01 1.540269e-01 1.428349e-01 1.228746e-01 1.025634e-01 8.669428e-02 6.904076e-02 5.560711e-02 4.557713e-02 3.908319e-02 3.058110e-02 2.533985e-02 1.913824e-02 1.517620e-02 1.232163e-02 9.731429e-03 7.364922e-03 6.187333e-03 4.738671e-03 3.600629e-03 2.994720e-03 2.404873e-03 2.037789e-03 1.667530e-03 1.621771e-03 1.076743e-03 8.044548e-04 9.390611e-04 5.195712e-04 6.420701e-04 5.129796e-04 3.557933e-04 4.149252e-04 3.026680e-04 3.164189e-04 1.169035e-04 1.657366e-04 1.212333e-04 1.281713e-04 1.251555e-04 1.034663e-04 9.194659e-05 6.294805e-05 5.279514e-05 3.445578e-05 3.374535e-05 2.479772e-05 3.240890e-05 3.177960e-05 2.338070e-05 1.529579e-05 1.501513e-05 1.474459e-05 1.448362e-05 7.115867e-06 6.994228e-06 2.063003e-05 1.352603e-05 0.000000e+00 1.963979e-05 6.443501e-06 0.000000e+00 0.000000e+00 0.000000e+00 0.000000e+00 5.973173e-06 0.000000e+00 0.000000e+00 0.000000e+00 0.000000e+00 0.000000e+00 0.000000e+00 0.000000e+00 5.348527e-06 0.000000e+00 1.042452e-05 0.000000e+00 0.000000e+00 0.000000e+00 0.000000e+00 4.900148e-06 0.000000e+00 0.000000e+00 0.000000e+00 0.000000e+00 0.000000e+00 4.571646e-06 0.000000e+00 0.000000e+00 0.000000e+00 0.000000e+00 0.000000e+00 0.000000e+00 0.000000e+00 0.000000e+00 0.000000e+00 0.000000e+00
SPEC p sel0 meanpt 0.5638 yield 0.05400 7.730383e-02 8.488264e-02 6.657224e-02 7.015810e-02 6.184306e-02 5.853595e-02 5.071971e-02 4.492717e-02 3.948113e-02 3.479869e-02 2.962231e-02 2.186651e-02 2.080837e-02 1.744810e-02 1.301464e-02 1.003336e-02 9.039450e-03 6.885887e-03 6.144978e-03 4.523965e-03 3.837464e-03 3.087923e-03 2.324167e-03 2.147866e-03 1.596190e-03 1.319604e-03 1.286967e-03 8.598501e-04 7.020368e-04 4.932647e-04 5.069104e-04 3.175881e-04 4.617242e-04 2.986276e-04 2.372496e-04 2.177573e-04 1.993330e-04 9.700873e-05 1.417335e-04 9.209689e-05 4.491145e-05 5.478656e-05 5.349746e-05 5.226763e-05 2.043723e-05 4.997015e-05 5.867463e-05 1.914646e-05 1.875169e-05 1.837287e-05 1.800905e-05 8.829678e-06 8.661494e-06 8.499596e-06 3.337456e-05 8.193305e-06 0.000000e+00 0.000000e+00 7.773135e-06 7.642494e-06 7.516172e-06 7.393958e-06 2.182696e-05 7.161077e-06 0.000000e+00 0.000000e+00 0.000000e+00 0.000000e+00 0.000000e+00 6.542855e-06 0.000000e+00 0.000000e+00 0.000000e+00 6.186781e-06 0.000000e+00 0.000000e+00 5.944162e-06 0.000000e+00 0.000000e+00 0.000000e+00 0.000000e+00 0.000000e+00 0.000000e+00 0.000000e+00 0.000000e+00 0.000000e+00 0.000000e+00 0.000000e+00 0.000000e+00 0.000000e+00 0.000000e+00 0.000000e+00 0.000000e+00 0.000000e+00 0.000000e+00 0.000000e+00 4.712211e-06 0.000000e+00 0.000000e+00 0.000000e+00
SPEC p sel1 meanpt 0.5694 yield 0.09334 1.039272e-01 9.628954e-02 8.428744e-02 8.230008e-02 7.537680e-02 7.045032e-02 5.980065e-02 5.477320e-02 4.818488e-02 4.126079e-02 3.549970e-02 2.593733e-02 2.497527e-02 2.076120e-02 1.568926e-02 1.272363e-02 1.078701e-02 8.346912e-03 7.165870e-03 5.434515e-03 4.750275e-03 3.730038e-03 2.982339e-03 2.768375e-03 1.803654e-03 1.668741e-03 1.466808e-03 1.175412e-03 1.004960e-03 7.628450e-04 6.707579e-04 4.286463e-04 5.413532e-04 3.664140e-04 3.557933e-04 2.535654e-04 2.466184e-04 1.418429e-04 1.912967e-04 1.139439e-04 7.071942e-05 5.915600e-05 9.627349e-05 7.524825e-05 4.597330e-05 7.194063e-05 7.039352e-05 3.445578e-05 3.374535e-05 1.653181e-05 2.430667e-05 1.588980e-05 1.558714e-05 7.647894e-06 3.003026e-05 1.474459e-05 0.000000e+00 7.115867e-06 1.398846e-05 6.876678e-06 6.763014e-06 6.653046e-06 2.618639e-05 6.443501e-06 6.343602e-06 0.000000e+00 0.000000e+00 0.000000e+00 0.000000e+00 5.887228e-06 0.000000e+00 0.000000e+00 5.643618e-06 5.566835e-06 0.000000e+00 0.000000e+00 5.348527e-06 0.000000e+00 0.000000e+00 0.000000e+00 0.000000e+00 0.000000e+00 0.000000e+00 0.000000e+00 0.000000e+00 0.000000e+00 4.730200e-06 0.000000e+00 0.000000e+00 0.000000e+00 0.000000e+00 0.000000e+00 0.000000e+00 0.000000e+00 0.000000e+00 0.000000e+00 4.240024e-06 0.000000e+00 0.000000e+00 0.000000e+00
SPEC pbar sel0 meanpt 0.5579 yield 0.04838 7.366600e-02 6.760296e-02 6.602656e-02 6.275252e-02 5.466846e-02 4.902799e-02 4.526297e-02 4.250195e-02 3.696674e-02 3.149593e-02 2.546479e-02 2.230146e-02 1.789811e-02 1.471973e-02 1.241879e-02 9.769326e-03 7.275655e-03 7.041794e-03 5.063462e-03 4.290771e-03 3.416009e-03 2.030415e-03 2.263537e-03 1.741513e-03 1.540508e-03 9.272893e-04 6.692229e-04 6.448876e-04 6.860815e-04 4.932647e-04 4.323647e-04 4.763821e-04 2.518496e-04 2.986276e-04 6.590267e-05 1.665203e-04 1.993330e-04 2.061435e-04 1.063001e-04 1.266332e-04 5.613931e-05 7.670118e-05 4.279797e-05 4.181411e-05 3.065585e-05 4.997015e-05 1.955821e-05 9.573230e-06 2.812753e-05 1.837287e-05 0.000000e+00 0.000000e+00 8.661494e-06 8.499596e-06 8.343641e-06 8.193305e-06 0.000000e+00 0.000000e+00 0.000000e+00 0.000000e+00 1.503234e-05 0.000000e+00 0.000000e+00 7.161077e-06 7.050053e-06 0.000000e+00 0.000000e+00 0.000000e+00 6.638371e-06 0.000000e+00 0.000000e+00 0.000000e+00 0.000000e+00 0.000000e+00 0.000000e+00 0.000000e+00 5.944162e-06 0.000000e+00 0.000000e+00 0.000000e+00 0.000000e+00 0.000000e+00 0.000000e+00 0.000000e+00 0.000000e+00 0.000000e+00 0.000000e+00 0.000000e+00 0.000000e+00 0.000000e+00 0.000000e+00 0.000000e+00 0.000000e+00 0.000000e+00 0.000000e+00 0.000000e+00 0.000000e+00 0.000000e+00 0.000000e+00 0.000000e+00
SPEC pbar sel1 meanpt 0.5620 yield 0.08313 7.855917e-02 8.155969e-02 7.823184e-02 7.259709e-02 6.701170e-02 5.914256e-02 5.419827e-02 5.051791e-02 4.457463e-02 3.652312e-02 3.047285e-02 2.654218e-02 2.166924e-02 1.806376e-02 1.551995e-02 1.193170e-02 9.026369e-03 7.996201e-03 5.993675e-03 5.497463e-03 4.091623e-03 2.645282e-03 2.800489e-03 2.106751e-03 1.803654e-03 1.251555e-03 9.572855e-04 8.332033e-04 8.039681e-04 5.825362e-04 6.036821e-04 5.975069e-04 2.769714e-04 3.542002e-04 8.301845e-05 1.959369e-04 2.578283e-04 2.509529e-04 1.169035e-04 1.346610e-04 6.061664e-05 7.887467e-05 4.813675e-05 3.762412e-05 4.597330e-05 7.194063e-05 4.399595e-05 8.613944e-06 4.218168e-05 2.479772e-05 0.000000e+00 7.944900e-06 1.558714e-05 7.647894e-06 7.507566e-06 7.372294e-06 0.000000e+00 0.000000e+00 6.994228e-06 0.000000e+00 1.352603e-05 0.000000e+00 0.000000e+00 6.443501e-06 6.343602e-06 0.000000e+00 0.000000e+00 0.000000e+00 5.973173e-06 0.000000e+00 0.000000e+00 0.000000e+00 0.000000e+00 0.000000e+00 0.000000e+00 0.000000e+00 5.348527e-06 0.000000e+00 0.000000e+00 0.000000e+00 0.000000e+00 0.000000e+00 0.000000e+00 0.000000e+00 0.000000e+00 0.000000e+00 0.000000e+00 0.000000e+00 0.000000e+00 0.000000e+00 0.000000e+00 0.000000e+00 0.000000e+00 0.000000e+00 0.000000e+00 0.000000e+00 0.000000e+00 0.000000e+00 0.000000e+00 0.000000e+00
SPEC pinc sel0 meanpt 0.5438 yield 0.07623 1.264145e-01 1.209578e-01 1.069521e-01 1.041978e-01 9.599822e-02 8.606769e-02 7.506517e-02 6.693602e-02 5.713529e-02 4.882347e-02 4.109879e-02 3.159374e-02 2.801127e-02 2.327536e-02 1.746784e-02 1.352450e-02 1.187806e-02 9.094568e-03 8.037632e-03 5.876490e-03 5.013103e-03 3.891629e-03 2.991102e-03 2.650970e-03 2.023077e-03 1.854579e-03 1.612999e-03 1.041741e-03 9.254122e-04 6.165809e-04 6.560016e-04 4.763821e-04 4.897075e-04 3.800715e-04 2.767912e-04 2.561850e-04 2.616246e-04 1.212609e-04 1.535447e-04 1.151211e-04 8.982290e-05 7.670118e-05 8.559594e-05 5.226763e-05 3.065585e-05 4.997015e-05 6.845374e-05 1.914646e-05 1.875169e-05 1.837287e-05 2.701357e-05 8.829678e-06 2.598448e-05 2.549879e-05 3.337456e-05 8.193305e-06 0.000000e+00 0.000000e+00 7.773135e-06 7.642494e-06 7.516172e-06 7.393958e-06 2.182696e-05 7.161077e-06 0.000000e+00 0.000000e+00 0.000000e+00 0.000000e+00 0.000000e+00 6.542855e-06 0.000000e+00 0.000000e+00 6.272116e-06 6.186781e-06 0.000000e+00 0.000000e+00 5.944162e-06 0.000000e+00 0.000000e+00 0.000000e+00 0.000000e+00 0.000000e+00 0.000000e+00 0.000000e+00 0.000000e+00 0.000000e+00 0.000000e+00 0.000000e+00 0.000000e+00 0.000000e+00 0.000000e+00 0.000000e+00 0.000000e+00 0.000000e+00 0.000000e+00 0.000000e+00 4.712211e-06 0.000000e+00 0.000000e+00 0.000000e+00
SPEC pinc sel1 meanpt 0.5489 yield 0.13158 1.644833e-01 1.410246e-01 1.314229e-01 1.221642e-01 1.174751e-01 1.034809e-01 8.844201e-02 8.128692e-02 6.912437e-02 5.818719e-02 4.952813e-02 3.718040e-02 3.338765e-02 2.758057e-02 2.172793e-02 1.721122e-02 1.425869e-02 1.103569e-02 9.333325e-03 7.218043e-03 6.067578e-03 4.776732e-03 3.837033e-03 3.342943e-03 2.221167e-03 2.182199e-03 1.868251e-03 1.472984e-03 1.263378e-03 9.431539e-04 8.317398e-04 5.975069e-04 6.546597e-04 5.007658e-04 3.913727e-04 2.996682e-04 3.138780e-04 1.636649e-04 2.019243e-04 1.450196e-04 1.212333e-04 9.859333e-05 1.347829e-04 7.524825e-05 6.436261e-05 7.194063e-05 7.919271e-05 3.445578e-05 3.374535e-05 1.653181e-05 3.240890e-05 1.588980e-05 3.117427e-05 3.823947e-05 4.504539e-05 1.474459e-05 0.000000e+00 1.423173e-05 1.398846e-05 6.876678e-06 6.763014e-06 6.653046e-06 2.618639e-05 6.443501e-06 6.343602e-06 0.000000e+00 0.000000e+00 0.000000e+00 0.000000e+00 5.887228e-06 0.000000e+00 0.000000e+00 1.128724e-05 5.566835e-06 5.492112e-06 0.000000e+00 5.348527e-06 0.000000e+00 0.000000e+00 0.000000e+00 0.000000e+00 0.000000e+00 0.000000e+00 0.000000e+00 0.000000e+00 0.000000e+00 4.730200e-06 0.000000e+00 0.000000e+00 0.000000e+00 0.000000e+00 0.000000e+00 0.000000e+00 0.000000e+00 0.000000e+00 0.000000e+00 4.240024e-06 0.000000e+00 0.000000e+00 0.000000e+00
SPEC pbarinc sel0 meanpt 0.5376 yield 0.06953 1.100443e-01 1.112569e-01 1.049513e-01 9.692211e-02 8.710575e-02 7.465814e-02 6.890884e-02 6.354072e-02 5.221352e-02 4.475485e-02 3.555543e-02 3.139603e-02 2.502825e-02 2.014278e-02 1.680927e-02 1.343649e-02 1.005914e-02 9.432366e-03 6.636577e-03 5.480060e-03 4.680375e-03 2.770671e-03 3.112363e-03 2.341368e-03 1.967396e-03 1.212609e-03 8.751377e-04 8.598501e-04 8.456353e-04 5.857518e-04 4.770921e-04 5.629971e-04 3.078162e-04 3.529235e-04 1.186248e-04 2.433758e-04 2.740829e-04 2.425218e-04 1.653558e-04 1.496575e-04 7.859503e-05 7.670118e-05 4.279797e-05 5.226763e-05 5.109308e-05 6.995822e-05 1.955821e-05 9.573230e-06 4.687922e-05 1.837287e-05 9.004523e-06 0.000000e+00 8.661494e-06 1.699919e-05 8.343641e-06 8.193305e-06 0.000000e+00 0.000000e+00 0.000000e+00 0.000000e+00 2.254852e-05 0.000000e+00 0.000000e+00 7.161077e-06 7.050053e-06 0.000000e+00 0.000000e+00 0.000000e+00 6.638371e-06 0.000000e+00 0.000000e+00 0.000000e+00 0.000000e+00 0.000000e+00 0.000000e+00 0.000000e+00 5.944162e-06 0.000000e+00 0.000000e+00 0.000000e+00 0.000000e+00 0.000000e+00 0.000000e+00 0.000000e+00 0.000000e+00 0.000000e+00 0.000000e+00 0.000000e+00 0.000000e+00 0.000000e+00 0.000000e+00 0.000000e+00 0.000000e+00 0.000000e+00 0.000000e+00 0.000000e+00 0.000000e+00 0.000000e+00 0.000000e+00 0.000000e+00
SPEC pbarinc sel1 meanpt 0.5418 yield 0.11974 1.284770e-01 1.331141e-01 1.230760e-01 1.146824e-01 1.044728e-01 8.956936e-02 8.208426e-02 7.512221e-02 6.363678e-02 5.288962e-02 4.352708e-02 3.732272e-02 3.031075e-02 2.506498e-02 2.074030e-02 1.636649e-02 1.269643e-02 1.091879e-02 7.807260e-03 7.113130e-03 5.388967e-03 3.539730e-03 3.782478e-03 2.890253e-03 2.237867e-03 1.636649e-03 1.219767e-03 1.101019e-03 1.033673e-03 7.489751e-04 6.841731e-04 7.273997e-04 3.399195e-04 4.396968e-04 1.423173e-04 2.996682e-04 3.699276e-04 2.836859e-04 1.806691e-04 1.760952e-04 9.092496e-05 7.887467e-05 4.813675e-05 5.643618e-05 6.436261e-05 9.891837e-05 4.399595e-05 8.613944e-06 5.905436e-05 2.479772e-05 8.102225e-06 7.944900e-06 1.558714e-05 1.529579e-05 7.507566e-06 7.372294e-06 0.000000e+00 0.000000e+00 6.994228e-06 0.000000e+00 1.352603e-05 0.000000e+00 0.000000e+00 6.443501e-06 6.343602e-06 0.000000e+00 0.000000e+00 0.000000e+00 5.973173e-06 0.000000e+00 0.000000e+00 0.000000e+00 0.000000e+00 0.000000e+00 0.000000e+00 0.000000e+00 5.348527e-06 0.000000e+00 0.000000e+00 0.000000e+00 0.000000e+00 0.000000e+00 0.000000e+00 0.000000e+00 0.000000e+00 0.000000e+00 0.000000e+00 0.000000e+00 0.000000e+00 0.000000e+00 4.521131e-06 0.000000e+00 0.000000e+00 0.000000e+00 0.000000e+00 0.000000e+00 0.000000e+00 0.000000e+00 0.000000e+00 0.000000e+00
SPEC chpm sel0eta05 meanpt 0.4512 yield 2.16602 3.288141e+00 3.243790e+00 3.479127e+00 3.205653e+00 2.718083e+00 2.224465e+00 1.777442e+00 1.433031e+00 1.124345e+00 8.957910e-01 7.021613e-01 5.541637e-01 4.363901e-01 3.395070e-01 2.658436e-01 2.074354e-01 1.607947e-01 1.242136e-01 9.618120e-02 7.574143e-02 6.044782e-02 4.531844e-02 3.802742e-02 2.950123e-02 2.411360e-02 1.824977e-02 1.469030e-02 1.255877e-02 9.716828e-03 8.351588e-03 6.783653e-03 5.840734e-03 4.652221e-03 4.152281e-03 3.100062e-03 2.770641e-03 2.659850e-03 2.071136e-03 1.678361e-03 1.555286e-03 1.265380e-03 9.280842e-04 8.613091e-04 7.024770e-04 6.080076e-04 7.135738e-04 4.791762e-04 3.149593e-04 3.544069e-04 2.443591e-04 2.647330e-04 2.286887e-04 1.637022e-04 2.141898e-04 1.985786e-04 8.602970e-05 1.464789e-04 1.107165e-04 9.794150e-05 1.016452e-04 8.418113e-05 8.281233e-05 7.130141e-05 4.511479e-05 9.870074e-06 2.915816e-05 4.307953e-05 1.886281e-05 4.646860e-05 5.495998e-05 4.063530e-05 3.116321e-05 2.634289e-05 2.165373e-05 8.545232e-06 2.108012e-05 2.496548e-05 4.107224e-06 2.027452e-05 4.003898e-06 1.186248e-05 0.000000e+00 3.858302e-06 2.287257e-05 1.130094e-05 7.445845e-06 1.471953e-05 0.000000e+00 0.000000e+00 3.556535e-06 0.000000e+00 3.478797e-06 3.441188e-06 3.404384e-06 3.368359e-06 6.666176e-06 3.298548e-06 3.264717e-06 3.231572e-06 0.000000e+00
