# gen_world fine_p2.50_s0.380_k0.270_q0.110 mode set MultipartonInteractions:pT0Ref=2.50;StringPT:sigma=0.380;StringFlav:probStoUD=0.27;StringFlav:probQQtoQ=0.11 nev 200000 seed 20260932
SUMMARY nev 200000 nnsd 155680 dnde 2.2062 eps 0.5114 classN 17.5870 15.7883 7.3784 1.2031 meanpt_ch05 0.4645
SPEC pip sel0 meanpt 0.4063 yield 0.77319 3.066688e+00 2.923601e+00 2.400602e+00 1.883615e+00 1.440681e+00 1.115242e+00 8.622350e-01 6.768784e-01 5.250776e-01 4.046604e-01 3.162744e-01 2.478863e-01 1.944419e-01 1.481404e-01 1.150620e-01 8.865737e-02 6.903604e-02 5.116344e-02 4.082724e-02 3.150452e-02 2.411170e-02 2.000805e-02 1.588518e-02 1.191969e-02 9.688499e-03 7.650137e-03 6.383357e-03 4.944138e-03 4.116489e-03 3.560755e-03 2.773098e-03 2.093194e-03 1.874880e-03 1.696748e-03 1.463039e-03 1.075977e-03 9.219151e-04 8.730785e-04 6.023675e-04 5.871177e-04 4.154309e-04 3.396766e-04 3.637827e-04 2.508846e-04 1.941537e-04 2.298627e-04 2.151403e-04 1.244520e-04 1.218860e-04 1.653558e-04 1.080543e-04 6.180774e-05 9.527643e-05 5.099758e-05 7.509276e-05 4.096652e-05 3.219316e-05 4.744992e-05 6.995822e-05 3.056998e-05 2.254852e-05 7.393958e-06 1.455131e-05 3.580539e-05 7.050053e-06 2.082726e-05 6.838021e-06 1.347343e-05 6.638371e-06 2.617142e-05 0.000000e+00 1.907951e-05 0.000000e+00 1.237356e-05 1.831121e-05 6.022893e-06 1.188832e-05 5.867463e-06 5.792719e-06 0.000000e+00 0.000000e+00 5.579490e-06 2.204744e-05 0.000000e+00 5.381401e-06 0.000000e+00 0.000000e+00 0.000000e+00 0.000000e+00 0.000000e+00 5.024623e-06 0.000000e+00 0.000000e+00 0.000000e+00 0.000000e+00 0.000000e+00 0.000000e+00 0.000000e+00 0.000000e+00 0.000000e+00
SPEC pip sel1 meanpt 0.4081 yield 1.31297 3.674631e+00 3.429819e+00 2.846305e+00 2.220832e+00 1.710957e+00 1.329315e+00 1.033897e+00 8.044440e-01 6.283546e-01 4.744861e-01 3.759415e-01 2.931128e-01 2.303085e-01 1.754454e-01 1.368359e-01 1.055035e-01 8.166177e-02 6.206365e-02 4.938087e-02 3.806180e-02 2.904389e-02 2.335647e-02 1.973761e-02 1.475623e-02 1.133316e-02 9.301117e-03 7.669337e-03 5.992660e-03 4.907141e-03 4.255628e-03 3.365280e-03 2.661280e-03 2.403241e-03 1.989711e-03 1.647567e-03 1.439889e-03 1.075538e-03 9.378092e-04 7.753708e-04 7.453885e-04 6.462079e-04 4.828312e-04 4.522267e-04 3.760261e-04 3.032503e-04 2.875980e-04 3.165897e-04 1.980074e-04 1.601988e-04 2.065295e-04 1.295615e-04 9.528429e-05 1.168367e-04 9.936579e-05 9.003929e-05 4.420848e-05 7.961438e-05 4.978259e-05 6.291207e-05 2.749099e-05 2.703659e-05 1.329849e-05 1.962856e-05 3.863891e-05 1.267995e-05 3.121591e-05 1.229860e-05 1.817460e-05 1.193952e-05 2.353545e-05 0.000000e+00 2.287711e-05 0.000000e+00 1.669096e-05 1.646692e-05 1.083254e-05 5.345470e-06 5.276496e-06 5.209279e-06 1.028751e-05 5.079856e-06 2.007011e-05 1.982683e-05 0.000000e+00 4.839390e-06 0.000000e+00 0.000000e+00 0.000000e+00 0.000000e+00 0.000000e+00 4.518546e-06 0.000000e+00 0.000000e+00 4.373566e-06 0.000000e+00 0.000000e+00 0.000000e+00 0.000000e+00 0.000000e+00 0.000000e+00
SPEC pim sel0 meanpt 0.4041 yield 0.75914 3.144902e+00 2.887222e+00 2.366225e+00 1.836453e+00 1.440782e+00 1.113010e+00 8.429266e-01 6.619633e-01 5.160365e-01 3.976241e-01 3.104279e-01 2.448811e-01 1.806545e-01 1.412353e-01 1.128040e-01 8.660376e-02 6.341394e-02 5.061777e-02 4.067976e-02 3.152784e-02 2.473279e-02 1.899284e-02 1.628938e-02 1.149399e-02 9.391534e-03 7.507477e-03 5.714134e-03 5.076423e-03 3.430407e-03 3.314122e-03 2.609097e-03 2.179809e-03 1.609039e-03 1.601730e-03 1.238970e-03 1.127214e-03 8.845402e-04 7.760698e-04 5.669341e-04 6.216540e-04 4.154309e-04 3.835059e-04 2.781868e-04 2.299776e-04 2.350282e-04 2.598448e-04 2.151403e-04 1.914646e-04 1.406377e-04 9.186433e-05 6.303166e-05 8.829678e-05 9.527643e-05 4.249798e-05 7.509276e-05 1.638661e-05 8.853119e-05 7.908320e-05 4.663881e-05 1.528499e-05 3.006469e-05 1.478792e-05 7.275655e-06 7.161077e-06 7.050053e-06 4.165451e-05 6.838021e-06 1.347343e-05 1.327674e-05 1.308571e-05 0.000000e+00 2.543935e-05 6.272116e-06 6.186781e-06 1.831121e-05 6.022893e-06 5.944162e-06 5.867463e-06 1.158544e-05 5.719854e-06 0.000000e+00 0.000000e+00 0.000000e+00 0.000000e+00 0.000000e+00 0.000000e+00 5.256976e-06 5.196896e-06 0.000000e+00 0.000000e+00 0.000000e+00 0.000000e+00 4.915983e-06 4.863405e-06 0.000000e+00 0.000000e+00 0.000000e+00 0.000000e+00 0.000000e+00 0.000000e+00
SPEC pim sel1 meanpt 0.4060 yield 1.28920 3.745784e+00 3.425730e+00 2.789383e+00 2.178887e+00 1.708503e+00 1.318608e+00 9.992952e-01 7.843247e-01 6.087742e-01 4.772840e-01 3.676072e-01 2.930417e-01 2.146056e-01 1.682362e-01 1.341567e-01 1.024432e-01 7.705203e-02 6.082518e-02 4.829776e-02 3.814568e-02 2.988170e-02 2.331843e-02 1.948317e-02 1.419939e-02 1.166698e-02 9.124717e-03 7.252693e-03 6.200842e-03 4.117981e-03 3.867493e-03 3.244612e-03 2.778117e-03 1.925109e-03 2.001918e-03 1.588302e-03 1.244064e-03 1.019520e-03 9.159997e-04 7.328847e-04 7.350359e-04 5.755289e-04 5.123922e-04 3.560083e-04 2.820196e-04 3.216291e-04 2.786106e-04 2.550306e-04 2.496616e-04 1.686303e-04 1.156565e-04 7.287833e-05 1.111650e-04 1.090476e-04 6.114818e-05 1.050458e-04 3.684040e-05 1.013274e-04 8.534158e-05 8.388275e-05 3.436373e-05 3.379574e-05 2.659697e-05 1.962856e-05 6.439818e-06 6.339976e-06 4.370227e-05 1.229860e-05 1.211640e-05 1.193952e-05 1.765159e-05 0.000000e+00 2.287711e-05 5.640392e-06 5.563652e-06 1.646692e-05 5.416271e-06 1.069094e-05 5.276496e-06 1.041856e-05 5.143754e-06 0.000000e+00 0.000000e+00 0.000000e+00 0.000000e+00 4.839390e-06 4.782789e-06 4.727496e-06 4.673468e-06 4.620660e-06 0.000000e+00 0.000000e+00 0.000000e+00 4.420848e-06 4.373566e-06 0.000000e+00 0.000000e+00 0.000000e+00 0.000000e+00 0.000000e+00 0.000000e+00
SPEC kp sel0 meanpt 0.5263 yield 0.10205 1.764346e-01 1.785567e-01 1.742519e-01 1.462926e-01 1.360143e-01 1.236034e-01 1.039579e-01 8.858109e-02 7.746432e-02 6.337478e-02 5.443749e-02 4.286310e-02 3.466849e-02 2.869842e-02 2.305003e-02 1.892257e-02 1.513005e-02 1.161506e-02 9.045408e-03 7.065780e-03 6.277470e-03 4.356933e-03 3.617617e-03 3.483026e-03 2.153000e-03 2.353888e-03 1.527201e-03 1.372453e-03 8.615907e-04 8.940423e-04 8.200020e-04 5.629971e-04 4.617242e-04 5.972552e-04 3.163328e-04 1.793295e-04 2.117913e-04 2.182696e-04 2.834671e-04 1.841938e-04 1.235065e-04 1.534024e-04 9.629543e-05 6.272116e-05 6.131170e-05 3.997612e-05 1.369075e-04 5.743938e-05 6.563090e-05 6.430503e-05 7.203618e-05 4.414839e-05 4.330747e-05 8.499596e-06 2.503092e-05 0.000000e+00 8.048290e-06 3.163328e-05 0.000000e+00 7.642494e-06 7.516172e-06 7.393958e-06 0.000000e+00 7.161077e-06 0.000000e+00 6.942418e-06 6.838021e-06 6.736717e-06 0.000000e+00 6.542855e-06 0.000000e+00 6.359838e-06 0.000000e+00 0.000000e+00 0.000000e+00 0.000000e+00 0.000000e+00 0.000000e+00 5.792719e-06 0.000000e+00 0.000000e+00 0.000000e+00 0.000000e+00 5.445849e-06 0.000000e+00 0.000000e+00 0.000000e+00 0.000000e+00 1.027635e-05 0.000000e+00 0.000000e+00 4.969709e-06 0.000000e+00 0.000000e+00 0.000000e+00 0.000000e+00 4.712211e-06 0.000000e+00 0.000000e+00 0.000000e+00
SPEC kp sel1 meanpt 0.5294 yield 0.17456 2.077356e-01 2.110071e-01 2.023378e-01 1.799285e-01 1.617539e-01 1.480321e-01 1.248175e-01 1.075754e-01 9.131131e-02 7.631896e-02 6.274130e-02 5.170278e-02 4.151441e-02 3.462261e-02 2.724309e-02 2.202937e-02 1.791850e-02 1.423071e-02 1.094160e-02 8.807689e-03 7.639980e-03 5.401659e-03 4.525475e-03 3.984877e-03 2.887535e-03 2.533753e-03 1.759164e-03 1.739805e-03 1.076127e-03 1.192130e-03 1.112822e-03 6.490927e-04 6.417031e-04 5.859273e-04 4.148549e-04 3.455733e-04 2.800880e-04 2.399047e-04 3.398886e-04 1.966997e-04 1.615520e-04 1.773665e-04 1.731932e-04 1.598111e-04 6.432582e-05 5.392463e-05 1.495007e-04 5.165412e-05 9.274665e-05 5.782826e-05 6.478074e-05 5.558250e-05 5.452379e-05 1.528704e-05 2.250982e-05 0.000000e+00 1.447534e-05 2.844719e-05 6.990229e-06 1.374549e-05 6.759148e-06 6.649243e-06 6.542855e-06 6.439818e-06 0.000000e+00 1.872955e-05 1.229860e-05 6.058199e-06 5.969758e-06 5.883862e-06 0.000000e+00 1.143856e-05 0.000000e+00 5.563652e-06 0.000000e+00 0.000000e+00 0.000000e+00 0.000000e+00 5.209279e-06 0.000000e+00 0.000000e+00 5.017527e-06 0.000000e+00 4.897346e-06 0.000000e+00 4.782789e-06 0.000000e+00 0.000000e+00 9.241320e-06 0.000000e+00 0.000000e+00 4.469163e-06 0.000000e+00 4.373566e-06 0.000000e+00 0.000000e+00 4.237600e-06 0.000000e+00 0.000000e+00 0.000000e+00
SPEC km sel0 meanpt 0.5242 yield 0.09742 1.555171e-01 1.721905e-01 1.569722e-01 1.481115e-01 1.262124e-01 1.177333e-01 1.020690e-01 8.736848e-02 7.430797e-02 6.079001e-02 5.491387e-02 4.013472e-02 3.445022e-02 2.617215e-02 2.107431e-02 1.736769e-02 1.366941e-02 1.015993e-02 9.512427e-03 6.739308e-03 5.412377e-03 4.230032e-03 3.718668e-03 2.534869e-03 1.930276e-03 1.997239e-03 1.836073e-03 9.755991e-04 1.228564e-03 9.557004e-04 7.901838e-04 6.207404e-04 5.316824e-04 5.293853e-04 2.372496e-04 3.714683e-04 2.616246e-04 1.576392e-04 2.244114e-04 1.957059e-04 1.684179e-04 8.765849e-05 1.283939e-04 7.317469e-05 8.174893e-05 4.997015e-05 3.911642e-05 3.829292e-05 4.687922e-05 1.837287e-05 5.402714e-05 1.765936e-05 1.732299e-05 2.549879e-05 0.000000e+00 0.000000e+00 1.609658e-05 7.908320e-06 0.000000e+00 0.000000e+00 1.503234e-05 7.393958e-06 1.455131e-05 0.000000e+00 2.115016e-05 0.000000e+00 1.367604e-05 0.000000e+00 0.000000e+00 0.000000e+00 0.000000e+00 0.000000e+00 1.254423e-05 0.000000e+00 6.103737e-06 0.000000e+00 5.944162e-06 5.867463e-06 0.000000e+00 0.000000e+00 0.000000e+00 0.000000e+00 5.511860e-06 5.445849e-06 5.381401e-06 5.318461e-06 0.000000e+00 0.000000e+00 0.000000e+00 0.000000e+00 0.000000e+00 0.000000e+00 0.000000e+00 0.000000e+00 0.000000e+00 0.000000e+00 4.712211e-06 0.000000e+00 0.000000e+00 0.000000e+00
SPEC km sel1 meanpt 0.5277 yield 0.16527 1.889249e-01 2.082809e-01 1.881071e-01 1.736193e-01 1.494861e-01 1.383665e-01 1.156953e-01 1.039769e-01 8.765501e-02 7.235881e-02 6.461069e-02 4.747126e-02 4.072927e-02 3.201758e-02 2.456391e-02 2.142257e-02 1.682802e-02 1.217438e-02 1.078687e-02 8.136627e-03 6.782228e-03 5.097340e-03 4.579998e-03 3.010409e-03 2.436880e-03 2.501680e-03 2.083220e-03 1.204480e-03 1.391791e-03 1.205992e-03 1.005562e-03 8.178569e-04 6.668679e-04 6.225478e-04 2.844719e-04 4.031689e-04 3.585126e-04 2.399047e-04 3.080240e-04 2.174050e-04 1.716490e-04 1.182444e-04 1.443277e-04 1.598111e-04 1.102728e-04 5.392463e-05 7.914744e-05 4.304510e-05 5.902060e-05 2.478354e-05 5.668315e-05 2.382107e-05 2.336734e-05 2.293057e-05 1.500655e-05 7.368080e-06 2.171301e-05 1.422360e-05 0.000000e+00 6.872747e-06 2.027744e-05 6.649243e-06 6.542855e-06 0.000000e+00 1.901993e-05 0.000000e+00 6.149300e-06 0.000000e+00 0.000000e+00 0.000000e+00 0.000000e+00 0.000000e+00 1.692118e-05 0.000000e+00 5.488972e-06 0.000000e+00 5.345470e-06 5.276496e-06 0.000000e+00 0.000000e+00 0.000000e+00 0.000000e+00 4.956708e-06 4.897346e-06 4.839390e-06 4.782789e-06 0.000000e+00 0.000000e+00 0.000000e+00 0.000000e+00 0.000000e+00 0.000000e+00 0.000000e+00 0.000000e+00 0.000000e+00 0.000000e+00 4.237600e-06 0.000000e+00 0.000000e+00 0.000000e+00
SPEC p sel0 meanpt 0.5916 yield 0.05444 7.093763e-02 6.153991e-02 6.475333e-02 6.418167e-02 6.113571e-02 5.374063e-02 4.974029e-02 4.656419e-02 3.552231e-02 3.226178e-02 2.944908e-02 2.443671e-02 2.102664e-02 1.633654e-02 1.367321e-02 1.223366e-02 9.315043e-03 8.600863e-03 5.948339e-03 5.130269e-03 3.859646e-03 3.595527e-03 2.910262e-03 2.225267e-03 1.948836e-03 1.480096e-03 1.252648e-03 9.755991e-04 9.573230e-04 6.782390e-04 5.069104e-04 6.063045e-04 4.617242e-04 3.529235e-04 3.031523e-04 2.177573e-04 2.865412e-04 2.061435e-04 1.181113e-04 4.604845e-05 1.122786e-04 8.765849e-05 6.419695e-05 9.408174e-05 9.196754e-05 4.997015e-05 3.911642e-05 6.701261e-05 1.875169e-05 2.755930e-05 1.800905e-05 1.765936e-05 8.661494e-06 8.499596e-06 1.668728e-05 0.000000e+00 0.000000e+00 7.908320e-06 7.773135e-06 1.528499e-05 7.516172e-06 7.393958e-06 7.275655e-06 7.161077e-06 0.000000e+00 6.942418e-06 6.838021e-06 6.736717e-06 0.000000e+00 6.542855e-06 0.000000e+00 0.000000e+00 0.000000e+00 0.000000e+00 0.000000e+00 0.000000e+00 0.000000e+00 0.000000e+00 0.000000e+00 0.000000e+00 0.000000e+00 0.000000e+00 0.000000e+00 0.000000e+00 0.000000e+00 5.318461e-06 0.000000e+00 0.000000e+00 0.000000e+00 0.000000e+00 0.000000e+00 0.000000e+00 0.000000e+00 0.000000e+00 0.000000e+00 0.000000e+00 0.000000e+00 0.000000e+00 0.000000e+00 0.000000e+00
SPEC p sel1 meanpt 0.5951 yield 0.09346 9.241782e-02 7.142616e-02 8.260354e-02 7.430814e-02 7.097180e-02 6.468504e-02 5.819366e-02 5.534165e-02 4.349074e-02 3.869754e-02 3.508995e-02 2.994067e-02 2.479742e-02 2.002235e-02 1.683657e-02 1.493248e-02 1.085519e-02 1.014142e-02 7.360712e-03 5.976646e-03 4.966984e-03 4.089284e-03 3.634919e-03 2.940804e-03 2.236588e-03 1.715896e-03 1.481401e-03 1.159870e-03 1.219611e-03 8.317188e-04 5.631146e-04 7.529476e-04 5.158789e-04 4.516523e-04 3.911489e-04 2.764587e-04 3.249020e-04 3.053332e-04 1.593228e-04 7.246833e-05 1.110670e-04 1.083907e-04 8.659661e-05 1.034072e-04 1.194622e-04 6.291207e-05 4.397080e-05 6.026314e-05 1.686303e-05 5.782826e-05 1.619519e-05 1.588072e-05 1.557823e-05 1.528704e-05 1.500655e-05 7.368080e-06 0.000000e+00 7.111799e-06 6.990229e-06 2.749099e-05 1.351830e-05 1.329849e-05 1.308571e-05 1.287964e-05 6.339976e-06 6.243182e-06 6.149300e-06 6.058199e-06 5.969758e-06 5.883862e-06 0.000000e+00 0.000000e+00 0.000000e+00 5.563652e-06 0.000000e+00 0.000000e+00 0.000000e+00 0.000000e+00 5.209279e-06 0.000000e+00 0.000000e+00 0.000000e+00 0.000000e+00 0.000000e+00 0.000000e+00 9.565577e-06 0.000000e+00 0.000000e+00 0.000000e+00 0.000000e+00 0.000000e+00 0.000000e+00 0.000000e+00 0.000000e+00 0.000000e+00 0.000000e+00 0.000000e+00 0.000000e+00 0.000000e+00 0.000000e+00
SPEC pbar sel0 meanpt 0.5771 yield 0.05056 7.912274e-02 6.639035e-02 7.021007e-02 6.379190e-02 5.567897e-02 5.283117e-02 4.540288e-02 4.165312e-02 3.498734e-02 3.010781e-02 2.637425e-02 2.400175e-02 1.811638e-02 1.495551e-02 1.241879e-02 1.053210e-02 8.874094e-03 6.418167e-03 5.972919e-03 4.687201e-03 3.881828e-03 3.278275e-03 2.586899e-03 2.089816e-03 1.837474e-03 1.373101e-03 1.029574e-03 8.433145e-04 7.977691e-04 4.007776e-04 4.920012e-04 5.485613e-04 3.357994e-04 3.257756e-04 2.108885e-04 2.818035e-04 1.245831e-04 1.212609e-04 1.063001e-04 1.611696e-04 8.982290e-05 6.574387e-05 6.419695e-05 3.136058e-05 7.153031e-05 1.998806e-05 3.911642e-05 5.743938e-05 2.812753e-05 9.186433e-06 2.701357e-05 0.000000e+00 0.000000e+00 2.549879e-05 1.668728e-05 8.193305e-06 8.048290e-06 0.000000e+00 7.773135e-06 0.000000e+00 7.516172e-06 0.000000e+00 7.275655e-06 0.000000e+00 0.000000e+00 0.000000e+00 0.000000e+00 0.000000e+00 0.000000e+00 0.000000e+00 1.935015e-05 1.271968e-05 0.000000e+00 0.000000e+00 0.000000e+00 0.000000e+00 0.000000e+00 0.000000e+00 0.000000e+00 0.000000e+00 0.000000e+00 0.000000e+00 0.000000e+00 0.000000e+00 0.000000e+00 0.000000e+00 0.000000e+00 0.000000e+00 0.000000e+00 0.000000e+00 0.000000e+00 0.000000e+00 0.000000e+00 0.000000e+00 0.000000e+00 0.000000e+00 0.000000e+00 0.000000e+00 0.000000e+00 0.000000e+00
SPEC pbar sel1 meanpt 0.5860 yield 0.08544 8.342140e-02 7.960473e-02 7.720569e-02 7.243875e-02 6.370196e-02 5.948050e-02 5.391564e-02 4.912593e-02 4.219179e-02 3.534002e-02 3.142907e-02 2.794937e-02 2.119885e-02 1.847751e-02 1.489064e-02 1.287465e-02 1.043387e-02 7.524283e-03 6.984940e-03 5.724998e-03 5.026827e-03 4.089284e-03 3.162380e-03 2.662385e-03 2.136442e-03 1.651750e-03 1.435107e-03 1.100389e-03 1.004386e-03 5.960652e-04 6.167445e-04 6.620746e-04 4.655493e-04 3.417909e-04 2.370600e-04 3.340542e-04 1.792563e-04 1.526666e-04 1.274582e-04 1.656419e-04 9.087298e-05 7.882958e-05 8.659661e-05 4.700327e-05 8.270463e-05 3.594975e-05 4.397080e-05 5.165412e-05 2.529454e-05 1.652236e-05 4.048796e-05 0.000000e+00 0.000000e+00 2.293057e-05 2.250982e-05 7.368080e-06 1.447534e-05 7.111799e-06 1.398046e-05 0.000000e+00 6.759148e-06 0.000000e+00 6.542855e-06 6.439818e-06 0.000000e+00 0.000000e+00 0.000000e+00 0.000000e+00 0.000000e+00 5.883862e-06 1.740121e-05 1.143856e-05 0.000000e+00 0.000000e+00 0.000000e+00 0.000000e+00 0.000000e+00 0.000000e+00 0.000000e+00 0.000000e+00 0.000000e+00 0.000000e+00 0.000000e+00 0.000000e+00 0.000000e+00 0.000000e+00 0.000000e+00 0.000000e+00 0.000000e+00 0.000000e+00 0.000000e+00 0.000000e+00 0.000000e+00 0.000000e+00 0.000000e+00 0.000000e+00 0.000000e+00 0.000000e+00 0.000000e+00 0.000000e+00
SPEC pinc sel0 meanpt 0.5705 yield 0.07722 1.209578e-01 9.852449e-02 1.042238e-01 9.926072e-02 9.023833e-02 8.044559e-02 7.317629e-02 6.760296e-02 5.210653e-02 4.633443e-02 4.153186e-02 3.404532e-02 2.859332e-02 2.253432e-02 1.900451e-02 1.637022e-02 1.284263e-02 1.151112e-02 8.135952e-03 6.529434e-03 5.212740e-03 4.610735e-03 3.819719e-03 2.844471e-03 2.449965e-03 1.872411e-03 1.544361e-03 1.273240e-03 1.228564e-03 9.248713e-04 6.709108e-04 7.650986e-04 5.456741e-04 4.615154e-04 4.085965e-04 2.561850e-04 3.488328e-04 2.425218e-04 1.417335e-04 6.907267e-05 1.122786e-04 1.205304e-04 6.419695e-05 1.254423e-04 1.021862e-04 4.997015e-05 4.889553e-05 7.658584e-05 5.625506e-05 3.674573e-05 1.800905e-05 1.765936e-05 8.661494e-06 1.699919e-05 1.668728e-05 8.193305e-06 0.000000e+00 7.908320e-06 7.773135e-06 1.528499e-05 7.516172e-06 7.393958e-06 7.275655e-06 7.161077e-06 7.050053e-06 6.942418e-06 6.838021e-06 6.736717e-06 0.000000e+00 6.542855e-06 0.000000e+00 0.000000e+00 0.000000e+00 0.000000e+00 0.000000e+00 0.000000e+00 0.000000e+00 0.000000e+00 0.000000e+00 0.000000e+00 0.000000e+00 0.000000e+00 0.000000e+00 0.000000e+00 0.000000e+00 5.318461e-06 0.000000e+00 0.000000e+00 0.000000e+00 0.000000e+00 5.024623e-06 0.000000e+00 0.000000e+00 0.000000e+00 0.000000e+00 0.000000e+00 0.000000e+00 0.000000e+00 0.000000e+00 0.000000e+00
SPEC pinc sel1 meanpt 0.5737 yield 0.13285 1.480321e-01 1.164083e-01 1.313478e-01 1.152010e-01 1.057762e-01 9.888633e-02 8.618953e-02 8.009545e-02 6.465880e-02 5.531295e-02 4.957770e-02 4.185294e-02 3.412099e-02 2.735277e-02 2.309741e-02 1.994515e-02 1.494448e-02 1.345959e-02 9.880595e-03 7.864008e-03 6.502959e-03 5.401659e-03 4.616348e-03 3.828266e-03 2.854153e-03 2.245097e-03 1.851751e-03 1.501883e-03 1.535275e-03 1.136682e-03 7.508194e-04 9.606573e-04 6.039558e-04 6.103409e-04 5.096789e-04 3.110160e-04 4.257337e-04 3.489523e-04 1.911873e-04 1.138788e-04 1.110670e-04 1.576592e-04 8.659661e-05 1.692118e-04 1.378410e-04 7.189950e-05 5.276496e-05 6.887216e-05 5.058908e-05 6.608944e-05 1.619519e-05 3.176143e-05 1.557823e-05 3.057409e-05 1.500655e-05 1.473616e-05 0.000000e+00 1.422360e-05 6.990229e-06 2.749099e-05 1.351830e-05 1.329849e-05 1.308571e-05 1.931945e-05 1.267995e-05 6.243182e-06 6.149300e-06 6.058199e-06 5.969758e-06 5.883862e-06 0.000000e+00 0.000000e+00 0.000000e+00 5.563652e-06 0.000000e+00 0.000000e+00 0.000000e+00 0.000000e+00 5.209279e-06 0.000000e+00 0.000000e+00 0.000000e+00 0.000000e+00 0.000000e+00 0.000000e+00 9.565577e-06 0.000000e+00 0.000000e+00 0.000000e+00 0.000000e+00 4.518546e-06 0.000000e+00 0.000000e+00 0.000000e+00 0.000000e+00 0.000000e+00 0.000000e+00 0.000000e+00 0.000000e+00 0.000000e+00
SPEC pbarinc sel0 meanpt 0.5557 yield 0.07217 1.109537e-01 1.015560e-01 1.044056e-01 9.861110e-02 8.710575e-02 8.003220e-02 6.834918e-02 6.287378e-02 5.146456e-02 4.379753e-02 3.772080e-02 3.388715e-02 2.477360e-02 2.149013e-02 1.740512e-02 1.393523e-02 1.140955e-02 8.600863e-03 7.546034e-03 6.109684e-03 5.301468e-03 4.166581e-03 3.496356e-03 2.631620e-03 2.375724e-03 1.711919e-03 1.458563e-03 1.025206e-03 9.413676e-04 5.395083e-04 5.516377e-04 6.063045e-04 3.917660e-04 3.800715e-04 2.899717e-04 3.714683e-04 1.494998e-04 1.697653e-04 1.299224e-04 2.072180e-04 1.122786e-04 6.574387e-05 7.489644e-05 3.136058e-05 9.196754e-05 1.998806e-05 4.889553e-05 6.701261e-05 2.812753e-05 2.755930e-05 2.701357e-05 8.829678e-06 0.000000e+00 3.399839e-05 2.503092e-05 1.638661e-05 1.609658e-05 0.000000e+00 7.773135e-06 0.000000e+00 7.516172e-06 0.000000e+00 7.275655e-06 0.000000e+00 0.000000e+00 6.942418e-06 0.000000e+00 0.000000e+00 0.000000e+00 0.000000e+00 1.935015e-05 1.271968e-05 0.000000e+00 0.000000e+00 0.000000e+00 0.000000e+00 5.944162e-06 0.000000e+00 0.000000e+00 0.000000e+00 0.000000e+00 0.000000e+00 0.000000e+00 0.000000e+00 0.000000e+00 0.000000e+00 0.000000e+00 0.000000e+00 0.000000e+00 0.000000e+00 0.000000e+00 0.000000e+00 0.000000e+00 0.000000e+00 0.000000e+00 0.000000e+00 0.000000e+00 0.000000e+00 0.000000e+00 0.000000e+00
SPEC pbarinc sel1 meanpt 0.5628 yield 0.12282 1.251321e-01 1.232238e-01 1.185892e-01 1.148505e-01 1.011416e-01 9.301263e-02 8.084200e-02 7.475212e-02 6.230145e-02 5.204152e-02 4.443689e-02 3.939936e-02 2.950828e-02 2.614113e-02 2.027721e-02 1.680564e-02 1.397792e-02 1.032836e-02 9.217468e-03 7.507506e-03 6.742332e-03 5.154400e-03 4.161983e-03 3.445439e-03 2.687244e-03 2.068697e-03 1.975201e-03 1.487012e-03 1.205263e-03 7.762709e-04 6.971894e-04 7.529476e-04 5.662086e-04 4.150318e-04 3.200309e-04 4.377262e-04 2.240704e-04 2.180952e-04 1.805658e-04 2.277576e-04 1.110670e-04 7.882958e-05 1.058403e-04 5.640392e-05 1.010834e-04 3.594975e-05 5.276496e-05 6.887216e-05 2.529454e-05 3.304472e-05 4.048796e-05 7.940358e-06 0.000000e+00 3.057409e-05 3.001310e-05 1.473616e-05 2.171301e-05 7.111799e-06 2.097069e-05 0.000000e+00 6.759148e-06 0.000000e+00 6.542855e-06 6.439818e-06 0.000000e+00 6.243182e-06 0.000000e+00 0.000000e+00 0.000000e+00 5.883862e-06 1.740121e-05 1.143856e-05 0.000000e+00 0.000000e+00 0.000000e+00 0.000000e+00 5.345470e-06 0.000000e+00 0.000000e+00 0.000000e+00 0.000000e+00 0.000000e+00 0.000000e+00 0.000000e+00 0.000000e+00 0.000000e+00 0.000000e+00 0.000000e+00 0.000000e+00 0.000000e+00 0.000000e+00 0.000000e+00 0.000000e+00 0.000000e+00 0.000000e+00 0.000000e+00 0.000000e+00 0.000000e+00 0.000000e+00 0.000000e+00
SPEC chpm sel0eta05 meanpt 0.4645 yield 2.20617 3.304693e+00 3.239121e+00 3.446914e+00 3.124348e+00 2.660717e+00 2.186268e+00 1.752810e+00 1.428150e+00 1.142732e+00 9.053738e-01 7.275655e-01 5.784936e-01 4.511852e-01 3.547151e-01 2.826153e-01 2.231455e-01 1.721188e-01 1.346724e-01 1.076920e-01 8.429499e-02 6.738853e-02 5.294308e-02 4.463412e-02 3.356476e-02 2.653015e-02 2.173245e-02 1.763317e-02 1.421398e-02 1.115760e-02 9.819051e-03 7.952529e-03 6.588509e-03 5.298635e-03 4.864915e-03 3.764360e-03 3.254831e-03 2.651129e-03 2.232413e-03 1.893324e-03 1.764807e-03 1.383273e-03 1.188868e-03 1.018592e-03 9.366360e-04 8.297516e-04 6.156323e-04 7.461458e-04 5.293996e-04 4.462901e-04 3.986912e-04 3.025520e-04 2.595925e-04 2.546479e-04 2.022904e-04 2.219408e-04 9.176501e-05 1.915493e-04 1.550031e-04 1.360299e-04 9.094568e-05 7.891981e-05 5.175771e-05 6.111550e-05 6.015305e-05 4.441533e-05 8.261478e-05 3.829292e-05 3.300991e-05 2.788116e-05 4.121999e-05 1.354510e-05 5.342264e-05 1.756192e-05 2.598448e-05 2.990831e-05 1.264807e-05 2.496548e-05 1.232167e-05 2.027452e-05 1.201169e-05 3.954160e-06 1.952821e-05 1.929151e-05 7.624189e-06 1.130094e-05 1.861461e-05 3.679883e-06 3.637827e-06 1.079017e-05 0.000000e+00 7.034473e-06 3.478797e-06 3.441188e-06 1.021315e-05 0.000000e+00 0.000000e+00 6.597096e-06 0.000000e+00 0.000000e+00 0.000000e+00
