# gen_world fine_p2.60_s0.360_k0.270_q0.110 mode set MultipartonInteractions:pT0Ref=2.60;StringPT:sigma=0.360;StringFlav:probStoUD=0.27;StringFlav:probQQtoQ=0.11 nev 200000 seed 20260937
SUMMARY nev 200000 nnsd 155805 dnde 2.1061 eps 0.5123 classN 17.5898 15.6843 6.8790 1.0165 meanpt_ch05 0.4492
SPEC pip sel0 meanpt 0.3930 yield 0.74470 3.103067e+00 2.827198e+00 2.408605e+00 1.852953e+00 1.442500e+00 1.113837e+00 8.652432e-01 6.584467e-01 5.068884e-01 3.855140e-01 3.056208e-01 2.286295e-01 1.798906e-01 1.345322e-01 1.063437e-01 7.865335e-02 6.002415e-02 4.687600e-02 3.586209e-02 2.795997e-02 2.173824e-02 1.632792e-02 1.251008e-02 9.578322e-03 8.277913e-03 6.580188e-03 5.336624e-03 4.117359e-03 3.063433e-03 2.404665e-03 2.251278e-03 1.746735e-03 1.483114e-03 1.126641e-03 1.107165e-03 9.094568e-04 9.468318e-04 4.850436e-04 7.086677e-04 4.950208e-04 4.042030e-04 3.615913e-04 2.567878e-04 1.986170e-04 1.532792e-04 2.198687e-04 2.053612e-04 9.573230e-05 1.125101e-04 4.593216e-05 7.203618e-05 3.531871e-05 6.063045e-05 5.949717e-05 8.343641e-05 6.554644e-05 3.219316e-05 1.581664e-05 1.554627e-05 3.056998e-05 3.006469e-05 7.393958e-06 0.000000e+00 2.864431e-05 7.050053e-06 6.942418e-06 1.367604e-05 1.347343e-05 1.991511e-05 6.542855e-06 0.000000e+00 6.359838e-06 1.254423e-05 0.000000e+00 0.000000e+00 0.000000e+00 0.000000e+00 5.867463e-06 0.000000e+00 5.719854e-06 0.000000e+00 0.000000e+00 5.511860e-06 0.000000e+00 0.000000e+00 5.318461e-06 0.000000e+00 0.000000e+00 0.000000e+00 5.080764e-06 0.000000e+00 0.000000e+00 0.000000e+00 0.000000e+00 0.000000e+00 0.000000e+00 0.000000e+00 0.000000e+00 0.000000e+00 0.000000e+00
SPEC pip sel1 meanpt 0.3949 yield 1.25899 3.681489e+00 3.351068e+00 2.825390e+00 2.188930e+00 1.698779e+00 1.315916e+00 1.015969e+00 7.756869e-01 6.001618e-01 4.589227e-01 3.594126e-01 2.735846e-01 2.133221e-01 1.588699e-01 1.250035e-01 9.376719e-02 7.426621e-02 5.694721e-02 4.256070e-02 3.308615e-02 2.523356e-02 1.997391e-02 1.463697e-02 1.218846e-02 9.806408e-03 8.091889e-03 6.630119e-03 5.126077e-03 3.526866e-03 3.061040e-03 2.732933e-03 2.101373e-03 1.873275e-03 1.353870e-03 1.326471e-03 1.116457e-03 1.130648e-03 6.864486e-04 7.747487e-04 5.585929e-04 4.943560e-04 3.938317e-04 4.037933e-04 2.348278e-04 1.928226e-04 2.424661e-04 2.372518e-04 1.548380e-04 1.516455e-04 8.254552e-05 1.213664e-04 7.140589e-05 9.339437e-05 6.873651e-05 9.746430e-05 6.625952e-05 5.062305e-05 2.842437e-05 2.793849e-05 2.746893e-05 3.376862e-05 1.993172e-05 0.000000e+00 3.217326e-05 1.266978e-05 1.871452e-05 1.228873e-05 1.210668e-05 1.789491e-05 1.175828e-05 0.000000e+00 1.142938e-05 1.127173e-05 5.559188e-06 5.484568e-06 0.000000e+00 0.000000e+00 5.272263e-06 0.000000e+00 5.139627e-06 0.000000e+00 5.013501e-06 4.952731e-06 0.000000e+00 0.000000e+00 4.778951e-06 0.000000e+00 0.000000e+00 4.616953e-06 4.565367e-06 0.000000e+00 0.000000e+00 0.000000e+00 0.000000e+00 0.000000e+00 0.000000e+00 0.000000e+00 0.000000e+00 0.000000e+00 0.000000e+00
SPEC pim sel0 meanpt 0.3924 yield 0.73324 3.111252e+00 2.843265e+00 2.329119e+00 1.838012e+00 1.423401e+00 1.098210e+00 8.438360e-01 6.478364e-01 4.992918e-01 3.874765e-01 2.928018e-01 2.283132e-01 1.733788e-01 1.335217e-01 1.025491e-01 7.821329e-02 6.206354e-02 4.544686e-02 3.583751e-02 2.625765e-02 2.029641e-02 1.598952e-02 1.277282e-02 1.002338e-02 8.092310e-03 6.223538e-03 5.216507e-03 3.885861e-03 2.760281e-03 2.481738e-03 1.923278e-03 1.934400e-03 1.553072e-03 1.316676e-03 8.830958e-04 9.222661e-04 6.976655e-04 5.820524e-04 4.960674e-04 3.798997e-04 3.480637e-04 3.177620e-04 2.674873e-04 3.136058e-04 1.737165e-04 2.198687e-04 1.955821e-04 1.531717e-04 3.750337e-05 1.102372e-04 6.303166e-05 5.297807e-05 5.196896e-05 9.349556e-05 5.006184e-05 4.096652e-05 3.219316e-05 5.535824e-05 3.109254e-05 1.528499e-05 7.516172e-06 7.393958e-06 2.182696e-05 2.864431e-05 0.000000e+00 2.082726e-05 2.051406e-05 6.736717e-06 6.638371e-06 6.542855e-06 1.290010e-05 0.000000e+00 6.272116e-06 6.186781e-06 6.103737e-06 1.806868e-05 5.944162e-06 0.000000e+00 0.000000e+00 0.000000e+00 0.000000e+00 1.115898e-05 0.000000e+00 0.000000e+00 5.381401e-06 0.000000e+00 0.000000e+00 5.196896e-06 5.138174e-06 0.000000e+00 0.000000e+00 4.969709e-06 0.000000e+00 4.863405e-06 0.000000e+00 0.000000e+00 0.000000e+00 0.000000e+00 0.000000e+00 0.000000e+00
SPEC pim sel1 meanpt 0.3942 yield 1.23717 3.711726e+00 3.329276e+00 2.773579e+00 2.167216e+00 1.668270e+00 1.286348e+00 9.910130e-01 7.671880e-01 5.893940e-01 4.595679e-01 3.423682e-01 2.700315e-01 2.060326e-01 1.566301e-01 1.202130e-01 9.389900e-02 7.226035e-02 5.456566e-02 4.249444e-02 3.143080e-02 2.507411e-02 1.917571e-02 1.547233e-02 1.196243e-02 9.589600e-03 8.059842e-03 6.383417e-03 4.769480e-03 3.526866e-03 3.227250e-03 2.491792e-03 2.257030e-03 1.822986e-03 1.646598e-03 1.184349e-03 1.093438e-03 9.515351e-04 6.319685e-04 6.049408e-04 4.861827e-04 4.540004e-04 3.741401e-04 3.557227e-04 3.569382e-04 2.387328e-04 2.334859e-04 2.021034e-04 1.720423e-04 4.212375e-05 1.650910e-04 1.051842e-04 7.933987e-05 7.782864e-05 9.164868e-05 5.997803e-05 8.834602e-05 3.615932e-05 7.816702e-05 4.190773e-05 1.373447e-05 6.753725e-06 1.328782e-05 2.615042e-05 3.217326e-05 0.000000e+00 2.495269e-05 1.843310e-05 1.816002e-05 1.192994e-05 1.175828e-05 1.738725e-05 0.000000e+00 5.635867e-06 1.111838e-05 1.096914e-05 1.623578e-05 5.341181e-06 0.000000e+00 0.000000e+00 0.000000e+00 0.000000e+00 1.002700e-05 0.000000e+00 0.000000e+00 4.835507e-06 4.778951e-06 4.723703e-06 4.669718e-06 4.616953e-06 0.000000e+00 0.000000e+00 4.465578e-06 0.000000e+00 4.370057e-06 0.000000e+00 0.000000e+00 0.000000e+00 0.000000e+00 0.000000e+00 0.000000e+00
SPEC kp sel0 meanpt 0.5076 yield 0.09680 1.891670e-01 1.891670e-01 1.669763e-01 1.500604e-01 1.382374e-01 1.216192e-01 1.034682e-01 8.779290e-02 7.639437e-02 6.160373e-02 4.924059e-02 4.140006e-02 3.190375e-02 2.421850e-02 2.044710e-02 1.730902e-02 1.212609e-02 9.406382e-03 8.381751e-03 6.389517e-03 4.680375e-03 4.251182e-03 3.294255e-03 2.457468e-03 2.375724e-03 1.551426e-03 1.561520e-03 1.207097e-03 7.020368e-04 7.861406e-04 7.156382e-04 5.196896e-04 5.736574e-04 3.800715e-04 2.899717e-04 3.074220e-04 1.868747e-04 1.940175e-04 2.126003e-04 1.726817e-04 1.010508e-04 9.861580e-05 1.069949e-04 7.317469e-05 4.087446e-05 3.997612e-05 4.889553e-05 5.743938e-05 0.000000e+00 4.593216e-05 2.701357e-05 0.000000e+00 4.330747e-05 2.549879e-05 0.000000e+00 1.638661e-05 1.609658e-05 3.954160e-05 3.109254e-05 7.642494e-06 0.000000e+00 7.393958e-06 0.000000e+00 1.432215e-05 0.000000e+00 0.000000e+00 6.838021e-06 1.347343e-05 6.638371e-06 0.000000e+00 6.450048e-06 6.359838e-06 0.000000e+00 0.000000e+00 0.000000e+00 0.000000e+00 0.000000e+00 5.867463e-06 0.000000e+00 0.000000e+00 0.000000e+00 5.579490e-06 0.000000e+00 0.000000e+00 0.000000e+00 0.000000e+00 0.000000e+00 0.000000e+00 0.000000e+00 0.000000e+00 0.000000e+00 0.000000e+00 0.000000e+00 0.000000e+00 0.000000e+00 0.000000e+00 0.000000e+00 0.000000e+00 0.000000e+00 4.570135e-06
SPEC kp sel1 meanpt 0.5102 yield 0.16393 2.165582e-01 2.209166e-01 1.974357e-01 1.804846e-01 1.637125e-01 1.466504e-01 1.227687e-01 1.012784e-01 8.950751e-02 7.118248e-02 5.829365e-02 4.761082e-02 3.873531e-02 2.984296e-02 2.431877e-02 2.048274e-02 1.485819e-02 1.144081e-02 9.585543e-03 8.067238e-03 5.541019e-03 5.264293e-03 3.632003e-03 2.868896e-03 2.668410e-03 2.002943e-03 1.819428e-03 1.411528e-03 9.175587e-04 9.003059e-04 8.305974e-04 6.615434e-04 6.663329e-04 5.366691e-04 4.145221e-04 3.913355e-04 2.350851e-04 2.397122e-04 2.653249e-04 1.758533e-04 1.715113e-04 1.083037e-04 1.153695e-04 8.453800e-05 6.427421e-05 3.592091e-05 4.393552e-05 8.602113e-05 1.684950e-05 4.127276e-05 4.854658e-05 0.000000e+00 4.669718e-05 3.054956e-05 0.000000e+00 2.944867e-05 1.446373e-05 4.974265e-05 2.793849e-05 6.867233e-06 6.753725e-06 6.643908e-06 1.307521e-05 1.930395e-05 0.000000e+00 6.238173e-06 6.144366e-06 1.210668e-05 5.964969e-06 0.000000e+00 5.795750e-06 5.714690e-06 0.000000e+00 5.559188e-06 0.000000e+00 0.000000e+00 0.000000e+00 5.272263e-06 0.000000e+00 0.000000e+00 0.000000e+00 5.013501e-06 0.000000e+00 0.000000e+00 0.000000e+00 4.778951e-06 0.000000e+00 0.000000e+00 0.000000e+00 0.000000e+00 0.000000e+00 0.000000e+00 0.000000e+00 0.000000e+00 0.000000e+00 4.278538e-06 0.000000e+00 0.000000e+00 0.000000e+00 4.106536e-06
SPEC km sel0 meanpt 0.4977 yield 0.09304 1.855292e-01 1.800724e-01 1.576998e-01 1.477218e-01 1.339933e-01 1.201310e-01 1.050073e-01 8.451885e-02 7.457546e-02 5.916256e-02 4.733506e-02 3.772269e-02 3.088515e-02 2.499322e-02 2.022757e-02 1.458065e-02 1.262216e-02 9.900087e-03 7.816413e-03 6.133004e-03 4.170192e-03 3.701278e-03 2.748581e-03 2.496169e-03 1.893155e-03 1.337436e-03 7.378612e-04 1.091348e-03 8.137245e-04 7.553116e-04 6.560016e-04 3.897672e-04 4.057577e-04 2.986276e-04 2.636107e-04 2.689943e-04 1.619581e-04 8.488264e-05 1.653558e-04 5.756056e-05 8.982290e-05 1.205304e-04 7.489644e-05 3.136058e-05 8.174893e-05 5.996419e-05 5.867463e-05 2.871969e-05 2.812753e-05 3.674573e-05 2.701357e-05 1.765936e-05 8.661494e-06 1.699919e-05 8.343641e-06 8.193305e-06 0.000000e+00 2.372496e-05 3.886568e-05 1.528499e-05 0.000000e+00 7.393958e-06 0.000000e+00 0.000000e+00 0.000000e+00 0.000000e+00 0.000000e+00 6.736717e-06 0.000000e+00 0.000000e+00 6.450048e-06 0.000000e+00 0.000000e+00 0.000000e+00 1.220747e-05 0.000000e+00 0.000000e+00 0.000000e+00 0.000000e+00 0.000000e+00 0.000000e+00 0.000000e+00 0.000000e+00 0.000000e+00 0.000000e+00 0.000000e+00 0.000000e+00 0.000000e+00 0.000000e+00 0.000000e+00 0.000000e+00 0.000000e+00 0.000000e+00 0.000000e+00 0.000000e+00 0.000000e+00 0.000000e+00 4.663881e-06 0.000000e+00 0.000000e+00
SPEC km sel1 meanpt 0.5010 yield 0.15800 2.230958e-01 2.116550e-01 1.863218e-01 1.747642e-01 1.641665e-01 1.408557e-01 1.228316e-01 9.942608e-02 8.816153e-02 6.890292e-02 5.556965e-02 4.515922e-02 3.572801e-02 3.044829e-02 2.409333e-02 1.845292e-02 1.488296e-02 1.202452e-02 9.320505e-03 6.851914e-03 5.381566e-03 4.447092e-03 3.523043e-03 2.799347e-03 2.401569e-03 1.826684e-03 9.559706e-04 1.248088e-03 1.089601e-03 9.280076e-04 6.698366e-04 4.540004e-04 4.651758e-04 3.659108e-04 2.487133e-04 3.107665e-04 2.126961e-04 1.307521e-04 1.910339e-04 1.034431e-04 1.311557e-04 1.181495e-04 6.729888e-05 5.635867e-05 1.377305e-04 6.286159e-05 7.908394e-05 1.720423e-05 3.369900e-05 4.952731e-05 4.854658e-05 4.760392e-05 7.782864e-06 4.582434e-05 1.499451e-05 1.472434e-05 0.000000e+00 3.553047e-05 4.889235e-05 2.060170e-05 6.753725e-06 6.643908e-06 6.537606e-06 6.434651e-06 0.000000e+00 6.238173e-06 0.000000e+00 0.000000e+00 0.000000e+00 0.000000e+00 5.795750e-06 0.000000e+00 0.000000e+00 0.000000e+00 1.096914e-05 0.000000e+00 0.000000e+00 0.000000e+00 0.000000e+00 0.000000e+00 0.000000e+00 0.000000e+00 0.000000e+00 0.000000e+00 0.000000e+00 0.000000e+00 0.000000e+00 0.000000e+00 0.000000e+00 0.000000e+00 0.000000e+00 0.000000e+00 0.000000e+00 0.000000e+00 0.000000e+00 0.000000e+00 0.000000e+00 4.190773e-06 0.000000e+00 0.000000e+00
SPEC p sel0 meanpt 0.5649 yield 0.05255 8.367003e-02 7.578807e-02 6.420765e-02 6.509112e-02 6.164096e-02 5.663436e-02 5.071971e-02 4.680671e-02 3.830418e-02 3.302764e-02 2.745693e-02 2.261780e-02 1.906221e-02 1.674074e-02 1.270103e-02 1.053210e-02 8.433145e-03 6.807934e-03 5.604220e-03 4.593923e-03 3.327281e-03 3.130223e-03 2.081646e-03 2.012415e-03 1.726112e-03 1.444431e-03 9.094568e-04 7.606366e-04 7.658584e-04 7.861406e-04 5.516377e-04 3.320239e-04 4.617242e-04 3.122016e-04 2.372496e-04 1.665203e-04 1.868747e-04 1.333870e-04 1.299224e-04 8.058478e-05 6.736717e-05 5.478656e-05 8.559594e-05 8.362821e-05 4.087446e-05 2.998209e-05 3.911642e-05 2.871969e-05 1.875169e-05 1.837287e-05 3.601809e-05 2.648903e-05 1.732299e-05 1.699919e-05 1.668728e-05 8.193305e-06 0.000000e+00 0.000000e+00 0.000000e+00 0.000000e+00 0.000000e+00 7.393958e-06 0.000000e+00 0.000000e+00 0.000000e+00 0.000000e+00 0.000000e+00 0.000000e+00 6.638371e-06 1.308571e-05 0.000000e+00 0.000000e+00 0.000000e+00 0.000000e+00 0.000000e+00 0.000000e+00 0.000000e+00 0.000000e+00 5.792719e-06 0.000000e+00 0.000000e+00 0.000000e+00 0.000000e+00 0.000000e+00 0.000000e+00 0.000000e+00 0.000000e+00 0.000000e+00 0.000000e+00 0.000000e+00 0.000000e+00 0.000000e+00 0.000000e+00 0.000000e+00 0.000000e+00 0.000000e+00 0.000000e+00 0.000000e+00 0.000000e+00 0.000000e+00
SPEC p sel1 meanpt 0.5651 yield 0.09016 9.888128e-02 8.580607e-02 8.270071e-02 7.891824e-02 7.245846e-02 6.767908e-02 5.959279e-02 5.388077e-02 4.629202e-02 4.017187e-02 3.377763e-02 2.785588e-02 2.350269e-02 1.958255e-02 1.600586e-02 1.236346e-02 9.905463e-03 8.031915e-03 6.802644e-03 5.720405e-03 4.185662e-03 3.800933e-03 2.651362e-03 2.329891e-03 1.851210e-03 1.778613e-03 1.063903e-03 1.054932e-03 9.318955e-04 8.033498e-04 6.296464e-04 4.150861e-04 4.777481e-04 3.415167e-04 2.842437e-04 1.956678e-04 2.462797e-04 1.634401e-04 1.485819e-04 9.309881e-05 1.008890e-04 6.892054e-05 8.652713e-05 9.393111e-05 4.591015e-05 4.490114e-05 4.393552e-05 4.301056e-05 3.369900e-05 1.650910e-05 2.427329e-05 2.380196e-05 2.334859e-05 1.527478e-05 1.499451e-05 7.362168e-06 7.231865e-06 0.000000e+00 0.000000e+00 0.000000e+00 1.350745e-05 6.643908e-06 0.000000e+00 0.000000e+00 0.000000e+00 0.000000e+00 0.000000e+00 0.000000e+00 1.192994e-05 1.175828e-05 0.000000e+00 0.000000e+00 0.000000e+00 0.000000e+00 0.000000e+00 5.411925e-06 0.000000e+00 0.000000e+00 5.205100e-06 0.000000e+00 0.000000e+00 0.000000e+00 0.000000e+00 0.000000e+00 0.000000e+00 0.000000e+00 0.000000e+00 0.000000e+00 0.000000e+00 0.000000e+00 0.000000e+00 0.000000e+00 0.000000e+00 0.000000e+00 0.000000e+00 0.000000e+00 0.000000e+00 0.000000e+00 0.000000e+00 0.000000e+00
SPEC pbar sel0 meanpt 0.5544 yield 0.04729 5.820524e-02 5.941785e-02 6.930061e-02 5.794539e-02 5.810419e-02 5.216975e-02 4.526297e-02 4.080430e-02 3.514783e-02 3.077793e-02 2.546479e-02 2.155017e-02 1.822551e-02 1.364185e-02 1.219927e-02 9.329267e-03 8.185111e-03 5.924462e-03 4.842243e-03 3.777744e-03 3.172008e-03 2.432268e-03 1.677443e-03 1.606062e-03 1.132181e-03 9.451218e-04 8.408186e-04 8.433145e-04 5.903492e-04 4.624357e-04 2.981826e-04 3.031523e-04 2.378579e-04 2.171837e-04 2.504301e-04 2.177573e-04 1.868747e-04 1.212609e-04 1.535447e-04 1.036090e-04 4.491145e-05 7.670118e-05 4.279797e-05 5.226763e-05 7.153031e-05 1.998806e-05 1.955821e-05 1.914646e-05 9.375843e-06 4.593216e-05 2.701357e-05 0.000000e+00 8.661494e-06 8.499596e-06 1.668728e-05 0.000000e+00 8.048290e-06 0.000000e+00 7.773135e-06 7.642494e-06 0.000000e+00 7.393958e-06 7.275655e-06 0.000000e+00 0.000000e+00 0.000000e+00 0.000000e+00 0.000000e+00 0.000000e+00 0.000000e+00 0.000000e+00 0.000000e+00 0.000000e+00 0.000000e+00 0.000000e+00 0.000000e+00 0.000000e+00 0.000000e+00 0.000000e+00 0.000000e+00 0.000000e+00 0.000000e+00 0.000000e+00 0.000000e+00 0.000000e+00 0.000000e+00 0.000000e+00 0.000000e+00 0.000000e+00 0.000000e+00 0.000000e+00 0.000000e+00 0.000000e+00 0.000000e+00 4.811941e-06 0.000000e+00 0.000000e+00 0.000000e+00 0.000000e+00 0.000000e+00
SPEC pbar sel1 meanpt 0.5588 yield 0.08171 7.599966e-02 7.245846e-02 8.024911e-02 6.899509e-02 6.701046e-02 6.151293e-02 5.374666e-02 5.012164e-02 4.302321e-02 3.569877e-02 3.117037e-02 2.643467e-02 2.291431e-02 1.700988e-02 1.490687e-02 1.149353e-02 9.360663e-03 7.284760e-03 5.786664e-03 4.693666e-03 3.846823e-03 2.945723e-03 2.197362e-03 2.086470e-03 1.500981e-03 1.233813e-03 1.079322e-03 1.040074e-03 8.315376e-04 6.371395e-04 3.885052e-04 4.280575e-04 2.891633e-04 2.439405e-04 3.434612e-04 2.301974e-04 2.015015e-04 1.307521e-04 1.698079e-04 1.241318e-04 5.044449e-05 7.876633e-05 5.768476e-05 5.635867e-05 7.345624e-05 1.796045e-05 2.636131e-05 1.720423e-05 1.684950e-05 4.127276e-05 2.427329e-05 0.000000e+00 7.782864e-06 7.637390e-06 1.499451e-05 0.000000e+00 7.231865e-06 7.106093e-06 6.984621e-06 6.867233e-06 6.753725e-06 6.643908e-06 1.307521e-05 0.000000e+00 0.000000e+00 0.000000e+00 0.000000e+00 0.000000e+00 0.000000e+00 0.000000e+00 0.000000e+00 0.000000e+00 0.000000e+00 0.000000e+00 0.000000e+00 0.000000e+00 0.000000e+00 0.000000e+00 0.000000e+00 0.000000e+00 0.000000e+00 0.000000e+00 0.000000e+00 0.000000e+00 0.000000e+00 0.000000e+00 0.000000e+00 0.000000e+00 0.000000e+00 0.000000e+00 0.000000e+00 0.000000e+00 0.000000e+00 0.000000e+00 4.323813e-06 0.000000e+00 0.000000e+00 0.000000e+00 0.000000e+00 0.000000e+00
SPEC pinc sel0 meanpt 0.5468 yield 0.07407 1.182294e-01 1.155010e-01 9.840323e-02 9.822134e-02 9.438141e-02 8.664643e-02 7.548492e-02 6.529900e-02 5.467440e-02 4.781828e-02 3.910664e-02 3.119832e-02 2.655614e-02 2.223117e-02 1.671519e-02 1.378854e-02 1.091348e-02 8.912677e-03 7.152755e-03 5.946448e-03 4.369829e-03 4.420383e-03 2.890052e-03 2.534869e-03 2.115879e-03 1.729751e-03 1.201169e-03 9.425280e-04 9.573230e-04 9.711149e-04 7.305473e-04 4.763821e-04 5.736574e-04 4.072195e-04 2.899717e-04 2.177573e-04 2.367079e-04 1.818914e-04 1.535447e-04 1.036090e-04 8.982290e-05 8.765849e-05 1.069949e-04 9.408174e-05 5.109308e-05 5.996419e-05 6.845374e-05 2.871969e-05 3.750337e-05 2.755930e-05 3.601809e-05 2.648903e-05 1.732299e-05 1.699919e-05 2.503092e-05 8.193305e-06 8.048290e-06 7.908320e-06 0.000000e+00 7.642494e-06 0.000000e+00 7.393958e-06 0.000000e+00 0.000000e+00 0.000000e+00 0.000000e+00 0.000000e+00 0.000000e+00 6.638371e-06 1.308571e-05 0.000000e+00 0.000000e+00 0.000000e+00 6.186781e-06 0.000000e+00 0.000000e+00 0.000000e+00 0.000000e+00 5.792719e-06 0.000000e+00 0.000000e+00 0.000000e+00 0.000000e+00 0.000000e+00 0.000000e+00 0.000000e+00 0.000000e+00 0.000000e+00 0.000000e+00 0.000000e+00 0.000000e+00 0.000000e+00 0.000000e+00 0.000000e+00 0.000000e+00 0.000000e+00 0.000000e+00 0.000000e+00 0.000000e+00 0.000000e+00
SPEC pinc sel1 meanpt 0.5465 yield 0.12721 1.487305e-01 1.334761e-01 1.260123e-01 1.190778e-01 1.102313e-01 1.024473e-01 9.045783e-02 7.708927e-02 6.657782e-02 5.681695e-02 4.708633e-02 3.865715e-02 3.262265e-02 2.639256e-02 2.065545e-02 1.644946e-02 1.285234e-02 1.046017e-02 8.569564e-03 7.417668e-03 5.401497e-03 5.226284e-03 3.632003e-03 3.077543e-03 2.368214e-03 2.163178e-03 1.403118e-03 1.292663e-03 1.218633e-03 1.011113e-03 8.172007e-04 5.837148e-04 6.286159e-04 4.512899e-04 3.434612e-04 2.532171e-04 3.022523e-04 2.179202e-04 1.698079e-04 1.241318e-04 1.210668e-04 9.845792e-05 1.057554e-04 1.127173e-04 5.509218e-05 8.082205e-05 7.029683e-05 6.021479e-05 5.897325e-05 2.476366e-05 3.236438e-05 2.380196e-05 2.334859e-05 1.527478e-05 2.249176e-05 7.362168e-06 1.446373e-05 7.106093e-06 0.000000e+00 6.867233e-06 1.350745e-05 6.643908e-06 0.000000e+00 0.000000e+00 0.000000e+00 0.000000e+00 0.000000e+00 0.000000e+00 1.192994e-05 1.175828e-05 0.000000e+00 0.000000e+00 0.000000e+00 5.559188e-06 0.000000e+00 5.411925e-06 0.000000e+00 0.000000e+00 5.205100e-06 0.000000e+00 0.000000e+00 0.000000e+00 0.000000e+00 0.000000e+00 0.000000e+00 0.000000e+00 0.000000e+00 0.000000e+00 0.000000e+00 0.000000e+00 0.000000e+00 0.000000e+00 0.000000e+00 0.000000e+00 0.000000e+00 0.000000e+00 0.000000e+00 0.000000e+00 0.000000e+00 0.000000e+00
SPEC pbarinc sel0 meanpt 0.5333 yield 0.06717 8.912677e-02 1.015560e-01 9.712999e-02 9.302444e-02 8.710575e-02 7.730383e-02 6.855905e-02 6.050919e-02 5.034111e-02 4.408472e-02 3.581528e-02 3.040749e-02 2.542841e-02 1.815545e-02 1.709152e-02 1.235101e-02 1.074813e-02 7.899282e-03 6.513677e-03 4.827117e-03 4.059283e-03 3.024473e-03 2.465638e-03 2.012415e-03 1.447707e-03 1.141279e-03 1.029574e-03 1.025206e-03 6.860815e-04 5.857518e-04 4.174556e-04 3.608956e-04 2.938245e-04 2.443317e-04 2.767912e-04 2.433758e-04 2.242496e-04 1.333870e-04 1.771669e-04 1.266332e-04 5.613931e-05 8.765849e-05 4.279797e-05 7.317469e-05 7.153031e-05 2.998209e-05 4.889553e-05 1.914646e-05 1.875169e-05 4.593216e-05 2.701357e-05 0.000000e+00 8.661494e-06 8.499596e-06 2.503092e-05 0.000000e+00 8.048290e-06 0.000000e+00 1.554627e-05 7.642494e-06 0.000000e+00 7.393958e-06 7.275655e-06 0.000000e+00 0.000000e+00 0.000000e+00 0.000000e+00 0.000000e+00 0.000000e+00 0.000000e+00 0.000000e+00 0.000000e+00 0.000000e+00 0.000000e+00 0.000000e+00 0.000000e+00 0.000000e+00 0.000000e+00 0.000000e+00 0.000000e+00 0.000000e+00 0.000000e+00 0.000000e+00 0.000000e+00 0.000000e+00 0.000000e+00 0.000000e+00 0.000000e+00 0.000000e+00 0.000000e+00 0.000000e+00 0.000000e+00 0.000000e+00 0.000000e+00 4.811941e-06 0.000000e+00 0.000000e+00 0.000000e+00 0.000000e+00 0.000000e+00
SPEC pbarinc sel1 meanpt 0.5366 yield 0.11620 1.135909e-01 1.217629e-01 1.153887e-01 1.117230e-01 1.034213e-01 9.256655e-02 8.128004e-02 7.447422e-02 6.157848e-02 5.217181e-02 4.408992e-02 3.641873e-02 3.141319e-02 2.245789e-02 1.997915e-02 1.528956e-02 1.248088e-02 9.619620e-03 7.818623e-03 5.950897e-03 5.002863e-03 3.686905e-03 3.123523e-03 2.642862e-03 1.934598e-03 1.570307e-03 1.310605e-03 1.262947e-03 9.605692e-04 7.894990e-04 4.956791e-04 5.058861e-04 3.520249e-04 2.683346e-04 3.789916e-04 2.877467e-04 2.686687e-04 1.743361e-04 2.016469e-04 1.655090e-04 6.053338e-05 8.861212e-05 6.729888e-05 7.514489e-05 7.345624e-05 3.592091e-05 5.272263e-05 1.720423e-05 3.369900e-05 4.127276e-05 2.427329e-05 0.000000e+00 1.556573e-05 7.637390e-06 2.249176e-05 0.000000e+00 7.231865e-06 7.106093e-06 1.396924e-05 6.867233e-06 6.753725e-06 6.643908e-06 1.307521e-05 0.000000e+00 0.000000e+00 0.000000e+00 0.000000e+00 0.000000e+00 0.000000e+00 0.000000e+00 0.000000e+00 0.000000e+00 0.000000e+00 0.000000e+00 0.000000e+00 0.000000e+00 0.000000e+00 0.000000e+00 0.000000e+00 0.000000e+00 0.000000e+00 0.000000e+00 0.000000e+00 0.000000e+00 0.000000e+00 0.000000e+00 0.000000e+00 0.000000e+00 0.000000e+00 0.000000e+00 0.000000e+00 0.000000e+00 0.000000e+00 0.000000e+00 4.323813e-06 0.000000e+00 0.000000e+00 0.000000e+00 0.000000e+00 0.000000e+00
SPEC chpm sel0eta05 meanpt 0.4492 yield 2.10615 3.151904e+00 3.138960e+00 3.440039e+00 3.116618e+00 2.634616e+00 2.159935e+00 1.747178e+00 1.385921e+00 1.105322e+00 8.748831e-01 6.883679e-01 5.399643e-01 4.236577e-01 3.253599e-01 2.584018e-01 1.992209e-01 1.576888e-01 1.207759e-01 9.458105e-02 7.247671e-02 5.585174e-02 4.499273e-02 3.471700e-02 2.748301e-02 2.267146e-02 1.808749e-02 1.454616e-02 1.187585e-02 8.823327e-03 7.736549e-03 6.314016e-03 5.214219e-03 4.613045e-03 3.639185e-03 3.044703e-03 2.698909e-03 2.372063e-03 1.604282e-03 1.785842e-03 1.313532e-03 1.123909e-03 9.434245e-04 8.762884e-04 7.244294e-04 5.937016e-04 5.526699e-04 5.202484e-04 4.020756e-04 2.559605e-04 3.215251e-04 3.025520e-04 1.730617e-04 2.061435e-04 2.022904e-04 1.693759e-04 1.663241e-04 9.577466e-05 1.605389e-04 1.251475e-04 6.419695e-05 5.787452e-05 4.658193e-05 4.583662e-05 7.017856e-05 1.480511e-05 4.373724e-05 2.871969e-05 3.772562e-05 3.252802e-05 2.747999e-05 2.257517e-05 1.335566e-05 1.317144e-05 2.165373e-05 2.136308e-05 1.686410e-05 4.160914e-06 8.214449e-06 4.054903e-06 4.003898e-06 0.000000e+00 1.562257e-05 3.858302e-06 0.000000e+00 3.766981e-06 1.116877e-05 3.679883e-06 3.637827e-06 7.193444e-06 3.556535e-06 0.000000e+00 3.478797e-06 0.000000e+00 3.404384e-06 3.368359e-06 3.333088e-06 0.000000e+00 3.264717e-06 0.000000e+00 3.199094e-06
