# gen_world fine_p2.55_s0.400_k0.270_q0.110 mode set MultipartonInteractions:pT0Ref=2.55;StringPT:sigma=0.400;StringFlav:probStoUD=0.27;StringFlav:probQQtoQ=0.11 nev 200000 seed 20260936
SUMMARY nev 200000 nnsd 155585 dnde 2.1359 eps 0.5056 classN 16.8698 15.2405 7.4452 1.2713 meanpt_ch05 0.4745
SPEC pip sel0 meanpt 0.4142 yield 0.74651 2.945731e+00 2.744438e+00 2.230534e+00 1.798386e+00 1.390762e+00 1.058773e+00 8.176716e-01 6.593562e-01 4.928721e-01 3.893911e-01 3.062271e-01 2.472932e-01 1.863659e-01 1.463215e-01 1.157833e-01 8.716117e-02 7.159905e-02 5.503513e-02 4.279363e-02 3.288036e-02 2.584188e-02 1.909859e-02 1.467257e-02 1.259694e-02 9.595697e-03 8.131614e-03 6.640751e-03 5.258314e-03 4.148400e-03 3.576169e-03 2.937098e-03 2.410782e-03 2.196688e-03 1.343824e-03 1.423498e-03 1.306544e-03 1.108790e-03 8.003220e-04 6.968565e-04 5.525814e-04 4.940259e-04 4.930790e-04 3.316843e-04 3.345129e-04 2.861212e-04 3.098150e-04 2.151403e-04 1.914646e-04 1.781410e-04 8.267789e-05 1.260633e-04 6.180774e-05 6.063045e-05 5.099758e-05 5.840548e-05 6.554644e-05 4.828974e-05 1.581664e-05 6.218508e-05 5.349746e-05 3.006469e-05 3.696979e-05 7.275655e-06 7.161077e-06 2.115016e-05 2.776967e-05 1.367604e-05 6.736717e-06 1.327674e-05 1.308571e-05 1.290010e-05 6.359838e-06 1.254423e-05 1.237356e-05 1.220747e-05 1.806868e-05 0.000000e+00 0.000000e+00 0.000000e+00 1.143971e-05 0.000000e+00 5.579490e-06 0.000000e+00 0.000000e+00 5.381401e-06 0.000000e+00 0.000000e+00 0.000000e+00 5.138174e-06 0.000000e+00 0.000000e+00 0.000000e+00 0.000000e+00 0.000000e+00 4.811941e-06 0.000000e+00 0.000000e+00 0.000000e+00 0.000000e+00 0.000000e+00
SPEC pip sel1 meanpt 0.4161 yield 1.26407 3.527934e+00 3.265241e+00 2.645091e+00 2.122699e+00 1.643350e+00 1.246357e+00 9.678007e-01 7.695276e-01 5.848359e-01 4.657308e-01 3.619862e-01 2.875277e-01 2.215127e-01 1.755829e-01 1.342669e-01 1.066767e-01 8.372032e-02 6.497748e-02 5.126891e-02 3.905028e-02 3.191589e-02 2.346589e-02 1.824025e-02 1.533983e-02 1.254256e-02 1.015725e-02 7.982833e-03 6.234387e-03 5.182923e-03 4.480154e-03 3.622233e-03 2.922701e-03 2.467659e-03 1.819927e-03 1.755315e-03 1.556029e-03 1.356453e-03 9.274704e-04 8.608682e-04 6.733311e-04 5.556740e-04 5.817231e-04 4.525029e-04 3.950685e-04 4.413607e-04 3.417312e-04 2.375873e-04 2.239712e-04 1.856066e-04 1.405258e-04 1.296406e-04 9.534247e-05 9.352643e-05 9.942646e-05 7.507855e-05 8.109837e-05 6.517881e-05 3.558071e-05 8.393397e-05 5.501555e-05 4.057965e-05 3.326651e-05 1.964055e-05 1.933125e-05 1.903154e-05 2.498798e-05 1.230611e-05 1.212380e-05 1.792021e-05 1.177491e-05 1.741183e-05 5.722771e-06 1.128767e-05 1.113410e-05 1.647697e-05 1.625873e-05 5.348734e-06 0.000000e+00 0.000000e+00 1.544068e-05 0.000000e+00 1.004118e-05 0.000000e+00 0.000000e+00 9.684689e-06 0.000000e+00 0.000000e+00 0.000000e+00 4.623482e-06 0.000000e+00 0.000000e+00 0.000000e+00 0.000000e+00 0.000000e+00 4.329927e-06 0.000000e+00 0.000000e+00 0.000000e+00 4.154093e-06 0.000000e+00
SPEC pim sel0 meanpt 0.4143 yield 0.73394 2.990294e+00 2.659858e+00 2.237446e+00 1.748496e+00 1.339428e+00 1.057864e+00 8.117252e-01 6.264945e-01 4.879503e-01 3.897740e-01 2.954435e-01 2.370124e-01 1.893853e-01 1.410332e-01 1.133058e-01 8.906809e-02 7.044156e-02 5.324220e-02 4.126968e-02 3.318351e-02 2.668479e-02 2.112901e-02 1.568308e-02 1.228734e-02 9.781301e-03 8.898411e-03 6.160283e-03 5.208707e-03 4.196266e-03 3.221635e-03 2.743280e-03 2.165373e-03 2.084755e-03 1.669600e-03 1.107165e-03 8.966476e-04 1.009123e-03 8.124481e-04 6.141786e-04 5.986298e-04 4.715702e-04 3.835059e-04 4.172802e-04 1.568029e-04 2.043723e-04 2.098747e-04 2.542567e-04 1.053055e-04 1.406377e-04 1.561694e-04 1.350678e-04 6.180774e-05 5.196896e-05 9.349556e-05 7.509276e-05 5.735313e-05 5.633803e-05 6.326656e-05 3.886568e-05 3.056998e-05 2.254852e-05 3.696979e-05 7.275655e-06 1.432215e-05 1.410011e-05 1.388484e-05 6.838021e-06 6.736717e-06 0.000000e+00 1.308571e-05 1.290010e-05 1.907951e-05 0.000000e+00 0.000000e+00 0.000000e+00 6.022893e-06 0.000000e+00 5.867463e-06 0.000000e+00 1.143971e-05 0.000000e+00 5.579490e-06 0.000000e+00 0.000000e+00 0.000000e+00 5.318461e-06 0.000000e+00 1.039379e-05 5.138174e-06 0.000000e+00 5.024623e-06 0.000000e+00 4.915983e-06 0.000000e+00 0.000000e+00 0.000000e+00 0.000000e+00 0.000000e+00 0.000000e+00 0.000000e+00
SPEC pim sel1 meanpt 0.4164 yield 1.24200 3.530389e+00 3.152308e+00 2.630688e+00 2.068688e+00 1.585156e+00 1.246729e+00 9.628276e-01 7.323197e-01 5.785297e-01 4.600885e-01 3.511917e-01 2.804827e-01 2.231166e-01 1.686117e-01 1.357343e-01 1.055416e-01 8.498505e-02 6.359797e-02 4.921196e-02 3.999454e-02 3.135702e-02 2.550226e-02 1.891312e-02 1.499159e-02 1.182441e-02 1.054235e-02 7.380647e-03 6.502212e-03 5.082423e-03 4.064040e-03 3.367335e-03 2.714864e-03 2.442479e-03 2.027569e-03 1.375787e-03 1.175667e-03 1.199508e-03 9.602046e-04 7.545882e-04 7.044079e-04 5.960866e-04 5.225648e-04 5.006415e-04 2.539726e-04 2.666554e-04 2.697878e-04 2.903845e-04 1.722855e-04 2.784099e-04 2.066556e-04 1.377431e-04 7.945206e-05 1.013203e-04 9.177827e-05 8.258641e-05 9.584352e-05 7.242091e-05 5.692913e-05 5.595598e-05 3.438472e-05 2.705310e-05 3.991982e-05 1.964055e-05 1.288750e-05 2.537539e-05 2.498798e-05 1.230611e-05 6.061898e-06 1.194681e-05 1.177491e-05 1.741183e-05 1.144554e-05 0.000000e+00 0.000000e+00 5.492324e-06 5.419578e-06 0.000000e+00 1.055944e-05 5.212460e-06 1.029379e-05 0.000000e+00 5.020590e-06 4.959735e-06 0.000000e+00 0.000000e+00 4.785709e-06 0.000000e+00 9.352643e-06 4.623482e-06 0.000000e+00 4.521305e-06 0.000000e+00 4.423547e-06 0.000000e+00 0.000000e+00 0.000000e+00 0.000000e+00 0.000000e+00 0.000000e+00 0.000000e+00
SPEC kp sel0 meanpt 0.5400 yield 0.09706 1.637022e-01 1.564266e-01 1.542439e-01 1.368083e-01 1.236861e-01 1.086388e-01 9.339422e-02 8.724722e-02 7.243556e-02 5.897109e-02 5.032328e-02 4.397026e-02 3.430471e-02 2.701424e-02 2.317547e-02 1.807179e-02 1.529541e-02 1.192688e-02 9.291207e-03 7.205696e-03 6.543653e-03 4.906837e-03 4.082451e-03 3.212124e-03 2.394284e-03 2.032903e-03 1.750275e-03 1.074813e-03 1.212609e-03 9.094568e-04 6.112743e-04 5.052538e-04 5.876490e-04 5.293853e-04 2.899717e-04 3.586590e-04 3.488328e-04 2.303957e-04 2.126003e-04 1.496575e-04 1.122786e-04 1.095731e-04 1.069949e-04 6.272116e-05 1.021862e-04 3.997612e-05 6.845374e-05 3.829292e-05 4.687922e-05 6.430503e-05 4.502261e-05 4.414839e-05 4.330747e-05 0.000000e+00 1.668728e-05 8.193305e-06 8.048290e-06 1.581664e-05 1.554627e-05 2.292748e-05 7.516172e-06 2.218187e-05 0.000000e+00 7.161077e-06 0.000000e+00 1.388484e-05 0.000000e+00 0.000000e+00 1.327674e-05 1.308571e-05 1.290010e-05 6.359838e-06 0.000000e+00 0.000000e+00 6.103737e-06 0.000000e+00 0.000000e+00 0.000000e+00 5.792719e-06 0.000000e+00 0.000000e+00 0.000000e+00 0.000000e+00 0.000000e+00 5.381401e-06 0.000000e+00 0.000000e+00 0.000000e+00 0.000000e+00 0.000000e+00 0.000000e+00 0.000000e+00 0.000000e+00 0.000000e+00 0.000000e+00 0.000000e+00 0.000000e+00 0.000000e+00 0.000000e+00 0.000000e+00
SPEC kp sel1 meanpt 0.5429 yield 0.16483 2.013156e-01 1.874036e-01 1.851122e-01 1.627360e-01 1.477588e-01 1.298211e-01 1.116112e-01 9.951212e-02 8.640879e-02 6.930185e-02 6.149363e-02 4.995531e-02 4.016492e-02 3.164311e-02 2.745726e-02 2.180523e-02 1.815263e-02 1.419264e-02 1.130216e-02 8.813067e-03 7.445046e-03 5.918809e-03 4.746466e-03 3.935075e-03 2.906000e-03 2.503207e-03 2.177136e-03 1.487920e-03 1.679784e-03 1.137376e-03 7.512779e-04 6.494891e-04 7.050454e-04 6.229279e-04 3.795275e-04 4.034150e-04 3.363108e-04 3.273425e-04 2.444441e-04 2.071788e-04 2.020633e-04 1.577554e-04 1.732990e-04 7.525115e-05 1.747053e-04 4.496463e-05 8.799529e-05 4.307138e-05 5.905664e-05 7.439602e-05 4.051268e-05 3.972603e-05 3.896934e-05 0.000000e+00 2.252357e-05 7.372579e-06 1.448418e-05 2.134842e-05 1.398900e-05 2.063083e-05 1.352655e-05 1.995991e-05 6.546850e-06 1.288750e-05 1.268769e-05 1.874098e-05 0.000000e+00 6.061898e-06 1.194681e-05 1.177491e-05 1.160789e-05 5.722771e-06 0.000000e+00 0.000000e+00 1.098465e-05 0.000000e+00 0.000000e+00 0.000000e+00 5.212460e-06 0.000000e+00 0.000000e+00 0.000000e+00 0.000000e+00 0.000000e+00 4.842345e-06 4.785709e-06 0.000000e+00 0.000000e+00 0.000000e+00 0.000000e+00 0.000000e+00 0.000000e+00 0.000000e+00 0.000000e+00 0.000000e+00 0.000000e+00 0.000000e+00 0.000000e+00 0.000000e+00 0.000000e+00
SPEC km sel0 meanpt 0.5405 yield 0.09284 1.700684e-01 1.579423e-01 1.360547e-01 1.284933e-01 1.210588e-01 1.051663e-01 9.003622e-02 8.433696e-02 6.778128e-02 5.911469e-02 4.672876e-02 4.100464e-02 3.186737e-02 2.566689e-02 2.342635e-02 1.792510e-02 1.325602e-02 1.143317e-02 8.480070e-03 7.415571e-03 5.811651e-03 4.526134e-03 3.860139e-03 3.154074e-03 2.598448e-03 1.943741e-03 1.527201e-03 1.074813e-03 1.148788e-03 8.940423e-04 7.156382e-04 6.063045e-04 5.456741e-04 3.664975e-04 5.404019e-04 3.458498e-04 2.865412e-04 2.546479e-04 2.834671e-04 2.072180e-04 1.459622e-04 1.205304e-04 9.629543e-05 7.317469e-05 7.153031e-05 9.994031e-05 1.955821e-05 6.701261e-05 1.875169e-05 3.674573e-05 2.701357e-05 5.297807e-05 1.732299e-05 1.699919e-05 2.503092e-05 0.000000e+00 1.609658e-05 7.908320e-06 7.773135e-06 1.528499e-05 0.000000e+00 7.393958e-06 0.000000e+00 0.000000e+00 0.000000e+00 6.942418e-06 0.000000e+00 1.347343e-05 6.638371e-06 6.542855e-06 1.290010e-05 6.359838e-06 0.000000e+00 0.000000e+00 0.000000e+00 0.000000e+00 0.000000e+00 0.000000e+00 0.000000e+00 0.000000e+00 0.000000e+00 0.000000e+00 0.000000e+00 0.000000e+00 0.000000e+00 0.000000e+00 0.000000e+00 0.000000e+00 0.000000e+00 0.000000e+00 0.000000e+00 0.000000e+00 0.000000e+00 0.000000e+00 0.000000e+00 0.000000e+00 0.000000e+00 0.000000e+00 0.000000e+00 4.570135e-06
SPEC km sel1 meanpt 0.5436 yield 0.15856 1.874036e-01 1.819479e-01 1.651443e-01 1.515128e-01 1.467586e-01 1.258037e-01 1.067011e-01 9.978490e-02 8.019891e-02 6.951721e-02 5.444017e-02 4.849650e-02 3.911743e-02 3.155218e-02 2.788055e-02 2.133006e-02 1.649112e-02 1.412249e-02 1.017416e-02 9.022902e-03 6.926088e-03 5.652367e-03 5.073809e-03 3.656485e-03 2.956103e-03 2.583438e-03 1.806560e-03 1.428404e-03 1.363927e-03 9.431902e-04 9.659287e-04 7.014482e-04 6.295048e-04 5.129994e-04 6.285925e-04 4.610458e-04 3.811522e-04 2.509626e-04 3.400961e-04 2.693324e-04 1.919601e-04 1.478957e-04 1.059049e-04 6.584475e-05 1.011452e-04 1.079151e-04 3.519812e-05 6.029993e-05 3.374665e-05 4.133112e-05 3.241015e-05 5.561644e-05 7.793869e-06 1.529638e-05 4.504713e-05 0.000000e+00 2.172627e-05 7.116141e-06 6.994498e-06 1.375389e-05 0.000000e+00 6.653303e-06 0.000000e+00 0.000000e+00 6.343847e-06 6.246994e-06 0.000000e+00 1.818569e-05 5.973403e-06 5.887455e-06 1.160789e-05 5.722771e-06 0.000000e+00 0.000000e+00 0.000000e+00 0.000000e+00 0.000000e+00 0.000000e+00 0.000000e+00 0.000000e+00 0.000000e+00 0.000000e+00 0.000000e+00 0.000000e+00 4.842345e-06 0.000000e+00 0.000000e+00 0.000000e+00 0.000000e+00 0.000000e+00 0.000000e+00 0.000000e+00 0.000000e+00 0.000000e+00 0.000000e+00 0.000000e+00 0.000000e+00 0.000000e+00 0.000000e+00 4.112343e-06
SPEC p sel0 meanpt 0.5997 yield 0.05276 4.911067e-02 6.820926e-02 6.475333e-02 5.872493e-02 5.082853e-02 5.101226e-02 4.806129e-02 4.001610e-02 3.958812e-02 3.269258e-02 2.507502e-02 2.463442e-02 2.000805e-02 1.701021e-02 1.477083e-02 1.235101e-02 9.315043e-03 7.717391e-03 6.341618e-03 4.827117e-03 4.281102e-03 3.341725e-03 2.890052e-03 2.031765e-03 1.948836e-03 1.872411e-03 1.166850e-03 8.929212e-04 8.935014e-04 5.857518e-04 4.472738e-04 2.742806e-04 4.617242e-04 3.936455e-04 3.163328e-04 2.946128e-04 2.117913e-04 8.488264e-05 1.535447e-04 1.036090e-04 1.010508e-04 9.861580e-05 1.283939e-04 6.272116e-05 1.124048e-04 3.997612e-05 2.933732e-05 5.743938e-05 5.625506e-05 1.837287e-05 0.000000e+00 1.765936e-05 3.464597e-05 2.549879e-05 8.343641e-06 0.000000e+00 1.609658e-05 0.000000e+00 7.773135e-06 0.000000e+00 7.516172e-06 7.393958e-06 0.000000e+00 1.432215e-05 7.050053e-06 6.942418e-06 0.000000e+00 6.736717e-06 0.000000e+00 0.000000e+00 6.450048e-06 6.359838e-06 0.000000e+00 6.186781e-06 0.000000e+00 0.000000e+00 0.000000e+00 5.867463e-06 5.792719e-06 0.000000e+00 0.000000e+00 0.000000e+00 1.102372e-05 0.000000e+00 0.000000e+00 0.000000e+00 5.256976e-06 0.000000e+00 0.000000e+00 0.000000e+00 0.000000e+00 0.000000e+00 0.000000e+00 0.000000e+00 0.000000e+00 0.000000e+00 0.000000e+00 0.000000e+00 0.000000e+00 0.000000e+00
SPEC p sel1 meanpt 0.6046 yield 0.09034 6.383179e-02 7.938055e-02 7.332472e-02 6.967719e-02 6.337714e-02 6.003759e-02 5.552232e-02 4.910137e-02 4.587609e-02 3.889346e-02 3.109754e-02 3.052825e-02 2.415788e-02 2.012550e-02 1.741123e-02 1.459842e-02 1.115940e-02 8.721339e-03 7.475795e-03 5.854395e-03 5.249456e-03 4.148876e-03 3.618953e-03 2.472481e-03 2.288057e-03 2.278560e-03 1.405102e-03 1.205216e-03 1.134213e-03 8.738380e-04 5.500427e-04 4.026832e-04 5.539642e-04 4.885709e-04 4.151082e-04 3.457843e-04 2.578383e-04 1.418484e-04 1.700480e-04 1.139483e-04 1.414443e-04 9.859714e-05 1.444158e-04 7.525115e-05 1.103402e-04 4.496463e-05 3.519812e-05 1.033713e-04 5.905664e-05 1.653245e-05 0.000000e+00 1.589041e-05 5.455708e-05 2.294457e-05 3.003142e-05 7.372579e-06 2.172627e-05 1.423228e-05 2.098349e-05 0.000000e+00 1.352655e-05 6.653303e-06 0.000000e+00 1.288750e-05 6.343847e-06 6.246994e-06 0.000000e+00 6.061898e-06 0.000000e+00 0.000000e+00 5.803945e-06 1.144554e-05 0.000000e+00 5.567049e-06 0.000000e+00 0.000000e+00 0.000000e+00 5.279718e-06 5.212460e-06 0.000000e+00 0.000000e+00 0.000000e+00 1.487920e-05 4.900337e-06 0.000000e+00 0.000000e+00 4.730383e-06 0.000000e+00 0.000000e+00 0.000000e+00 0.000000e+00 0.000000e+00 0.000000e+00 0.000000e+00 0.000000e+00 0.000000e+00 0.000000e+00 0.000000e+00 0.000000e+00 0.000000e+00
SPEC pbar sel0 meanpt 0.5967 yield 0.04777 5.456741e-02 6.396513e-02 4.911067e-02 5.183904e-02 5.012118e-02 4.539016e-02 4.281443e-02 3.692395e-02 3.627128e-02 2.948555e-02 2.511833e-02 2.162926e-02 1.786173e-02 1.562918e-02 1.367321e-02 1.035607e-02 8.295349e-03 7.223686e-03 5.776280e-03 3.754424e-03 3.726555e-03 3.341725e-03 2.566689e-03 2.302667e-03 1.818914e-03 1.248274e-03 1.269808e-03 1.091348e-03 7.977691e-04 4.932647e-04 2.981826e-04 2.887165e-04 4.197493e-04 1.764618e-04 2.767912e-04 1.793295e-04 1.993330e-04 1.697653e-04 1.181113e-04 1.611696e-04 1.122786e-04 1.534024e-04 9.629543e-05 2.090705e-05 8.174893e-05 1.998806e-05 1.955821e-05 3.829292e-05 9.375843e-06 0.000000e+00 9.004523e-06 2.648903e-05 8.661494e-06 3.399839e-05 1.668728e-05 0.000000e+00 2.414487e-05 7.908320e-06 1.554627e-05 7.642494e-06 0.000000e+00 7.393958e-06 0.000000e+00 0.000000e+00 0.000000e+00 6.942418e-06 6.838021e-06 6.736717e-06 0.000000e+00 0.000000e+00 0.000000e+00 0.000000e+00 0.000000e+00 0.000000e+00 6.103737e-06 0.000000e+00 0.000000e+00 0.000000e+00 0.000000e+00 0.000000e+00 0.000000e+00 0.000000e+00 0.000000e+00 0.000000e+00 0.000000e+00 0.000000e+00 0.000000e+00 0.000000e+00 0.000000e+00 0.000000e+00 0.000000e+00 0.000000e+00 0.000000e+00 0.000000e+00 0.000000e+00 0.000000e+00 0.000000e+00 0.000000e+00 0.000000e+00 0.000000e+00
SPEC pbar sel1 meanpt 0.5964 yield 0.08100 6.546850e-02 7.228813e-02 5.875798e-02 6.476705e-02 5.964908e-02 5.289557e-02 4.998268e-02 4.408212e-02 4.231383e-02 3.493089e-02 2.930495e-02 2.529788e-02 2.216109e-02 1.894343e-02 1.583096e-02 1.224894e-02 1.066343e-02 8.838247e-03 6.768027e-03 4.742269e-03 4.271420e-03 3.654056e-03 2.964268e-03 2.803305e-03 2.104345e-03 1.460204e-03 1.389662e-03 1.190336e-03 8.614276e-04 6.519109e-04 4.427173e-04 3.896934e-04 5.036038e-04 2.442854e-04 3.439468e-04 2.305229e-04 2.129968e-04 1.854941e-04 1.381640e-04 1.657430e-04 1.111348e-04 1.478957e-04 1.347881e-04 3.762557e-05 7.356011e-05 3.597170e-05 1.759906e-05 4.307138e-05 1.687332e-05 0.000000e+00 8.102537e-06 3.178082e-05 1.558774e-05 3.059276e-05 2.252357e-05 0.000000e+00 2.896836e-05 7.116141e-06 1.398900e-05 6.876943e-06 0.000000e+00 6.653303e-06 1.309370e-05 0.000000e+00 0.000000e+00 6.246994e-06 0.000000e+00 6.061898e-06 0.000000e+00 0.000000e+00 0.000000e+00 0.000000e+00 0.000000e+00 0.000000e+00 5.492324e-06 0.000000e+00 5.348734e-06 0.000000e+00 0.000000e+00 0.000000e+00 0.000000e+00 0.000000e+00 0.000000e+00 0.000000e+00 0.000000e+00 4.785709e-06 0.000000e+00 0.000000e+00 0.000000e+00 0.000000e+00 0.000000e+00 0.000000e+00 0.000000e+00 0.000000e+00 0.000000e+00 0.000000e+00 0.000000e+00 0.000000e+00 0.000000e+00 0.000000e+00
SPEC pinc sel0 meanpt 0.5772 yield 0.07468 1.000402e-01 9.670557e-02 1.031324e-01 8.808739e-02 7.851644e-02 7.994952e-02 6.967838e-02 6.226748e-02 5.397894e-02 4.815335e-02 3.620504e-02 3.440119e-02 2.764749e-02 2.290484e-02 1.985125e-02 1.604751e-02 1.284263e-02 1.003001e-02 8.357171e-03 6.226281e-03 5.589832e-03 4.420383e-03 3.617617e-03 2.650970e-03 2.542767e-03 2.175563e-03 1.544361e-03 1.157490e-03 1.132832e-03 6.936535e-04 5.516377e-04 4.475105e-04 5.456741e-04 4.750894e-04 4.085965e-04 3.586590e-04 2.367079e-04 1.091348e-04 2.007892e-04 1.726817e-04 1.235065e-04 1.205304e-04 1.604924e-04 7.317469e-05 1.124048e-04 5.996419e-05 4.889553e-05 6.701261e-05 8.438259e-05 2.755930e-05 9.004523e-06 1.765936e-05 3.464597e-05 2.549879e-05 8.343641e-06 0.000000e+00 2.414487e-05 7.908320e-06 7.773135e-06 7.642494e-06 7.516172e-06 7.393958e-06 0.000000e+00 2.148323e-05 7.050053e-06 1.388484e-05 0.000000e+00 1.347343e-05 0.000000e+00 0.000000e+00 6.450048e-06 6.359838e-06 0.000000e+00 6.186781e-06 0.000000e+00 0.000000e+00 0.000000e+00 1.173493e-05 5.792719e-06 0.000000e+00 0.000000e+00 0.000000e+00 1.102372e-05 0.000000e+00 0.000000e+00 0.000000e+00 5.256976e-06 0.000000e+00 0.000000e+00 0.000000e+00 0.000000e+00 0.000000e+00 0.000000e+00 0.000000e+00 0.000000e+00 0.000000e+00 0.000000e+00 0.000000e+00 0.000000e+00 0.000000e+00
SPEC pinc sel1 meanpt 0.5803 yield 0.12808 1.260269e-01 1.162066e-01 1.217714e-01 1.033467e-01 9.738439e-02 9.359019e-02 8.108022e-02 7.517966e-02 6.416876e-02 5.633737e-02 4.504856e-02 4.262569e-02 3.338893e-02 2.718761e-02 2.361945e-02 1.927097e-02 1.539998e-02 1.155051e-02 9.842393e-03 7.721925e-03 6.766409e-03 5.423989e-03 4.510052e-03 3.186366e-03 2.972804e-03 2.695762e-03 1.852882e-03 1.502800e-03 1.450070e-03 1.040283e-03 6.707838e-04 6.105197e-04 6.546850e-04 5.740708e-04 5.218504e-04 4.149412e-04 2.802590e-04 1.636712e-04 2.125601e-04 1.761020e-04 1.717538e-04 1.281763e-04 1.925544e-04 8.465754e-05 1.287302e-04 7.194341e-05 6.159671e-05 1.119856e-04 8.436662e-05 2.479867e-05 8.102537e-06 1.589041e-05 5.455708e-05 2.294457e-05 3.003142e-05 7.372579e-06 2.896836e-05 2.134842e-05 2.098349e-05 6.876943e-06 1.352655e-05 6.653303e-06 0.000000e+00 1.933125e-05 6.343847e-06 1.249399e-05 0.000000e+00 1.212380e-05 0.000000e+00 0.000000e+00 5.803945e-06 1.144554e-05 0.000000e+00 5.567049e-06 0.000000e+00 0.000000e+00 0.000000e+00 1.055944e-05 5.212460e-06 0.000000e+00 0.000000e+00 0.000000e+00 1.487920e-05 4.900337e-06 0.000000e+00 0.000000e+00 4.730383e-06 0.000000e+00 0.000000e+00 0.000000e+00 0.000000e+00 0.000000e+00 0.000000e+00 0.000000e+00 0.000000e+00 0.000000e+00 0.000000e+00 0.000000e+00 0.000000e+00 0.000000e+00
SPEC pbarinc sel0 meanpt 0.5751 yield 0.06879 8.367003e-02 9.276460e-02 8.257868e-02 8.276057e-02 7.871854e-02 6.928407e-02 6.597060e-02 5.729578e-02 5.199953e-02 4.365393e-02 3.655150e-02 2.989345e-02 2.477360e-02 2.085014e-02 1.922404e-02 1.399390e-02 1.118907e-02 9.328429e-03 8.111372e-03 5.410102e-03 4.769103e-03 4.356933e-03 3.415516e-03 2.863821e-03 2.282922e-03 1.480096e-03 1.733116e-03 1.471666e-03 9.732783e-04 6.165809e-04 4.621830e-04 3.608956e-04 5.596657e-04 2.714796e-04 3.954160e-04 2.561850e-04 2.491663e-04 1.940175e-04 1.417335e-04 1.957059e-04 1.459622e-04 1.643597e-04 1.176944e-04 4.181411e-05 9.196754e-05 2.998209e-05 3.911642e-05 3.829292e-05 9.375843e-06 1.837287e-05 1.800905e-05 3.531871e-05 1.732299e-05 4.249798e-05 3.337456e-05 0.000000e+00 2.414487e-05 7.908320e-06 1.554627e-05 7.642494e-06 0.000000e+00 7.393958e-06 0.000000e+00 7.161077e-06 0.000000e+00 6.942418e-06 6.838021e-06 6.736717e-06 0.000000e+00 0.000000e+00 0.000000e+00 0.000000e+00 0.000000e+00 0.000000e+00 6.103737e-06 0.000000e+00 0.000000e+00 0.000000e+00 0.000000e+00 0.000000e+00 0.000000e+00 0.000000e+00 0.000000e+00 5.445849e-06 0.000000e+00 0.000000e+00 0.000000e+00 0.000000e+00 0.000000e+00 0.000000e+00 0.000000e+00 0.000000e+00 0.000000e+00 0.000000e+00 0.000000e+00 0.000000e+00 0.000000e+00 0.000000e+00 0.000000e+00 0.000000e+00
SPEC pbarinc sel1 meanpt 0.5760 yield 0.11682 1.039312e-01 1.080230e-01 9.689338e-02 1.011254e-01 9.338354e-02 8.250519e-02 7.736614e-02 6.792357e-02 5.988442e-02 5.022123e-02 4.271040e-02 3.579419e-02 3.077019e-02 2.545997e-02 2.285754e-02 1.657831e-02 1.440803e-02 1.134008e-02 9.576980e-03 6.882586e-03 5.449055e-03 4.834011e-03 4.055410e-03 3.482367e-03 2.672184e-03 1.765082e-03 1.914645e-03 1.666471e-03 1.076785e-03 8.322267e-04 6.305368e-04 4.806219e-04 6.295048e-04 3.908567e-04 4.744094e-04 3.112059e-04 2.914693e-04 2.182283e-04 1.700480e-04 1.968199e-04 1.414443e-04 1.774748e-04 1.540435e-04 5.643836e-05 9.195014e-05 4.496463e-05 3.519812e-05 4.307138e-05 1.687332e-05 1.653245e-05 1.620507e-05 3.972603e-05 2.338161e-05 3.824095e-05 3.753928e-05 0.000000e+00 3.621045e-05 7.116141e-06 1.398900e-05 1.375389e-05 0.000000e+00 6.653303e-06 1.964055e-05 6.443750e-06 0.000000e+00 6.246994e-06 0.000000e+00 6.061898e-06 0.000000e+00 0.000000e+00 0.000000e+00 0.000000e+00 0.000000e+00 0.000000e+00 5.492324e-06 0.000000e+00 5.348734e-06 0.000000e+00 0.000000e+00 0.000000e+00 0.000000e+00 0.000000e+00 0.000000e+00 4.900337e-06 0.000000e+00 4.785709e-06 0.000000e+00 0.000000e+00 0.000000e+00 0.000000e+00 0.000000e+00 0.000000e+00 0.000000e+00 0.000000e+00 0.000000e+00 0.000000e+00 0.000000e+00 0.000000e+00 0.000000e+00 0.000000e+00
SPEC chpm sel0eta05 meanpt 0.4745 yield 2.13585 3.149995e+00 3.047499e+00 3.233646e+00 2.972923e+00 2.502128e+00 2.059060e+00 1.664761e+00 1.361008e+00 1.076449e+00 8.786693e-01 6.921270e-01 5.659827e-01 4.491734e-01 3.554460e-01 2.855349e-01 2.256920e-01 1.808772e-01 1.397835e-01 1.105826e-01 8.695573e-02 7.131694e-02 5.617059e-02 4.353065e-02 3.491927e-02 2.824513e-02 2.376714e-02 1.828180e-02 1.470013e-02 1.250902e-02 9.808261e-03 7.795983e-03 6.396513e-03 5.954843e-03 4.551356e-03 4.050378e-03 3.389328e-03 3.034845e-03 2.249390e-03 2.025608e-03 1.780924e-03 1.454008e-03 1.342271e-03 1.220812e-03 7.171119e-04 9.370471e-04 6.855905e-04 6.023929e-04 5.025946e-04 5.250472e-04 3.986912e-04 2.899456e-04 2.534118e-04 2.667740e-04 2.082401e-04 2.277814e-04 1.491181e-04 1.802817e-04 1.162523e-04 1.577946e-04 1.069949e-04 7.365849e-05 8.798810e-05 4.583662e-05 5.514030e-05 5.428541e-05 7.289539e-05 2.393307e-05 4.715702e-05 3.717488e-05 3.205999e-05 4.966537e-05 3.561509e-05 8.780962e-06 1.299224e-05 2.990831e-05 1.686410e-05 8.321827e-06 1.642890e-05 1.216471e-05 2.001949e-05 0.000000e+00 1.171693e-05 1.543321e-05 3.812094e-06 1.506792e-05 1.116877e-05 3.679883e-06 7.275655e-06 7.193444e-06 0.000000e+00 3.517236e-06 0.000000e+00 3.441188e-06 0.000000e+00 3.368359e-06 0.000000e+00 0.000000e+00 0.000000e+00 3.231572e-06 3.199094e-06
