# gen_world fine_p2.50_s0.400_k0.270_q0.110 mode set MultipartonInteractions:pT0Ref=2.50;StringPT:sigma=0.400;StringFlav:probStoUD=0.27;StringFlav:probQQtoQ=0.11 nev 200000 seed 20260933
SUMMARY nev 200000 nnsd 155338 dnde 2.1906 eps 0.5054 classN 17.1064 15.4719 7.5816 1.3178 meanpt_ch05 0.4752
SPEC pip sel0 meanpt 0.4151 yield 0.76414 2.957554e+00 2.795367e+00 2.288739e+00 1.828268e+00 1.391772e+00 1.107140e+00 8.534203e-01 6.508679e-01 5.215467e-01 3.981985e-01 3.096917e-01 2.459092e-01 1.916771e-01 1.489151e-01 1.195779e-01 9.223652e-02 7.380380e-02 5.581466e-02 4.451422e-02 3.504907e-02 2.763861e-02 2.066370e-02 1.691590e-02 1.238409e-02 1.031955e-02 7.864127e-03 6.760868e-03 5.059887e-03 4.323909e-03 3.591584e-03 3.086190e-03 2.497397e-03 2.210680e-03 1.561008e-03 1.331234e-03 1.101596e-03 1.058957e-03 8.367003e-04 6.732343e-04 5.986298e-04 4.715702e-04 5.149936e-04 3.209848e-04 3.031523e-04 2.350282e-04 1.199284e-04 1.858030e-04 1.148788e-04 1.875169e-04 1.377965e-04 1.170588e-04 1.059561e-04 6.063045e-05 5.949717e-05 9.178005e-05 4.915983e-05 2.414487e-05 3.954160e-05 5.441195e-05 3.821247e-05 1.503234e-05 2.218187e-05 2.910262e-05 7.161077e-06 7.050053e-06 4.165451e-05 6.838021e-06 1.347343e-05 1.327674e-05 2.617142e-05 6.450048e-06 6.359838e-06 1.254423e-05 0.000000e+00 6.103737e-06 0.000000e+00 5.944162e-06 0.000000e+00 1.737816e-05 5.719854e-06 0.000000e+00 5.579490e-06 1.102372e-05 0.000000e+00 5.381401e-06 1.595538e-05 5.256976e-06 0.000000e+00 5.138174e-06 5.080764e-06 0.000000e+00 0.000000e+00 0.000000e+00 0.000000e+00 0.000000e+00 0.000000e+00 4.712211e-06 0.000000e+00 0.000000e+00 0.000000e+00
SPEC pip sel1 meanpt 0.4170 yield 1.29630 3.518790e+00 3.322345e+00 2.706017e+00 2.167526e+00 1.664360e+00 1.306161e+00 1.007044e+00 7.659426e-01 6.175878e-01 4.716913e-01 3.665821e-01 2.909428e-01 2.295697e-01 1.776228e-01 1.423378e-01 1.094111e-01 8.777787e-02 6.653277e-02 5.301190e-02 4.247507e-02 3.238647e-02 2.506627e-02 2.010893e-02 1.534678e-02 1.227813e-02 1.007697e-02 8.351227e-03 5.946242e-03 5.435623e-03 4.584525e-03 3.829547e-03 3.096484e-03 2.786835e-03 1.945157e-03 1.793743e-03 1.454603e-03 1.212644e-03 9.617314e-04 9.048167e-04 7.470296e-04 6.172729e-04 5.826481e-04 3.857212e-04 3.768540e-04 2.947083e-04 1.981590e-04 2.203380e-04 1.811874e-04 2.366022e-04 1.490286e-04 1.298467e-04 1.352833e-04 1.170939e-04 7.660350e-05 9.775731e-05 5.169011e-05 5.802885e-05 5.701965e-05 6.305058e-05 6.887878e-05 2.709612e-05 2.665553e-05 3.278630e-05 1.936199e-05 3.176967e-05 4.379849e-05 2.465135e-05 1.214307e-05 1.196580e-05 2.948408e-05 5.813174e-06 5.731871e-06 1.695843e-05 0.000000e+00 1.100211e-05 0.000000e+00 5.357238e-06 5.288113e-06 1.566224e-05 5.155079e-06 0.000000e+00 5.028574e-06 9.935242e-06 0.000000e+00 4.850044e-06 1.437996e-05 4.737905e-06 0.000000e+00 4.630833e-06 4.579092e-06 0.000000e+00 0.000000e+00 4.430581e-06 0.000000e+00 4.336812e-06 0.000000e+00 4.246930e-06 0.000000e+00 0.000000e+00 0.000000e+00
SPEC pim sel0 meanpt 0.4146 yield 0.75499 3.063960e+00 2.754442e+00 2.250906e+00 1.812937e+00 1.372269e+00 1.106726e+00 8.336921e-01 6.454112e-01 5.026086e-01 3.984378e-01 3.081759e-01 2.448021e-01 1.883303e-01 1.480730e-01 1.150620e-01 9.179646e-02 7.300458e-02 5.571073e-02 4.247409e-02 3.362658e-02 2.726152e-02 2.043105e-02 1.628938e-02 1.317745e-02 1.061652e-02 8.399101e-03 6.503474e-03 5.026816e-03 4.643016e-03 3.437438e-03 3.145826e-03 2.396347e-03 1.609039e-03 1.493138e-03 1.159887e-03 1.127214e-03 1.009123e-03 7.760698e-04 6.968565e-04 5.756056e-04 5.613931e-04 3.615913e-04 3.744822e-04 2.717917e-04 2.452468e-04 1.998806e-04 1.858030e-04 1.053055e-04 1.218860e-04 1.377965e-04 9.004523e-05 1.236155e-04 6.063045e-05 1.189943e-04 5.840548e-05 4.915983e-05 5.633803e-05 7.117488e-05 3.886568e-05 2.292748e-05 3.006469e-05 3.696979e-05 1.455131e-05 2.864431e-05 0.000000e+00 2.082726e-05 1.367604e-05 6.736717e-06 0.000000e+00 2.617142e-05 6.450048e-06 1.907951e-05 0.000000e+00 1.237356e-05 6.103737e-06 0.000000e+00 0.000000e+00 1.173493e-05 0.000000e+00 5.719854e-06 5.648800e-06 5.579490e-06 1.102372e-05 5.445849e-06 5.381401e-06 5.318461e-06 0.000000e+00 0.000000e+00 5.138174e-06 0.000000e+00 0.000000e+00 0.000000e+00 4.915983e-06 0.000000e+00 0.000000e+00 4.761554e-06 0.000000e+00 0.000000e+00 0.000000e+00 0.000000e+00
SPEC pim sel1 meanpt 0.4163 yield 1.28002 3.613050e+00 3.295570e+00 2.665034e+00 2.143639e+00 1.634761e+00 1.294165e+00 9.864263e-01 7.694398e-01 5.968553e-01 4.726835e-01 3.643182e-01 2.871296e-01 2.245534e-01 1.755281e-01 1.374198e-01 1.081155e-01 8.658564e-02 6.552576e-02 5.157196e-02 4.081474e-02 3.216656e-02 2.497096e-02 1.896141e-02 1.578277e-02 1.291379e-02 1.035018e-02 8.320297e-03 6.229397e-03 5.406863e-03 4.195535e-03 3.856421e-03 2.940359e-03 2.244600e-03 1.920690e-03 1.544282e-03 1.327614e-03 1.347382e-03 9.617314e-04 8.515922e-04 7.470296e-04 6.678691e-04 5.036450e-04 4.628654e-04 3.580113e-04 3.499661e-04 2.612095e-04 2.203380e-04 1.466756e-04 1.436513e-04 1.573080e-04 1.136159e-04 1.591568e-04 7.806262e-05 1.225656e-04 9.775731e-05 4.430581e-05 5.802885e-05 6.414711e-05 6.305058e-05 5.510302e-05 2.709612e-05 6.663882e-05 2.622904e-05 3.872398e-05 0.000000e+00 2.502771e-05 1.848851e-05 1.214307e-05 0.000000e+00 2.948408e-05 5.813174e-06 2.292748e-05 0.000000e+00 1.115180e-05 2.200423e-05 0.000000e+00 5.357238e-06 1.057623e-05 0.000000e+00 5.155079e-06 5.091040e-06 5.028574e-06 9.935242e-06 4.908129e-06 9.700089e-06 4.793319e-06 4.737905e-06 0.000000e+00 4.630833e-06 0.000000e+00 4.528494e-06 0.000000e+00 4.430581e-06 0.000000e+00 0.000000e+00 4.291400e-06 0.000000e+00 0.000000e+00 0.000000e+00 0.000000e+00
SPEC kp sel0 meanpt 0.5442 yield 0.10078 1.709779e-01 1.712810e-01 1.551533e-01 1.457729e-01 1.316691e-01 1.156664e-01 9.493330e-02 8.518579e-02 7.136561e-02 6.227386e-02 5.231542e-02 4.389118e-02 3.641465e-02 2.977629e-02 2.439853e-02 1.848251e-02 1.496470e-02 1.210877e-02 9.242048e-03 7.858640e-03 6.965108e-03 5.139489e-03 4.466443e-03 3.541077e-03 3.006776e-03 1.818914e-03 1.527201e-03 1.455131e-03 1.164743e-03 9.402859e-04 7.752747e-04 7.217911e-04 5.876490e-04 5.158113e-04 4.349576e-04 2.561850e-04 2.242496e-04 2.910262e-04 2.007892e-04 2.532665e-04 1.571901e-04 1.095731e-04 1.604924e-04 1.358958e-04 8.174893e-05 6.995822e-05 4.889553e-05 5.743938e-05 4.687922e-05 9.186433e-05 3.601809e-05 3.531871e-05 2.598448e-05 1.699919e-05 1.668728e-05 8.193305e-06 4.024145e-05 7.908320e-06 3.109254e-05 2.292748e-05 1.503234e-05 7.393958e-06 0.000000e+00 0.000000e+00 7.050053e-06 6.942418e-06 2.051406e-05 6.736717e-06 1.991511e-05 0.000000e+00 1.290010e-05 6.359838e-06 6.272116e-06 0.000000e+00 0.000000e+00 0.000000e+00 5.944162e-06 5.867463e-06 0.000000e+00 5.719854e-06 0.000000e+00 5.579490e-06 5.511860e-06 0.000000e+00 0.000000e+00 0.000000e+00 5.256976e-06 0.000000e+00 0.000000e+00 0.000000e+00 0.000000e+00 0.000000e+00 4.915983e-06 0.000000e+00 0.000000e+00 0.000000e+00 0.000000e+00 0.000000e+00 0.000000e+00 0.000000e+00
SPEC kp sel1 meanpt 0.5480 yield 0.17149 1.975375e-01 2.005429e-01 1.811443e-01 1.718939e-01 1.534581e-01 1.372554e-01 1.154456e-01 1.007086e-01 8.707655e-02 7.372603e-02 6.139625e-02 5.178097e-02 4.321234e-02 3.494170e-02 2.891412e-02 2.279177e-02 1.788344e-02 1.503486e-02 1.092138e-02 9.268435e-03 7.776750e-03 6.061653e-03 5.209379e-03 4.481957e-03 3.563001e-03 2.378614e-03 1.964085e-03 1.862858e-03 1.452376e-03 1.278110e-03 1.074961e-03 1.001804e-03 7.439968e-04 6.239184e-04 5.108010e-04 3.347897e-04 3.817583e-04 3.060055e-04 2.448328e-04 3.008869e-04 1.720269e-04 1.283801e-04 1.832176e-04 1.224776e-04 1.013060e-04 9.907948e-05 7.932169e-05 8.627974e-05 5.915054e-05 1.076318e-04 5.680794e-05 6.366272e-05 3.122505e-05 2.298105e-05 1.503959e-05 2.215291e-05 3.626803e-05 1.425491e-05 2.802248e-05 2.066363e-05 1.354806e-05 6.663882e-06 0.000000e+00 6.453996e-06 6.353934e-06 0.000000e+00 1.848851e-05 1.214307e-05 1.794870e-05 0.000000e+00 1.743952e-05 5.731871e-06 5.652810e-06 0.000000e+00 0.000000e+00 0.000000e+00 5.357238e-06 5.288113e-06 0.000000e+00 5.155079e-06 0.000000e+00 5.028574e-06 4.967621e-06 0.000000e+00 0.000000e+00 0.000000e+00 4.737905e-06 0.000000e+00 0.000000e+00 4.579092e-06 0.000000e+00 0.000000e+00 4.430581e-06 0.000000e+00 0.000000e+00 0.000000e+00 0.000000e+00 0.000000e+00 0.000000e+00 0.000000e+00
SPEC km sel0 meanpt 0.5345 yield 0.09432 1.655211e-01 1.479383e-01 1.513336e-01 1.430446e-01 1.213620e-01 1.041741e-01 9.605263e-02 8.185111e-02 7.029566e-02 5.743938e-02 4.950044e-02 4.116281e-02 3.248580e-02 2.748581e-02 2.339499e-02 1.739703e-02 1.466155e-02 1.190089e-02 8.799609e-03 6.809266e-03 5.456741e-03 4.568434e-03 3.819719e-03 2.709020e-03 2.301483e-03 1.872411e-03 1.492882e-03 1.107884e-03 1.053055e-03 9.865294e-04 8.498203e-04 5.774329e-04 4.617242e-04 5.022373e-04 3.031523e-04 2.305665e-04 1.744164e-04 2.303957e-04 2.244114e-04 1.957059e-04 1.010508e-04 1.972316e-04 1.283939e-04 8.362821e-05 6.131170e-05 1.998806e-05 4.889553e-05 3.829292e-05 3.750337e-05 3.674573e-05 7.203618e-05 2.648903e-05 2.598448e-05 1.699919e-05 1.668728e-05 1.638661e-05 1.609658e-05 0.000000e+00 7.773135e-06 1.528499e-05 7.516172e-06 0.000000e+00 7.275655e-06 0.000000e+00 0.000000e+00 6.942418e-06 6.838021e-06 0.000000e+00 0.000000e+00 6.542855e-06 0.000000e+00 1.271968e-05 0.000000e+00 0.000000e+00 0.000000e+00 1.204579e-05 5.944162e-06 0.000000e+00 0.000000e+00 5.719854e-06 0.000000e+00 0.000000e+00 0.000000e+00 0.000000e+00 0.000000e+00 0.000000e+00 5.256976e-06 0.000000e+00 0.000000e+00 0.000000e+00 0.000000e+00 4.969709e-06 0.000000e+00 0.000000e+00 0.000000e+00 0.000000e+00 0.000000e+00 0.000000e+00 0.000000e+00 0.000000e+00
SPEC km sel1 meanpt 0.5391 yield 0.16237 1.819640e-01 1.808711e-01 1.803246e-01 1.663905e-01 1.444419e-01 1.254076e-01 1.157609e-01 9.961571e-02 8.620868e-02 6.837669e-02 5.768827e-02 4.903690e-02 3.904848e-02 3.305952e-02 2.820752e-02 2.046500e-02 1.825601e-02 1.468358e-02 1.098784e-02 8.827081e-03 6.917110e-03 5.566046e-03 4.407936e-03 3.714618e-03 2.709888e-03 2.507188e-03 2.010481e-03 1.266743e-03 1.308576e-03 1.028045e-03 1.021213e-03 6.895531e-04 5.926754e-04 6.850869e-04 3.682519e-04 3.232452e-04 2.694764e-04 2.841479e-04 2.554777e-04 2.178836e-04 1.619077e-04 2.370094e-04 1.446454e-04 1.036349e-04 1.105156e-04 6.305058e-05 5.288113e-05 3.451189e-05 4.225039e-05 4.139684e-05 7.303879e-05 2.387352e-05 3.122505e-05 2.298105e-05 1.503959e-05 1.476860e-05 2.176082e-05 0.000000e+00 1.401124e-05 1.377576e-05 6.774029e-06 0.000000e+00 1.967178e-05 6.453996e-06 0.000000e+00 1.877078e-05 1.232568e-05 0.000000e+00 0.000000e+00 0.000000e+00 0.000000e+00 1.146374e-05 5.652810e-06 0.000000e+00 0.000000e+00 1.085639e-05 5.357238e-06 0.000000e+00 5.220748e-06 5.155079e-06 0.000000e+00 0.000000e+00 0.000000e+00 0.000000e+00 0.000000e+00 0.000000e+00 4.737905e-06 0.000000e+00 0.000000e+00 0.000000e+00 0.000000e+00 4.479003e-06 0.000000e+00 0.000000e+00 0.000000e+00 0.000000e+00 0.000000e+00 0.000000e+00 0.000000e+00 0.000000e+00
SPEC p sel0 meanpt 0.6006 yield 0.05348 6.639035e-02 7.336285e-02 6.293441e-02 5.781547e-02 5.264744e-02 5.630364e-02 4.785142e-02 4.092556e-02 3.659226e-02 3.077793e-02 2.992546e-02 2.554387e-02 1.982616e-02 1.647127e-02 1.420634e-02 1.114818e-02 9.370161e-03 7.873298e-03 6.341618e-03 5.363463e-03 3.637827e-03 3.109073e-03 2.890052e-03 2.225267e-03 2.171560e-03 1.587091e-03 1.218329e-03 1.157490e-03 8.935014e-04 7.244825e-04 6.410925e-04 5.196896e-04 6.296240e-04 3.936455e-04 4.349576e-04 2.305665e-04 1.868747e-04 2.061435e-04 1.653558e-04 2.417543e-04 8.982290e-05 1.534024e-04 5.349746e-05 4.181411e-05 5.109308e-05 1.998806e-05 9.779106e-06 2.871969e-05 9.375843e-06 1.837287e-05 1.800905e-05 3.531871e-05 1.732299e-05 1.699919e-05 2.503092e-05 2.457991e-05 0.000000e+00 7.908320e-06 7.773135e-06 7.642494e-06 7.516172e-06 7.393958e-06 1.455131e-05 7.161077e-06 7.050053e-06 6.942418e-06 0.000000e+00 6.736717e-06 6.638371e-06 6.542855e-06 0.000000e+00 0.000000e+00 0.000000e+00 0.000000e+00 0.000000e+00 0.000000e+00 0.000000e+00 5.867463e-06 0.000000e+00 5.719854e-06 0.000000e+00 0.000000e+00 0.000000e+00 0.000000e+00 0.000000e+00 0.000000e+00 0.000000e+00 0.000000e+00 0.000000e+00 0.000000e+00 0.000000e+00 0.000000e+00 0.000000e+00 0.000000e+00 0.000000e+00 0.000000e+00 4.712211e-06 0.000000e+00 0.000000e+00 0.000000e+00
SPEC p sel1 meanpt 0.6030 yield 0.09233 7.458883e-02 8.442472e-02 7.622815e-02 6.955379e-02 6.557260e-02 6.736094e-02 5.756518e-02 4.901552e-02 4.455080e-02 3.787680e-02 3.614299e-02 3.032733e-02 2.413072e-02 1.982357e-02 1.684537e-02 1.329960e-02 1.147520e-02 9.414352e-03 7.266153e-03 6.683361e-03 4.638062e-03 3.945793e-03 3.624708e-03 2.929840e-03 2.492428e-03 1.944678e-03 1.577454e-03 1.326355e-03 9.922170e-04 8.613350e-04 7.659095e-04 7.025636e-04 6.305058e-04 4.526467e-04 5.226801e-04 3.001563e-04 2.694764e-04 2.732192e-04 1.916082e-04 3.216377e-04 1.416692e-04 1.580063e-04 4.821515e-05 4.710675e-05 5.525781e-05 4.503613e-05 2.644056e-05 4.313987e-05 1.690015e-05 2.483811e-05 1.623084e-05 4.774704e-05 3.122505e-05 1.532070e-05 3.007917e-05 2.953721e-05 0.000000e+00 1.425491e-05 1.401124e-05 6.887878e-06 1.354806e-05 1.332776e-05 1.967178e-05 6.453996e-06 6.353934e-06 6.256927e-06 0.000000e+00 6.071537e-06 1.196580e-05 5.896816e-06 0.000000e+00 0.000000e+00 0.000000e+00 0.000000e+00 0.000000e+00 0.000000e+00 0.000000e+00 5.288113e-06 0.000000e+00 5.155079e-06 0.000000e+00 0.000000e+00 0.000000e+00 4.908129e-06 0.000000e+00 0.000000e+00 0.000000e+00 0.000000e+00 0.000000e+00 0.000000e+00 0.000000e+00 0.000000e+00 0.000000e+00 0.000000e+00 0.000000e+00 0.000000e+00 4.246930e-06 0.000000e+00 0.000000e+00 0.000000e+00
SPEC pbar sel0 meanpt 0.5955 yield 0.04912 4.729175e-02 5.517371e-02 6.129739e-02 4.846106e-02 4.900962e-02 4.944138e-02 4.309426e-02 3.953106e-02 3.525483e-02 3.274045e-02 2.672071e-02 2.214330e-02 1.935324e-02 1.468604e-02 1.273240e-02 1.085481e-02 9.397720e-03 7.717391e-03 5.948339e-03 4.523965e-03 3.615645e-03 2.876422e-03 2.768791e-03 1.973715e-03 1.688991e-03 1.355269e-03 1.149691e-03 1.157490e-03 7.020368e-04 8.323842e-04 4.472738e-04 3.608956e-04 3.357994e-04 3.800715e-04 1.977080e-04 2.049480e-04 1.744164e-04 9.700873e-05 1.417335e-04 1.036090e-04 8.982290e-05 6.574387e-05 7.489644e-05 1.045353e-04 6.131170e-05 2.998209e-05 3.911642e-05 2.871969e-05 2.812753e-05 9.186433e-06 1.800905e-05 2.648903e-05 1.732299e-05 8.499596e-06 8.343641e-06 8.193305e-06 8.048290e-06 0.000000e+00 7.773135e-06 0.000000e+00 0.000000e+00 7.393958e-06 7.275655e-06 0.000000e+00 0.000000e+00 6.942418e-06 0.000000e+00 0.000000e+00 0.000000e+00 0.000000e+00 6.450048e-06 0.000000e+00 0.000000e+00 6.186781e-06 0.000000e+00 6.022893e-06 0.000000e+00 0.000000e+00 0.000000e+00 0.000000e+00 0.000000e+00 0.000000e+00 0.000000e+00 0.000000e+00 5.381401e-06 0.000000e+00 0.000000e+00 0.000000e+00 0.000000e+00 0.000000e+00 0.000000e+00 0.000000e+00 0.000000e+00 0.000000e+00 0.000000e+00 0.000000e+00 0.000000e+00 0.000000e+00 0.000000e+00 0.000000e+00
SPEC pbar sel1 meanpt 0.5982 yield 0.08424 5.655637e-02 6.775835e-02 7.016268e-02 6.170850e-02 6.038143e-02 5.812117e-02 5.220588e-02 4.661119e-02 4.189896e-02 3.930042e-02 3.161536e-02 2.551629e-02 2.245862e-02 1.757710e-02 1.557349e-02 1.340537e-02 1.147520e-02 9.039651e-03 6.956012e-03 5.296248e-03 4.897953e-03 3.659866e-03 3.515420e-03 2.232259e-03 2.191329e-03 1.687530e-03 1.360941e-03 1.222035e-03 8.627974e-04 8.752275e-04 6.181024e-04 5.334279e-04 4.539641e-04 4.526467e-04 2.613401e-04 2.539784e-04 2.470201e-04 1.092877e-04 1.596735e-04 1.245049e-04 9.107305e-05 8.887852e-05 9.643029e-05 1.130562e-04 6.446744e-05 4.503613e-05 4.406761e-05 3.451189e-05 4.225039e-05 8.279369e-06 3.246168e-05 3.978920e-05 2.341879e-05 1.532070e-05 7.519793e-06 1.476860e-05 7.253606e-06 1.425491e-05 7.005620e-06 0.000000e+00 0.000000e+00 6.663882e-06 6.557260e-06 0.000000e+00 0.000000e+00 6.256927e-06 0.000000e+00 0.000000e+00 0.000000e+00 0.000000e+00 5.813174e-06 0.000000e+00 0.000000e+00 5.575901e-06 5.501057e-06 1.085639e-05 0.000000e+00 0.000000e+00 0.000000e+00 0.000000e+00 0.000000e+00 0.000000e+00 0.000000e+00 0.000000e+00 4.850044e-06 0.000000e+00 0.000000e+00 0.000000e+00 0.000000e+00 0.000000e+00 0.000000e+00 0.000000e+00 0.000000e+00 0.000000e+00 0.000000e+00 0.000000e+00 0.000000e+00 0.000000e+00 0.000000e+00 0.000000e+00
SPEC pinc sel0 meanpt 0.5792 yield 0.07604 1.073159e-01 1.054970e-01 9.876701e-02 9.042599e-02 8.326582e-02 8.209915e-02 7.156726e-02 5.802334e-02 5.381844e-02 4.566431e-02 4.348070e-02 3.554790e-02 2.750197e-02 2.374693e-02 1.985125e-02 1.469800e-02 1.253948e-02 1.049773e-02 8.578390e-03 6.949183e-03 4.613830e-03 3.997380e-03 3.920769e-03 2.728370e-03 2.691250e-03 2.032903e-03 1.612999e-03 1.438595e-03 1.196654e-03 8.940423e-04 8.796386e-04 5.918687e-04 7.695404e-04 4.343674e-04 5.535824e-04 3.330405e-04 2.117913e-04 2.789001e-04 2.244114e-04 2.878028e-04 1.122786e-04 1.534024e-04 5.349746e-05 8.362821e-05 5.109308e-05 2.998209e-05 4.889553e-05 2.871969e-05 1.875169e-05 1.837287e-05 1.800905e-05 3.531871e-05 2.598448e-05 1.699919e-05 2.503092e-05 2.457991e-05 3.219316e-05 7.908320e-06 1.554627e-05 1.528499e-05 1.503234e-05 7.393958e-06 1.455131e-05 7.161077e-06 7.050053e-06 6.942418e-06 0.000000e+00 6.736717e-06 6.638371e-06 6.542855e-06 0.000000e+00 0.000000e+00 0.000000e+00 0.000000e+00 0.000000e+00 0.000000e+00 0.000000e+00 5.867463e-06 0.000000e+00 5.719854e-06 0.000000e+00 0.000000e+00 0.000000e+00 0.000000e+00 0.000000e+00 0.000000e+00 0.000000e+00 0.000000e+00 0.000000e+00 0.000000e+00 0.000000e+00 0.000000e+00 0.000000e+00 0.000000e+00 0.000000e+00 0.000000e+00 4.712211e-06 0.000000e+00 0.000000e+00 0.000000e+00
SPEC pinc sel1 meanpt 0.5820 yield 0.13087 1.254076e-01 1.245879e-01 1.211454e-01 1.076093e-01 1.016375e-01 9.739021e-02 8.473997e-02 7.054519e-02 6.460830e-02 5.573671e-02 5.202873e-02 4.215890e-02 3.370432e-02 2.847551e-02 2.303520e-02 1.776806e-02 1.534995e-02 1.257589e-02 9.990960e-03 8.721996e-03 5.857552e-03 5.032316e-03 4.754013e-03 3.557662e-03 3.111353e-03 2.539331e-03 2.087807e-03 1.684024e-03 1.308576e-03 1.069722e-03 1.021213e-03 7.806262e-04 8.322676e-04 5.872173e-04 6.414711e-04 4.040565e-04 3.368455e-04 3.387918e-04 2.448328e-04 3.838902e-04 1.922653e-04 1.678817e-04 4.821515e-05 8.479215e-05 7.367708e-05 6.305058e-05 5.288113e-05 5.176784e-05 2.535023e-05 2.483811e-05 1.623084e-05 4.774704e-05 3.903131e-05 1.532070e-05 4.511876e-05 2.953721e-05 2.901442e-05 1.425491e-05 2.101686e-05 1.377576e-05 2.709612e-05 1.332776e-05 1.967178e-05 6.453996e-06 6.353934e-06 6.256927e-06 0.000000e+00 1.214307e-05 1.196580e-05 5.896816e-06 0.000000e+00 0.000000e+00 0.000000e+00 0.000000e+00 0.000000e+00 0.000000e+00 0.000000e+00 5.288113e-06 0.000000e+00 5.155079e-06 0.000000e+00 0.000000e+00 0.000000e+00 4.908129e-06 0.000000e+00 0.000000e+00 0.000000e+00 0.000000e+00 0.000000e+00 0.000000e+00 0.000000e+00 0.000000e+00 0.000000e+00 0.000000e+00 0.000000e+00 0.000000e+00 4.246930e-06 0.000000e+00 0.000000e+00 0.000000e+00
SPEC pbarinc sel0 meanpt 0.5772 yield 0.07015 8.457948e-02 8.882362e-02 9.494729e-02 7.561484e-02 7.588912e-02 7.135102e-02 6.813930e-02 5.953911e-02 5.044810e-02 4.576004e-02 3.685465e-02 3.194961e-02 2.761111e-02 1.987332e-02 1.718560e-02 1.472733e-02 1.220877e-02 1.018592e-02 7.939312e-03 6.109684e-03 5.013103e-03 3.785878e-03 3.577197e-03 2.747721e-03 2.208681e-03 1.997239e-03 1.527201e-03 1.438595e-03 9.254122e-04 1.048188e-03 6.560016e-04 4.763821e-04 4.337409e-04 5.022373e-04 2.899717e-04 3.202313e-04 2.491663e-04 1.576392e-04 1.771669e-04 1.036090e-04 1.122786e-04 9.861580e-05 9.629543e-05 1.254423e-04 6.131170e-05 5.996419e-05 3.911642e-05 3.829292e-05 3.750337e-05 9.186433e-06 1.800905e-05 2.648903e-05 1.732299e-05 1.699919e-05 8.343641e-06 1.638661e-05 1.609658e-05 0.000000e+00 1.554627e-05 0.000000e+00 0.000000e+00 7.393958e-06 7.275655e-06 0.000000e+00 0.000000e+00 6.942418e-06 0.000000e+00 0.000000e+00 0.000000e+00 0.000000e+00 6.450048e-06 0.000000e+00 0.000000e+00 6.186781e-06 0.000000e+00 6.022893e-06 0.000000e+00 0.000000e+00 0.000000e+00 0.000000e+00 0.000000e+00 0.000000e+00 0.000000e+00 0.000000e+00 5.381401e-06 0.000000e+00 0.000000e+00 0.000000e+00 0.000000e+00 0.000000e+00 0.000000e+00 0.000000e+00 0.000000e+00 0.000000e+00 0.000000e+00 0.000000e+00 0.000000e+00 0.000000e+00 0.000000e+00 0.000000e+00
SPEC pbarinc sel1 meanpt 0.5794 yield 0.12032 9.671958e-02 1.068287e-01 1.085227e-01 9.601702e-02 9.271237e-02 8.472278e-02 8.228100e-02 6.983482e-02 6.152253e-02 5.508961e-02 4.480794e-02 3.706277e-02 3.170435e-02 2.319327e-02 2.105672e-02 1.787382e-02 1.485319e-02 1.196700e-02 9.126997e-03 7.271833e-03 6.737185e-03 4.860760e-03 4.480794e-03 3.226311e-03 2.860437e-03 2.394686e-03 1.778502e-03 1.520092e-03 1.136017e-03 1.166970e-03 8.734055e-04 7.415949e-04 5.926754e-04 5.872173e-04 3.682519e-04 3.694231e-04 3.480737e-04 1.748603e-04 1.916082e-04 1.452558e-04 1.113115e-04 1.283801e-04 1.350024e-04 1.318989e-04 7.367708e-05 7.205780e-05 4.406761e-05 3.451189e-05 5.070046e-05 8.279369e-06 3.246168e-05 3.978920e-05 2.341879e-05 2.298105e-05 7.519793e-06 2.215291e-05 1.450721e-05 1.425491e-05 1.401124e-05 0.000000e+00 0.000000e+00 1.332776e-05 6.557260e-06 0.000000e+00 0.000000e+00 6.256927e-06 0.000000e+00 0.000000e+00 0.000000e+00 0.000000e+00 5.813174e-06 0.000000e+00 0.000000e+00 5.575901e-06 5.501057e-06 1.085639e-05 0.000000e+00 0.000000e+00 0.000000e+00 0.000000e+00 0.000000e+00 0.000000e+00 0.000000e+00 0.000000e+00 4.850044e-06 0.000000e+00 0.000000e+00 0.000000e+00 4.630833e-06 0.000000e+00 0.000000e+00 0.000000e+00 0.000000e+00 0.000000e+00 0.000000e+00 0.000000e+00 0.000000e+00 0.000000e+00 0.000000e+00 0.000000e+00
SPEC chpm sel0eta05 meanpt 0.4752 yield 2.19057 3.142355e+00 3.079542e+00 3.293234e+00 3.058776e+00 2.546550e+00 2.143557e+00 1.719461e+00 1.375820e+00 1.115096e+00 8.980695e-01 7.141661e-01 5.768052e-01 4.590283e-01 3.632269e-01 2.938330e-01 2.296760e-01 1.862016e-01 1.456586e-01 1.142474e-01 9.190178e-02 7.178276e-02 5.609657e-02 4.520000e-02 3.571843e-02 2.927152e-02 2.351748e-02 1.919469e-02 1.461910e-02 1.257603e-02 1.040172e-02 9.131841e-03 7.154394e-03 6.091962e-03 4.950431e-03 4.050378e-03 3.326562e-03 3.087170e-03 2.410667e-03 2.141357e-03 1.950152e-03 1.485446e-03 1.357611e-03 1.093488e-03 9.366360e-04 8.154456e-04 5.946448e-04 5.339392e-04 4.154782e-04 4.594163e-04 3.793997e-04 3.277646e-04 3.461234e-04 2.546479e-04 2.201395e-04 2.102597e-04 1.433828e-04 1.746479e-04 1.273240e-04 1.523534e-04 1.337436e-04 8.418113e-05 1.035154e-04 8.148733e-05 6.015305e-05 3.454526e-05 8.261478e-05 5.743938e-05 3.772562e-05 3.252802e-05 5.495998e-05 2.709020e-05 3.561509e-05 2.195241e-05 1.299224e-05 2.990831e-05 1.686410e-05 1.664365e-05 2.053612e-05 1.621961e-05 2.001949e-05 3.954160e-06 1.171693e-05 1.929151e-05 7.624189e-06 1.506792e-05 1.489169e-05 1.471953e-05 0.000000e+00 1.079017e-05 7.113070e-06 3.517236e-06 3.478797e-06 1.032356e-05 0.000000e+00 3.368359e-06 3.333088e-06 6.597096e-06 0.000000e+00 0.000000e+00 0.000000e+00
