# gen_world fine_p2.60_s0.400_k0.270_q0.110 mode set MultipartonInteractions:pT0Ref=2.60;StringPT:sigma=0.400;StringFlav:probStoUD=0.27;StringFlav:probQQtoQ=0.11 nev 200000 seed 20260939
SUMMARY nev 200000 nnsd 155713 dnde 2.0657 eps 0.5047 classN 16.5751 14.9776 7.3014 1.2217 meanpt_ch05 0.4709
SPEC pip sel0 meanpt 0.4108 yield 0.72478 2.889344e+00 2.641972e+00 2.221257e+00 1.748366e+00 1.368227e+00 1.043312e+00 8.102561e-01 6.223110e-01 4.773578e-01 3.729252e-01 2.996444e-01 2.317929e-01 1.800361e-01 1.412016e-01 1.114555e-01 8.736653e-02 6.685886e-02 5.163116e-02 4.095014e-02 3.150452e-02 2.570879e-02 1.962735e-02 1.560224e-02 1.122308e-02 9.205930e-03 8.202944e-03 5.920049e-03 4.547284e-03 4.164355e-03 3.237050e-03 2.489824e-03 2.280860e-03 2.056772e-03 1.520286e-03 1.133526e-03 1.075977e-03 7.599571e-04 7.639437e-04 5.905564e-04 4.950208e-04 5.164816e-04 3.177620e-04 2.888863e-04 3.136058e-04 1.941537e-04 1.499105e-04 1.369075e-04 1.914646e-04 1.218860e-04 1.377965e-04 1.620814e-04 7.946710e-05 1.039379e-04 5.949717e-05 5.840548e-05 5.735313e-05 4.828974e-05 0.000000e+00 7.773135e-06 6.113995e-05 3.006469e-05 1.478792e-05 7.275655e-06 1.432215e-05 2.115016e-05 6.942418e-06 6.838021e-06 0.000000e+00 2.655348e-05 6.542855e-06 6.450048e-06 1.271968e-05 0.000000e+00 0.000000e+00 6.103737e-06 0.000000e+00 1.188832e-05 0.000000e+00 5.792719e-06 5.719854e-06 0.000000e+00 5.579490e-06 0.000000e+00 5.445849e-06 5.381401e-06 0.000000e+00 5.256976e-06 5.196896e-06 0.000000e+00 0.000000e+00 0.000000e+00 0.000000e+00 0.000000e+00 0.000000e+00 0.000000e+00 0.000000e+00 0.000000e+00 0.000000e+00 0.000000e+00 0.000000e+00
SPEC pip sel1 meanpt 0.4126 yield 1.22256 3.474337e+00 3.110468e+00 2.631960e+00 2.051101e+00 1.598935e+00 1.230093e+00 9.492677e-01 7.288831e-01 5.672800e-01 4.440882e-01 3.496570e-01 2.731774e-01 2.155741e-01 1.672617e-01 1.318726e-01 1.038458e-01 7.931530e-02 6.202714e-02 4.802233e-02 3.721508e-02 3.055344e-02 2.304727e-02 1.853416e-02 1.398761e-02 1.158107e-02 9.555674e-03 7.127732e-03 5.530514e-03 5.106936e-03 3.963686e-03 3.096474e-03 2.764549e-03 2.415311e-03 1.989290e-03 1.362806e-03 1.312900e-03 1.052908e-03 9.267080e-04 7.008716e-04 6.727776e-04 6.258812e-04 4.433224e-04 3.751724e-04 3.383518e-04 2.388738e-04 2.246383e-04 1.670536e-04 2.151799e-04 1.433054e-04 1.486697e-04 1.700134e-04 1.111414e-04 1.323869e-04 7.641902e-05 9.752189e-05 6.629866e-05 5.065296e-05 3.555146e-05 2.795499e-05 6.184161e-05 3.378858e-05 1.329567e-05 6.541468e-06 1.287691e-05 3.169316e-05 6.241859e-06 6.147996e-06 0.000000e+00 2.984246e-05 5.882615e-06 5.799174e-06 1.143613e-05 0.000000e+00 1.112495e-05 5.487809e-06 0.000000e+00 1.068867e-05 0.000000e+00 1.041635e-05 5.142664e-06 5.078780e-06 5.016463e-06 0.000000e+00 4.896309e-06 9.676728e-06 0.000000e+00 4.726494e-06 4.672477e-06 0.000000e+00 0.000000e+00 0.000000e+00 0.000000e+00 0.000000e+00 0.000000e+00 0.000000e+00 0.000000e+00 4.236702e-06 0.000000e+00 0.000000e+00 0.000000e+00
SPEC pim sel0 meanpt 0.4118 yield 0.70830 2.863880e+00 2.633181e+00 2.115397e+00 1.698605e+00 1.300624e+00 1.023222e+00 7.816432e-01 6.043644e-01 4.786953e-01 3.821155e-01 2.943175e-01 2.288272e-01 1.748704e-01 1.384059e-01 1.096993e-01 8.352334e-02 6.848485e-02 5.129336e-02 3.883626e-02 3.159779e-02 2.382333e-02 1.804109e-02 1.491509e-02 1.232604e-02 9.094568e-03 7.792797e-03 5.267986e-03 4.547284e-03 3.956935e-03 3.360366e-03 2.698552e-03 2.223117e-03 1.734964e-03 1.493138e-03 1.331234e-03 9.735031e-04 7.848737e-04 7.033133e-04 6.850454e-04 5.410692e-04 4.266588e-04 4.054205e-04 2.674873e-04 1.986170e-04 1.941537e-04 2.698388e-04 1.955821e-04 1.435984e-04 7.500675e-05 1.194236e-04 9.004523e-05 7.946710e-05 4.330747e-05 9.349556e-05 7.509276e-05 4.096652e-05 1.609658e-05 1.581664e-05 7.773135e-06 4.585497e-05 2.254852e-05 1.478792e-05 1.455131e-05 0.000000e+00 2.115016e-05 6.942418e-06 2.735208e-05 2.021015e-05 0.000000e+00 6.542855e-06 0.000000e+00 1.271968e-05 6.272116e-06 1.237356e-05 6.103737e-06 1.204579e-05 1.188832e-05 0.000000e+00 0.000000e+00 0.000000e+00 0.000000e+00 1.115898e-05 0.000000e+00 0.000000e+00 0.000000e+00 0.000000e+00 0.000000e+00 0.000000e+00 0.000000e+00 0.000000e+00 1.004925e-05 0.000000e+00 0.000000e+00 4.863405e-06 0.000000e+00 0.000000e+00 0.000000e+00 0.000000e+00 0.000000e+00 0.000000e+00
SPEC pim sel1 meanpt 0.4133 yield 1.19639 3.393387e+00 3.108560e+00 2.524843e+00 2.014772e+00 1.533066e+00 1.202812e+00 9.239824e-01 7.131836e-01 5.629992e-01 4.422807e-01 3.461527e-01 2.706532e-01 2.049769e-01 1.647481e-01 1.293068e-01 9.730434e-02 8.159490e-02 6.048522e-02 4.609967e-02 3.813760e-02 2.923717e-02 2.194434e-02 1.824343e-02 1.513584e-02 1.118057e-02 9.042618e-03 6.942596e-03 5.798120e-03 4.906101e-03 4.227008e-03 3.217116e-03 2.595821e-03 2.226615e-03 1.891656e-03 1.493161e-03 1.163184e-03 9.408961e-04 9.267080e-04 8.601606e-04 6.210255e-04 5.653121e-04 5.319869e-04 4.040319e-04 3.101558e-04 2.572487e-04 3.055081e-04 2.285997e-04 1.377151e-04 1.180162e-04 1.486697e-04 1.133423e-04 7.938675e-05 6.229970e-05 7.641902e-05 6.751515e-05 4.419911e-05 2.894455e-05 1.422058e-05 1.397750e-05 6.871290e-05 4.054629e-05 1.329567e-05 1.308294e-05 1.287691e-05 1.901590e-05 1.872558e-05 3.073998e-05 3.028457e-05 0.000000e+00 1.764785e-05 0.000000e+00 1.143613e-05 5.639197e-06 1.112495e-05 5.487809e-06 1.083025e-05 1.068867e-05 0.000000e+00 0.000000e+00 0.000000e+00 0.000000e+00 1.003293e-05 0.000000e+00 0.000000e+00 0.000000e+00 0.000000e+00 4.726494e-06 0.000000e+00 4.619681e-06 0.000000e+00 9.035177e-06 0.000000e+00 4.419911e-06 4.372639e-06 4.326368e-06 0.000000e+00 0.000000e+00 0.000000e+00 0.000000e+00 0.000000e+00
SPEC kp sel0 meanpt 0.5393 yield 0.09433 1.573360e-01 1.533950e-01 1.515155e-01 1.340799e-01 1.220693e-01 1.067372e-01 9.528309e-02 8.100229e-02 7.147261e-02 5.892323e-02 4.893744e-02 3.764360e-02 3.219477e-02 2.704792e-02 2.292458e-02 1.757305e-02 1.573636e-02 1.153711e-02 9.020828e-03 6.949183e-03 5.345832e-03 5.266389e-03 3.556987e-03 3.115373e-03 2.542767e-03 1.908076e-03 1.612999e-03 1.140955e-03 1.005189e-03 9.711149e-04 9.690933e-04 6.640478e-04 5.456741e-04 5.836812e-04 2.240691e-04 3.458498e-04 2.616246e-04 2.182696e-04 1.535447e-04 1.841938e-04 1.010508e-04 5.478656e-05 1.390934e-04 1.254423e-04 8.174893e-05 2.998209e-05 6.845374e-05 7.658584e-05 5.625506e-05 5.511860e-05 2.701357e-05 1.765936e-05 8.661494e-06 3.399839e-05 8.343641e-06 2.457991e-05 8.048290e-06 1.581664e-05 7.773135e-06 1.528499e-05 7.516172e-06 7.393958e-06 7.275655e-06 1.432215e-05 7.050053e-06 6.942418e-06 0.000000e+00 1.347343e-05 0.000000e+00 0.000000e+00 0.000000e+00 6.359838e-06 6.272116e-06 0.000000e+00 0.000000e+00 0.000000e+00 0.000000e+00 0.000000e+00 5.792719e-06 0.000000e+00 0.000000e+00 0.000000e+00 0.000000e+00 0.000000e+00 0.000000e+00 0.000000e+00 0.000000e+00 0.000000e+00 5.138174e-06 5.080764e-06 0.000000e+00 0.000000e+00 0.000000e+00 4.863405e-06 0.000000e+00 0.000000e+00 0.000000e+00 0.000000e+00 4.616532e-06 0.000000e+00
SPEC kp sel1 meanpt 0.5405 yield 0.15962 1.872495e-01 1.828885e-01 1.790727e-01 1.571120e-01 1.422769e-01 1.257746e-01 1.134064e-01 9.572348e-02 8.446190e-02 7.148275e-02 5.801659e-02 4.468818e-02 3.859466e-02 3.198051e-02 2.695536e-02 2.023107e-02 1.793948e-02 1.401743e-02 1.069618e-02 8.596160e-03 6.381920e-03 6.161150e-03 4.197442e-03 3.653480e-03 3.003735e-03 2.308753e-03 1.913071e-03 1.516431e-03 1.248043e-03 1.150301e-03 1.072372e-03 7.657671e-04 6.541468e-04 6.834370e-04 2.844117e-04 4.261168e-04 3.024309e-04 2.507563e-04 2.017661e-04 1.966581e-04 1.514229e-04 5.910965e-05 1.539169e-04 1.409799e-04 8.268710e-05 6.289873e-05 7.033837e-05 6.885756e-05 8.429727e-05 5.781601e-05 5.667114e-05 3.175470e-05 2.336239e-05 4.585141e-05 1.500337e-05 2.209955e-05 7.236137e-06 2.133087e-05 6.988748e-06 1.374258e-05 1.351543e-05 1.329567e-05 6.541468e-06 1.287691e-05 1.267726e-05 6.241859e-06 6.147996e-06 1.211383e-05 0.000000e+00 0.000000e+00 0.000000e+00 5.718067e-06 5.639197e-06 0.000000e+00 0.000000e+00 0.000000e+00 5.344337e-06 0.000000e+00 5.208175e-06 5.142664e-06 0.000000e+00 0.000000e+00 0.000000e+00 4.896309e-06 0.000000e+00 0.000000e+00 0.000000e+00 0.000000e+00 4.619681e-06 4.568064e-06 0.000000e+00 0.000000e+00 0.000000e+00 4.372639e-06 0.000000e+00 0.000000e+00 0.000000e+00 0.000000e+00 4.150678e-06 0.000000e+00
SPEC km sel0 meanpt 0.5347 yield 0.08987 1.418753e-01 1.652180e-01 1.353272e-01 1.299224e-01 1.091348e-01 1.064891e-01 8.674819e-02 8.324561e-02 6.655084e-02 5.566833e-02 4.963036e-02 3.610148e-02 3.288596e-02 2.681213e-02 2.025893e-02 1.639956e-02 1.391745e-02 1.028985e-02 8.283431e-03 6.832586e-03 5.722923e-03 4.356933e-03 3.556987e-03 2.805771e-03 2.449965e-03 1.747584e-03 1.458563e-03 1.157490e-03 1.180698e-03 6.165809e-04 5.963651e-04 4.330747e-04 5.176908e-04 4.343674e-04 4.744992e-04 3.586590e-04 1.868747e-04 1.333870e-04 1.889780e-04 1.611696e-04 1.235065e-04 1.095731e-04 6.419695e-05 7.317469e-05 8.174893e-05 3.997612e-05 4.889553e-05 5.743938e-05 4.687922e-05 2.755930e-05 3.601809e-05 2.648903e-05 0.000000e+00 2.549879e-05 1.668728e-05 4.096652e-05 1.609658e-05 7.908320e-06 7.773135e-06 7.642494e-06 1.503234e-05 7.393958e-06 7.275655e-06 1.432215e-05 1.410011e-05 6.942418e-06 0.000000e+00 1.347343e-05 0.000000e+00 6.542855e-06 0.000000e+00 0.000000e+00 6.272116e-06 6.186781e-06 6.103737e-06 0.000000e+00 0.000000e+00 0.000000e+00 0.000000e+00 0.000000e+00 0.000000e+00 0.000000e+00 5.511860e-06 0.000000e+00 0.000000e+00 0.000000e+00 0.000000e+00 0.000000e+00 0.000000e+00 0.000000e+00 0.000000e+00 0.000000e+00 0.000000e+00 0.000000e+00 0.000000e+00 0.000000e+00 0.000000e+00 0.000000e+00 0.000000e+00 0.000000e+00
SPEC km sel1 meanpt 0.5389 yield 0.15301 1.749843e-01 1.921556e-01 1.615743e-01 1.546590e-01 1.306477e-01 1.245852e-01 1.054812e-01 9.665019e-02 7.945960e-02 6.395146e-02 5.614760e-02 4.394160e-02 3.888903e-02 3.264677e-02 2.447411e-02 2.033658e-02 1.660145e-02 1.270914e-02 9.900600e-03 8.030072e-03 6.820677e-03 5.438546e-03 4.470003e-03 3.549094e-03 2.970361e-03 2.116357e-03 1.866787e-03 1.323161e-03 1.520604e-03 7.622474e-04 7.640649e-04 6.359761e-04 6.793063e-04 5.369862e-04 5.214214e-04 3.455001e-04 2.800286e-04 1.962440e-04 2.230046e-04 2.173589e-04 1.211383e-04 1.379225e-04 1.058179e-04 1.127839e-04 1.010620e-04 5.391320e-05 7.033837e-05 5.164317e-05 5.900809e-05 4.129715e-05 4.857526e-05 4.763205e-05 0.000000e+00 2.292571e-05 3.000673e-05 3.683259e-05 1.447227e-05 7.110292e-06 6.988748e-06 1.374258e-05 1.351543e-05 6.647834e-06 6.541468e-06 2.575381e-05 1.267726e-05 1.248372e-05 0.000000e+00 1.211383e-05 5.968493e-06 5.882615e-06 0.000000e+00 0.000000e+00 5.639197e-06 5.562473e-06 5.487809e-06 0.000000e+00 0.000000e+00 0.000000e+00 0.000000e+00 0.000000e+00 0.000000e+00 0.000000e+00 4.955658e-06 0.000000e+00 0.000000e+00 0.000000e+00 0.000000e+00 0.000000e+00 0.000000e+00 0.000000e+00 0.000000e+00 0.000000e+00 0.000000e+00 0.000000e+00 0.000000e+00 0.000000e+00 0.000000e+00 0.000000e+00 0.000000e+00 0.000000e+00
SPEC p sel0 meanpt 0.5958 yield 0.05026 7.457546e-02 6.396513e-02 5.984226e-02 6.002415e-02 5.224324e-02 4.836657e-02 4.351401e-02 3.971295e-02 3.450586e-02 2.766663e-02 2.754355e-02 2.218284e-02 1.989892e-02 1.731336e-02 1.279512e-02 1.147089e-02 9.397720e-03 6.911872e-03 6.022079e-03 4.523965e-03 3.970555e-03 3.384025e-03 2.687950e-03 2.283317e-03 1.856034e-03 1.266107e-03 1.184010e-03 9.590636e-04 9.413676e-04 4.624357e-04 5.218195e-04 5.196896e-04 4.897075e-04 3.664975e-04 3.426939e-04 2.433758e-04 9.966650e-05 4.850436e-05 3.543338e-05 1.611696e-04 1.235065e-04 7.670118e-05 4.279797e-05 8.362821e-05 3.065585e-05 3.997612e-05 7.823284e-05 9.573230e-06 1.875169e-05 9.186433e-06 3.601809e-05 1.765936e-05 1.732299e-05 1.699919e-05 1.668728e-05 1.638661e-05 0.000000e+00 1.581664e-05 1.554627e-05 7.642494e-06 7.516172e-06 0.000000e+00 7.275655e-06 7.161077e-06 7.050053e-06 0.000000e+00 0.000000e+00 6.736717e-06 6.638371e-06 0.000000e+00 0.000000e+00 0.000000e+00 0.000000e+00 0.000000e+00 0.000000e+00 0.000000e+00 0.000000e+00 0.000000e+00 0.000000e+00 0.000000e+00 5.648800e-06 0.000000e+00 0.000000e+00 0.000000e+00 0.000000e+00 0.000000e+00 0.000000e+00 0.000000e+00 0.000000e+00 0.000000e+00 0.000000e+00 9.939419e-06 9.831966e-06 0.000000e+00 0.000000e+00 0.000000e+00 0.000000e+00 0.000000e+00 0.000000e+00 0.000000e+00
SPEC p sel1 meanpt 0.5988 yield 0.08735 8.340372e-02 7.686225e-02 7.817054e-02 7.230659e-02 6.323419e-02 5.879888e-02 5.151406e-02 4.878845e-02 4.165376e-02 3.395538e-02 3.344715e-02 2.737462e-02 2.364741e-02 2.004839e-02 1.550779e-02 1.395337e-02 1.139801e-02 8.550633e-03 7.204455e-03 6.038278e-03 4.846271e-03 4.126449e-03 3.107197e-03 2.748808e-03 2.302864e-03 1.523136e-03 1.434803e-03 1.233959e-03 1.205007e-03 6.652341e-04 5.361859e-04 6.489552e-04 6.289873e-04 4.515566e-04 3.910660e-04 2.994334e-04 1.456149e-04 9.812202e-05 1.274312e-04 1.966581e-04 1.615177e-04 9.851609e-05 4.809903e-05 8.458795e-05 4.593728e-05 6.289873e-05 7.033837e-05 3.442878e-05 2.528918e-05 1.651886e-05 3.238351e-05 3.175470e-05 2.336239e-05 3.820951e-05 2.250505e-05 2.946607e-05 0.000000e+00 1.422058e-05 1.397750e-05 1.374258e-05 6.757715e-06 0.000000e+00 1.308294e-05 6.438453e-06 6.338632e-06 0.000000e+00 6.147996e-06 0.000000e+00 5.968493e-06 0.000000e+00 0.000000e+00 0.000000e+00 0.000000e+00 0.000000e+00 5.487809e-06 5.415123e-06 0.000000e+00 0.000000e+00 0.000000e+00 0.000000e+00 5.078780e-06 5.016463e-06 0.000000e+00 0.000000e+00 0.000000e+00 0.000000e+00 0.000000e+00 0.000000e+00 0.000000e+00 0.000000e+00 0.000000e+00 8.936432e-06 8.839822e-06 0.000000e+00 0.000000e+00 0.000000e+00 0.000000e+00 0.000000e+00 0.000000e+00 0.000000e+00
SPEC pbar sel0 meanpt 0.5868 yield 0.04643 5.729578e-02 5.396110e-02 5.929658e-02 4.833113e-02 5.042433e-02 4.514213e-02 4.211485e-02 3.565071e-02 3.429187e-02 2.871969e-02 2.386241e-02 2.139201e-02 1.815276e-02 1.556182e-02 1.310872e-02 9.886676e-03 8.157552e-03 6.937856e-03 5.383001e-03 4.803798e-03 3.504736e-03 3.130223e-03 2.384798e-03 1.799563e-03 1.707552e-03 1.159112e-03 9.437759e-04 6.779587e-04 6.063045e-04 5.240938e-04 4.621830e-04 4.908180e-04 3.917660e-04 2.714796e-04 1.318053e-04 1.793295e-04 1.121248e-04 1.212609e-04 1.299224e-04 1.036090e-04 8.982290e-05 1.095731e-04 4.279797e-05 2.090705e-05 6.131170e-05 4.997015e-05 9.779106e-06 2.871969e-05 1.875169e-05 3.674573e-05 1.800905e-05 1.765936e-05 1.732299e-05 0.000000e+00 8.343641e-06 0.000000e+00 8.048290e-06 7.908320e-06 0.000000e+00 7.642494e-06 0.000000e+00 0.000000e+00 0.000000e+00 0.000000e+00 0.000000e+00 0.000000e+00 0.000000e+00 6.736717e-06 0.000000e+00 0.000000e+00 0.000000e+00 0.000000e+00 0.000000e+00 0.000000e+00 0.000000e+00 0.000000e+00 0.000000e+00 0.000000e+00 0.000000e+00 0.000000e+00 0.000000e+00 0.000000e+00 0.000000e+00 0.000000e+00 0.000000e+00 0.000000e+00 0.000000e+00 0.000000e+00 0.000000e+00 0.000000e+00 0.000000e+00 0.000000e+00 0.000000e+00 0.000000e+00 0.000000e+00 0.000000e+00 0.000000e+00 4.663881e-06 0.000000e+00 0.000000e+00
SPEC pbar sel1 meanpt 0.5922 yield 0.07897 6.868542e-02 6.159883e-02 7.146554e-02 6.015814e-02 5.969090e-02 5.329810e-02 4.893521e-02 4.066613e-02 4.011459e-02 3.382628e-02 2.889148e-02 2.502823e-02 2.142331e-02 1.874615e-02 1.550779e-02 1.192235e-02 1.005999e-02 8.550633e-03 6.497269e-03 5.241561e-03 4.387570e-03 3.574988e-03 2.798295e-03 2.209485e-03 2.002490e-03 1.603301e-03 1.141671e-03 9.960872e-04 7.746475e-04 6.513750e-04 6.032092e-04 6.229970e-04 4.528709e-04 3.295143e-04 2.370097e-04 1.842667e-04 1.120114e-04 1.526343e-04 2.123853e-04 9.315382e-05 1.413280e-04 1.182193e-04 4.809903e-05 3.759464e-05 8.268710e-05 7.188427e-05 8.792296e-06 2.582158e-05 1.685945e-05 4.955658e-05 1.619175e-05 1.587735e-05 1.557492e-05 0.000000e+00 2.250505e-05 0.000000e+00 7.236137e-06 7.110292e-06 0.000000e+00 6.871290e-06 0.000000e+00 6.647834e-06 6.541468e-06 6.438453e-06 0.000000e+00 0.000000e+00 0.000000e+00 6.056915e-06 0.000000e+00 0.000000e+00 0.000000e+00 0.000000e+00 0.000000e+00 0.000000e+00 0.000000e+00 5.415123e-06 5.344337e-06 0.000000e+00 0.000000e+00 0.000000e+00 0.000000e+00 0.000000e+00 0.000000e+00 0.000000e+00 0.000000e+00 0.000000e+00 0.000000e+00 0.000000e+00 0.000000e+00 0.000000e+00 0.000000e+00 0.000000e+00 0.000000e+00 0.000000e+00 0.000000e+00 0.000000e+00 0.000000e+00 4.193249e-06 0.000000e+00 0.000000e+00
SPEC pinc sel0 meanpt 0.5727 yield 0.07185 1.136821e-01 9.488666e-02 9.367405e-02 9.237483e-02 8.286162e-02 7.449278e-02 6.415168e-02 5.923595e-02 4.911067e-02 4.126062e-02 3.932318e-02 3.198916e-02 2.888435e-02 2.364588e-02 1.731104e-02 1.584215e-02 1.237412e-02 9.588273e-03 7.718093e-03 6.133004e-03 5.279286e-03 4.272332e-03 3.658037e-03 2.921872e-03 2.338603e-03 1.569259e-03 1.578680e-03 1.157490e-03 1.164743e-03 6.319954e-04 6.560016e-04 6.063045e-04 5.876490e-04 4.479414e-04 4.481381e-04 2.561850e-04 1.868747e-04 9.700873e-05 7.086677e-05 1.726817e-04 1.459622e-04 9.861580e-05 4.279797e-05 8.362821e-05 4.087446e-05 4.997015e-05 7.823284e-05 1.914646e-05 2.812753e-05 9.186433e-06 4.502261e-05 1.765936e-05 1.732299e-05 1.699919e-05 1.668728e-05 1.638661e-05 0.000000e+00 2.372496e-05 1.554627e-05 7.642494e-06 7.516172e-06 0.000000e+00 7.275655e-06 7.161077e-06 7.050053e-06 0.000000e+00 0.000000e+00 6.736717e-06 6.638371e-06 0.000000e+00 0.000000e+00 0.000000e+00 0.000000e+00 0.000000e+00 0.000000e+00 0.000000e+00 0.000000e+00 0.000000e+00 0.000000e+00 0.000000e+00 5.648800e-06 0.000000e+00 0.000000e+00 0.000000e+00 0.000000e+00 0.000000e+00 0.000000e+00 0.000000e+00 0.000000e+00 0.000000e+00 0.000000e+00 9.939419e-06 9.831966e-06 0.000000e+00 0.000000e+00 0.000000e+00 0.000000e+00 0.000000e+00 0.000000e+00 0.000000e+00
SPEC pinc sel1 meanpt 0.5774 yield 0.12393 1.242879e-01 1.163836e-01 1.197089e-01 1.106209e-01 9.748605e-02 8.949918e-02 7.535268e-02 7.042981e-02 6.041238e-02 4.957744e-02 4.742564e-02 3.917771e-02 3.385210e-02 2.758925e-02 2.097781e-02 1.901774e-02 1.513953e-02 1.158774e-02 9.281813e-03 8.092970e-03 6.381920e-03 5.305435e-03 4.161101e-03 3.531697e-03 2.970361e-03 1.827763e-03 1.913071e-03 1.546165e-03 1.549295e-03 9.008378e-04 7.238510e-04 7.657671e-04 7.547848e-04 5.491904e-04 5.332719e-04 3.570167e-04 2.576263e-04 1.417318e-04 1.592890e-04 2.173589e-04 1.918023e-04 1.182193e-04 4.809903e-05 9.398661e-05 5.512473e-05 8.086980e-05 7.033837e-05 5.164317e-05 4.214864e-05 1.651886e-05 4.857526e-05 3.175470e-05 2.336239e-05 3.820951e-05 2.250505e-05 2.946607e-05 0.000000e+00 2.133087e-05 1.397750e-05 1.374258e-05 1.351543e-05 0.000000e+00 1.308294e-05 6.438453e-06 6.338632e-06 0.000000e+00 6.147996e-06 0.000000e+00 5.968493e-06 0.000000e+00 0.000000e+00 0.000000e+00 0.000000e+00 0.000000e+00 5.487809e-06 5.415123e-06 0.000000e+00 0.000000e+00 0.000000e+00 0.000000e+00 5.078780e-06 5.016463e-06 0.000000e+00 0.000000e+00 0.000000e+00 0.000000e+00 0.000000e+00 0.000000e+00 0.000000e+00 0.000000e+00 0.000000e+00 8.936432e-06 8.839822e-06 0.000000e+00 0.000000e+00 0.000000e+00 0.000000e+00 0.000000e+00 0.000000e+00 0.000000e+00
SPEC pbarinc sel0 meanpt 0.5622 yield 0.06614 9.367405e-02 8.670155e-02 9.349216e-02 8.133142e-02 7.710173e-02 6.887068e-02 6.086365e-02 5.547687e-02 4.985963e-02 4.140422e-02 3.481920e-02 2.941895e-02 2.466447e-02 2.108592e-02 1.715424e-02 1.317246e-02 1.132687e-02 9.094568e-03 7.373974e-03 5.993087e-03 4.325465e-03 3.933929e-03 2.991102e-03 2.244617e-03 2.190120e-03 1.533594e-03 1.372765e-03 8.433145e-04 7.818138e-04 6.936535e-04 5.218195e-04 5.774329e-04 4.617242e-04 3.122016e-04 1.977080e-04 2.305665e-04 1.370414e-04 1.333870e-04 1.535447e-04 1.266332e-04 1.459622e-04 1.095731e-04 5.349746e-05 3.136058e-05 8.174893e-05 5.996419e-05 1.955821e-05 3.829292e-05 1.875169e-05 3.674573e-05 1.800905e-05 1.765936e-05 2.598448e-05 0.000000e+00 8.343641e-06 0.000000e+00 8.048290e-06 1.581664e-05 7.773135e-06 7.642494e-06 0.000000e+00 0.000000e+00 0.000000e+00 0.000000e+00 0.000000e+00 0.000000e+00 0.000000e+00 6.736717e-06 0.000000e+00 0.000000e+00 0.000000e+00 0.000000e+00 0.000000e+00 0.000000e+00 0.000000e+00 0.000000e+00 0.000000e+00 0.000000e+00 0.000000e+00 0.000000e+00 0.000000e+00 0.000000e+00 0.000000e+00 0.000000e+00 0.000000e+00 0.000000e+00 0.000000e+00 0.000000e+00 0.000000e+00 0.000000e+00 0.000000e+00 0.000000e+00 0.000000e+00 0.000000e+00 0.000000e+00 0.000000e+00 0.000000e+00 4.663881e-06 0.000000e+00 0.000000e+00
SPEC pbarinc sel1 meanpt 0.5667 yield 0.11296 1.128403e-01 1.035732e-01 1.125133e-01 9.882289e-02 9.130799e-02 8.288338e-02 7.151586e-02 6.317968e-02 5.911371e-02 4.923316e-02 4.236379e-02 3.473377e-02 2.943661e-02 2.552990e-02 2.001915e-02 1.598439e-02 1.360328e-02 1.116722e-02 8.817722e-03 6.730164e-03 5.384745e-03 4.601847e-03 3.634149e-03 2.835796e-03 2.503113e-03 2.020159e-03 1.712507e-03 1.233959e-03 1.018518e-03 8.315426e-04 6.702324e-04 7.138507e-04 5.283494e-04 4.149439e-04 3.199631e-04 2.648834e-04 1.680172e-04 1.635367e-04 2.548624e-04 1.242051e-04 1.918023e-04 1.280709e-04 6.733864e-05 4.699331e-05 1.010620e-04 8.086980e-05 1.758459e-05 3.442878e-05 2.528918e-05 4.955658e-05 2.428763e-05 1.587735e-05 2.336239e-05 7.641902e-06 3.000673e-05 0.000000e+00 7.236137e-06 1.422058e-05 6.988748e-06 6.871290e-06 0.000000e+00 6.647834e-06 6.541468e-06 6.438453e-06 0.000000e+00 0.000000e+00 0.000000e+00 6.056915e-06 0.000000e+00 0.000000e+00 0.000000e+00 0.000000e+00 0.000000e+00 0.000000e+00 0.000000e+00 5.415123e-06 5.344337e-06 0.000000e+00 0.000000e+00 0.000000e+00 0.000000e+00 0.000000e+00 0.000000e+00 0.000000e+00 0.000000e+00 0.000000e+00 0.000000e+00 0.000000e+00 0.000000e+00 0.000000e+00 0.000000e+00 0.000000e+00 0.000000e+00 0.000000e+00 0.000000e+00 0.000000e+00 0.000000e+00 4.193249e-06 0.000000e+00 0.000000e+00
SPEC chpm sel0eta05 meanpt 0.4709 yield 2.06575 3.034130e+00 2.947337e+00 3.154960e+00 2.894710e+00 2.439881e+00 2.009230e+00 1.624017e+00 1.306386e+00 1.051396e+00 8.486142e-01 6.832446e-01 5.376116e-01 4.296929e-01 3.475708e-01 2.749758e-01 2.156498e-01 1.755334e-01 1.342358e-01 1.047326e-01 8.382160e-02 6.634820e-02 5.208438e-02 4.198861e-02 3.363249e-02 2.701087e-02 2.120818e-02 1.674430e-02 1.321854e-02 1.208461e-02 9.236382e-03 7.555946e-03 6.366198e-03 5.592460e-03 4.731890e-03 3.487569e-03 3.039635e-03 2.328459e-03 2.088113e-03 1.851985e-03 1.627813e-03 1.398992e-03 1.104497e-03 8.912677e-04 8.415089e-04 6.580789e-04 6.156323e-04 4.997123e-04 4.489845e-04 3.544069e-04 3.601082e-04 3.529773e-04 2.472310e-04 2.061435e-04 2.141898e-04 2.044192e-04 1.491181e-04 9.014085e-05 8.857319e-05 5.985314e-05 1.444431e-04 8.944245e-05 4.658193e-05 4.074367e-05 6.015305e-05 6.415548e-05 3.401785e-05 3.350630e-05 5.187272e-05 3.252802e-05 2.289999e-05 4.515034e-06 2.225943e-05 1.317144e-05 2.165373e-05 1.709046e-05 1.264807e-05 2.496548e-05 0.000000e+00 1.216471e-05 8.007796e-06 7.908320e-06 1.562257e-05 3.858302e-06 7.624189e-06 7.533962e-06 0.000000e+00 7.359766e-06 3.637827e-06 7.193444e-06 3.556535e-06 7.034473e-06 6.957593e-06 1.032356e-05 6.808768e-06 3.368359e-06 0.000000e+00 3.298548e-06 3.264717e-06 3.231572e-06 0.000000e+00
