# gen_world fine_p2.55_s0.380_k0.270_q0.110 mode set MultipartonInteractions:pT0Ref=2.55;StringPT:sigma=0.380;StringFlav:probStoUD=0.27;StringFlav:probQQtoQ=0.11 nev 200000 seed 20260935
SUMMARY nev 200000 nnsd 155834 dnde 2.1568 eps 0.5123 classN 17.3651 15.5829 7.2583 1.1645 meanpt_ch05 0.4627
SPEC pip sel0 meanpt 0.4052 yield 0.75743 3.080330e+00 2.768387e+00 2.341669e+00 1.846717e+00 1.450584e+00 1.092754e+00 8.490829e-01 6.633578e-01 5.189789e-01 4.003525e-01 3.080460e-01 2.408874e-01 1.853109e-01 1.445700e-01 1.133058e-01 8.933213e-02 6.559113e-02 4.926658e-02 3.969656e-02 3.192427e-02 2.468843e-02 1.964850e-02 1.434921e-02 1.106828e-02 8.908965e-03 7.685802e-03 5.920049e-03 5.043351e-03 4.052667e-03 3.206221e-03 2.638916e-03 2.309732e-03 1.804922e-03 1.465990e-03 1.238970e-03 8.710291e-04 1.009123e-03 8.730785e-04 5.315007e-04 5.410692e-04 5.164816e-04 3.725486e-04 2.781868e-04 2.404311e-04 1.839351e-04 1.798926e-04 1.075702e-04 1.340252e-04 1.031343e-04 1.377965e-04 5.402714e-05 1.059561e-04 8.661494e-05 2.549879e-05 5.006184e-05 3.277322e-05 1.046278e-04 3.163328e-05 5.441195e-05 3.821247e-05 3.006469e-05 2.218187e-05 2.182696e-05 7.161077e-06 2.115016e-05 2.082726e-05 0.000000e+00 1.347343e-05 6.638371e-06 0.000000e+00 1.935015e-05 1.271968e-05 6.272116e-06 1.237356e-05 1.831121e-05 6.022893e-06 5.944162e-06 5.867463e-06 5.792719e-06 0.000000e+00 5.648800e-06 0.000000e+00 0.000000e+00 0.000000e+00 5.381401e-06 0.000000e+00 0.000000e+00 0.000000e+00 0.000000e+00 0.000000e+00 0.000000e+00 9.939419e-06 9.831966e-06 4.863405e-06 0.000000e+00 0.000000e+00 0.000000e+00 0.000000e+00 0.000000e+00 0.000000e+00
SPEC pip sel1 meanpt 0.4062 yield 1.27903 3.635049e+00 3.269556e+00 2.764729e+00 2.190741e+00 1.718435e+00 1.296582e+00 1.005850e+00 7.776124e-01 6.058656e-01 4.687279e-01 3.605519e-01 2.849368e-01 2.202109e-01 1.719736e-01 1.332071e-01 1.050566e-01 7.761962e-02 5.992468e-02 4.714591e-02 3.741664e-02 2.937389e-02 2.386542e-02 1.733959e-02 1.336831e-02 1.102182e-02 9.388049e-03 6.875541e-03 5.986738e-03 4.687279e-03 3.946760e-03 3.254800e-03 2.632712e-03 2.262596e-03 1.865798e-03 1.598573e-03 1.173788e-03 1.186399e-03 1.013140e-03 6.684943e-04 6.515704e-04 6.153082e-04 4.331342e-04 3.172071e-04 3.099150e-04 1.927868e-04 2.065068e-04 2.020658e-04 2.236133e-04 1.347709e-04 1.485543e-04 8.898549e-05 1.189877e-04 8.559557e-05 6.872372e-05 4.497515e-05 5.152559e-05 1.156883e-04 4.262862e-05 6.284989e-05 4.119573e-05 3.376234e-05 3.985603e-05 2.614556e-05 1.286691e-05 3.166855e-05 1.871104e-05 0.000000e+00 1.210442e-05 1.192772e-05 0.000000e+00 2.317868e-05 1.142725e-05 1.690445e-05 1.667446e-05 2.193419e-05 5.410918e-06 5.340187e-06 5.271281e-06 1.040826e-05 0.000000e+00 5.074836e-06 0.000000e+00 0.000000e+00 0.000000e+00 1.450382e-05 0.000000e+00 0.000000e+00 0.000000e+00 0.000000e+00 0.000000e+00 4.514081e-06 8.929493e-06 8.832958e-06 8.738488e-06 0.000000e+00 0.000000e+00 0.000000e+00 0.000000e+00 0.000000e+00 0.000000e+00
SPEC pim sel0 meanpt 0.4040 yield 0.74529 3.133988e+00 2.829017e+00 2.284192e+00 1.833205e+00 1.404606e+00 1.090935e+00 8.415973e-01 6.458356e-01 5.074769e-01 3.838386e-01 3.020696e-01 2.367356e-01 1.822551e-01 1.401237e-01 1.089467e-01 8.613436e-02 6.594940e-02 5.131935e-02 3.974572e-02 3.064170e-02 2.366806e-02 1.818914e-02 1.438963e-02 1.062323e-02 9.280172e-03 7.971122e-03 5.662656e-03 4.629962e-03 3.558050e-03 2.959588e-03 2.892371e-03 2.338603e-03 1.944838e-03 1.262380e-03 1.041262e-03 1.152833e-03 8.720819e-04 7.518176e-04 5.433119e-04 6.446783e-04 3.705194e-04 3.396766e-04 4.065807e-04 2.822452e-04 2.963399e-04 1.798926e-04 1.466866e-04 1.531717e-04 9.375843e-05 9.186433e-05 1.350678e-04 5.297807e-05 8.661494e-05 6.799677e-05 4.171820e-05 2.457991e-05 9.657949e-05 2.372496e-05 6.218508e-05 3.056998e-05 1.503234e-05 2.218187e-05 2.182696e-05 1.432215e-05 2.115016e-05 1.388484e-05 2.735208e-05 6.736717e-06 6.638371e-06 1.962856e-05 6.450048e-06 6.359838e-06 1.254423e-05 1.237356e-05 6.103737e-06 6.022893e-06 0.000000e+00 0.000000e+00 0.000000e+00 0.000000e+00 5.648800e-06 0.000000e+00 0.000000e+00 5.445849e-06 0.000000e+00 1.063692e-05 0.000000e+00 0.000000e+00 0.000000e+00 0.000000e+00 0.000000e+00 4.969709e-06 0.000000e+00 0.000000e+00 0.000000e+00 0.000000e+00 0.000000e+00 0.000000e+00 0.000000e+00 0.000000e+00
SPEC pim sel1 meanpt 0.4059 yield 1.25943 3.699596e+00 3.316945e+00 2.703450e+00 2.159226e+00 1.658064e+00 1.285366e+00 9.862405e-01 7.637226e-01 5.987525e-01 4.578052e-01 3.564666e-01 2.833027e-01 2.165832e-01 1.670713e-01 1.294599e-01 1.011295e-01 7.709968e-02 6.104520e-02 4.754340e-02 3.626439e-02 2.889562e-02 2.179430e-02 1.748484e-02 1.324662e-02 1.105517e-02 9.323967e-03 7.245525e-03 5.645063e-03 4.658611e-03 3.642098e-03 3.294983e-03 2.684588e-03 2.338016e-03 1.597513e-03 1.456478e-03 1.369420e-03 1.175207e-03 8.388366e-04 6.791053e-04 7.239671e-04 4.841770e-04 4.036023e-04 4.517798e-04 3.099150e-04 3.213113e-04 2.334425e-04 2.020658e-04 1.978118e-04 1.263477e-04 1.650603e-04 1.456126e-04 6.346009e-05 1.011584e-04 8.399565e-05 8.995031e-05 2.944319e-05 1.084578e-04 2.841908e-05 6.284989e-05 2.746382e-05 2.025740e-05 3.321336e-05 1.960917e-05 1.286691e-05 2.533484e-05 1.871104e-05 3.071611e-05 1.210442e-05 1.192772e-05 1.763414e-05 1.158934e-05 1.142725e-05 1.126964e-05 1.111631e-05 1.096710e-05 5.410918e-06 0.000000e+00 0.000000e+00 5.204131e-06 0.000000e+00 5.074836e-06 5.012568e-06 0.000000e+00 1.957003e-05 0.000000e+00 9.556124e-06 0.000000e+00 4.668849e-06 0.000000e+00 0.000000e+00 0.000000e+00 4.464747e-06 0.000000e+00 0.000000e+00 0.000000e+00 0.000000e+00 0.000000e+00 0.000000e+00 0.000000e+00 0.000000e+00
SPEC kp sel0 meanpt 0.5238 yield 0.09866 1.782535e-01 1.655211e-01 1.635203e-01 1.498005e-01 1.325786e-01 1.184774e-01 1.080155e-01 8.827794e-02 7.393349e-02 6.275252e-02 4.837444e-02 4.203272e-02 3.274045e-02 2.647530e-02 2.301867e-02 1.751438e-02 1.413792e-02 1.130325e-02 8.332591e-03 6.669350e-03 6.144379e-03 4.187731e-03 3.779298e-03 2.979922e-03 1.874595e-03 1.925909e-03 1.750275e-03 1.405524e-03 1.084966e-03 1.001944e-03 5.069104e-04 6.207404e-04 4.057577e-04 3.936455e-04 3.426939e-04 3.202313e-04 2.491663e-04 2.061435e-04 1.889780e-04 2.302422e-04 2.133294e-04 5.478656e-05 1.390934e-04 1.149888e-04 1.226234e-04 6.995822e-05 5.867463e-05 1.914646e-05 1.875169e-05 6.430503e-05 0.000000e+00 6.180774e-05 2.598448e-05 3.399839e-05 2.503092e-05 2.457991e-05 1.609658e-05 1.581664e-05 1.554627e-05 7.642494e-06 0.000000e+00 0.000000e+00 7.275655e-06 0.000000e+00 7.050053e-06 0.000000e+00 1.367604e-05 0.000000e+00 6.638371e-06 0.000000e+00 6.450048e-06 1.271968e-05 0.000000e+00 1.237356e-05 0.000000e+00 0.000000e+00 5.944162e-06 0.000000e+00 5.792719e-06 0.000000e+00 0.000000e+00 0.000000e+00 0.000000e+00 0.000000e+00 1.076280e-05 0.000000e+00 0.000000e+00 0.000000e+00 0.000000e+00 0.000000e+00 0.000000e+00 0.000000e+00 0.000000e+00 0.000000e+00 0.000000e+00 0.000000e+00 4.712211e-06 0.000000e+00 0.000000e+00 0.000000e+00
SPEC kp sel1 meanpt 0.5276 yield 0.16795 2.067133e-01 1.985428e-01 1.926601e-01 1.796340e-01 1.571457e-01 1.400124e-01 1.253227e-01 1.028392e-01 8.905830e-02 7.417941e-02 5.820499e-02 5.033730e-02 4.039488e-02 3.156229e-02 2.696260e-02 2.140140e-02 1.678664e-02 1.342294e-02 9.892913e-03 8.359036e-03 7.313582e-03 5.111304e-03 4.176026e-03 3.581107e-03 2.401122e-03 2.403084e-03 1.988666e-03 1.648953e-03 1.361748e-03 1.260194e-03 7.634717e-04 7.262654e-04 5.656490e-04 4.024269e-04 4.618101e-04 3.567395e-04 3.469659e-04 2.505616e-04 2.440535e-04 2.585597e-04 3.026106e-04 6.890771e-05 1.826344e-04 1.314791e-04 1.285245e-04 9.876412e-05 7.906922e-05 4.300256e-05 4.211591e-05 9.903620e-05 8.089590e-06 4.759507e-05 3.890708e-05 3.054387e-05 2.998344e-05 2.944319e-05 7.230519e-06 1.420954e-05 2.094996e-05 6.865955e-06 0.000000e+00 6.642672e-06 6.536389e-06 0.000000e+00 1.266742e-05 0.000000e+00 1.228645e-05 0.000000e+00 1.192772e-05 0.000000e+00 1.158934e-05 1.142725e-05 5.634818e-06 1.111631e-05 0.000000e+00 0.000000e+00 5.340187e-06 5.271281e-06 5.204131e-06 0.000000e+00 0.000000e+00 0.000000e+00 4.951810e-06 0.000000e+00 9.669214e-06 0.000000e+00 0.000000e+00 0.000000e+00 0.000000e+00 0.000000e+00 0.000000e+00 4.464747e-06 0.000000e+00 0.000000e+00 0.000000e+00 4.277741e-06 4.233413e-06 0.000000e+00 0.000000e+00 0.000000e+00
SPEC km sel0 meanpt 0.5257 yield 0.09432 1.482415e-01 1.530919e-01 1.522431e-01 1.522691e-01 1.313660e-01 1.096309e-01 9.283455e-02 8.245742e-02 6.922571e-02 6.189093e-02 4.781144e-02 3.985793e-02 3.423195e-02 2.711529e-02 2.066662e-02 1.742637e-02 1.364185e-02 1.073159e-02 7.914732e-03 6.902544e-03 5.789469e-03 4.378083e-03 3.678248e-03 2.592919e-03 2.004517e-03 1.979406e-03 1.595839e-03 1.190562e-03 9.892337e-04 8.169697e-04 7.603655e-04 6.351762e-04 4.337409e-04 3.664975e-04 3.031523e-04 2.561850e-04 2.865412e-04 1.940175e-04 2.126003e-04 1.496575e-04 8.982290e-05 7.670118e-05 7.489644e-05 1.045353e-04 4.087446e-05 7.995225e-05 2.933732e-05 8.615907e-05 3.750337e-05 4.593216e-05 5.402714e-05 1.765936e-05 1.732299e-05 2.549879e-05 2.503092e-05 0.000000e+00 8.048290e-06 3.163328e-05 7.773135e-06 1.528499e-05 7.516172e-06 0.000000e+00 7.275655e-06 0.000000e+00 0.000000e+00 1.388484e-05 6.838021e-06 0.000000e+00 0.000000e+00 6.542855e-06 6.450048e-06 0.000000e+00 0.000000e+00 6.186781e-06 0.000000e+00 0.000000e+00 0.000000e+00 0.000000e+00 0.000000e+00 0.000000e+00 0.000000e+00 0.000000e+00 5.511860e-06 0.000000e+00 5.381401e-06 1.063692e-05 0.000000e+00 0.000000e+00 0.000000e+00 0.000000e+00 0.000000e+00 0.000000e+00 0.000000e+00 0.000000e+00 0.000000e+00 0.000000e+00 0.000000e+00 0.000000e+00 0.000000e+00 0.000000e+00
SPEC km sel1 meanpt 0.5276 yield 0.16054 1.740314e-01 1.824742e-01 1.866139e-01 1.733310e-01 1.560563e-01 1.305792e-01 1.135069e-01 9.679303e-02 8.035913e-02 7.271733e-02 5.832171e-02 4.639415e-02 4.052561e-02 3.362004e-02 2.569477e-02 2.103241e-02 1.631621e-02 1.283934e-02 9.318771e-03 8.484736e-03 6.974805e-03 5.035300e-03 4.521002e-03 2.903130e-03 2.417797e-03 2.322981e-03 1.865337e-03 1.233001e-03 1.189737e-03 9.139866e-04 7.768659e-04 7.911106e-04 5.907890e-04 4.512060e-04 3.552385e-04 4.372936e-04 3.581583e-04 2.614556e-04 2.440535e-04 1.965054e-04 1.210442e-04 8.859563e-05 1.057357e-04 1.314791e-04 7.344257e-05 8.978556e-05 4.392735e-05 7.740461e-05 3.369273e-05 5.777111e-05 6.471672e-05 2.379753e-05 3.112566e-05 3.054387e-05 3.747929e-05 0.000000e+00 1.446104e-05 2.841908e-05 6.983322e-06 2.059786e-05 1.350494e-05 0.000000e+00 6.536389e-06 0.000000e+00 6.333710e-06 1.247402e-05 6.143223e-06 6.052212e-06 5.963859e-06 5.878048e-06 5.794671e-06 0.000000e+00 0.000000e+00 5.558154e-06 0.000000e+00 0.000000e+00 0.000000e+00 0.000000e+00 5.204131e-06 0.000000e+00 0.000000e+00 0.000000e+00 4.951810e-06 0.000000e+00 4.834607e-06 9.556124e-06 0.000000e+00 0.000000e+00 0.000000e+00 0.000000e+00 0.000000e+00 0.000000e+00 0.000000e+00 0.000000e+00 0.000000e+00 0.000000e+00 0.000000e+00 0.000000e+00 0.000000e+00 0.000000e+00
SPEC p sel0 meanpt 0.5834 yield 0.05330 6.911872e-02 7.336285e-02 6.711791e-02 6.340213e-02 5.709368e-02 5.109494e-02 4.806129e-02 4.322951e-02 3.867866e-02 3.374563e-02 2.745693e-02 2.344817e-02 2.008081e-02 1.815545e-02 1.448859e-02 1.111884e-02 9.149687e-03 7.457546e-03 6.464517e-03 4.547284e-03 3.770919e-03 3.299425e-03 2.607110e-03 2.263967e-03 1.354905e-03 1.248274e-03 1.166850e-03 1.140955e-03 1.021144e-03 7.244825e-04 3.876373e-04 5.052538e-04 4.197493e-04 2.850536e-04 1.845275e-04 3.202313e-04 1.868747e-04 1.940175e-04 7.086677e-05 9.209689e-05 1.122786e-04 9.861580e-05 8.559594e-05 6.272116e-05 3.065585e-05 3.997612e-05 5.867463e-05 4.786615e-05 6.563090e-05 5.511860e-05 1.800905e-05 2.648903e-05 8.661494e-06 0.000000e+00 8.343641e-06 1.638661e-05 8.048290e-06 7.908320e-06 7.773135e-06 1.528499e-05 0.000000e+00 0.000000e+00 0.000000e+00 0.000000e+00 0.000000e+00 0.000000e+00 0.000000e+00 0.000000e+00 0.000000e+00 0.000000e+00 0.000000e+00 6.359838e-06 0.000000e+00 0.000000e+00 0.000000e+00 0.000000e+00 0.000000e+00 0.000000e+00 0.000000e+00 0.000000e+00 0.000000e+00 0.000000e+00 0.000000e+00 0.000000e+00 0.000000e+00 0.000000e+00 0.000000e+00 0.000000e+00 0.000000e+00 0.000000e+00 0.000000e+00 0.000000e+00 0.000000e+00 0.000000e+00 0.000000e+00 0.000000e+00 0.000000e+00 0.000000e+00 4.616532e-06 0.000000e+00
SPEC p sel1 meanpt 0.5842 yield 0.09200 8.497306e-02 8.279426e-02 7.925372e-02 7.808650e-02 6.872287e-02 6.365552e-02 5.838755e-02 5.180088e-02 4.767719e-02 3.982037e-02 3.454948e-02 2.760203e-02 2.408659e-02 2.051700e-02 1.749611e-02 1.373169e-02 1.106729e-02 8.917502e-03 7.795085e-03 5.614591e-03 4.463875e-03 4.294256e-03 3.322664e-03 2.798826e-03 1.700795e-03 1.714200e-03 1.449105e-03 1.262712e-03 1.032061e-03 8.032003e-04 5.357696e-04 7.132964e-04 4.525192e-04 3.658427e-04 2.486670e-04 3.567395e-04 2.574263e-04 2.069857e-04 1.485543e-04 8.273910e-05 1.210442e-04 1.082836e-04 8.651103e-05 4.695682e-05 4.590161e-05 4.489278e-05 7.906922e-05 6.880409e-05 6.738545e-05 4.951810e-05 2.426877e-05 2.379753e-05 1.556283e-05 7.635968e-06 1.499172e-05 1.472160e-05 7.230519e-06 7.104771e-06 6.983322e-06 1.373191e-05 0.000000e+00 0.000000e+00 0.000000e+00 6.433454e-06 0.000000e+00 0.000000e+00 0.000000e+00 6.052212e-06 0.000000e+00 0.000000e+00 0.000000e+00 5.713627e-06 0.000000e+00 0.000000e+00 0.000000e+00 0.000000e+00 5.340187e-06 0.000000e+00 0.000000e+00 5.138671e-06 0.000000e+00 0.000000e+00 0.000000e+00 0.000000e+00 0.000000e+00 0.000000e+00 0.000000e+00 0.000000e+00 0.000000e+00 0.000000e+00 0.000000e+00 0.000000e+00 0.000000e+00 0.000000e+00 0.000000e+00 0.000000e+00 0.000000e+00 0.000000e+00 4.147455e-06 0.000000e+00
SPEC pbar sel0 meanpt 0.5741 yield 0.04862 6.184306e-02 6.851241e-02 6.038793e-02 5.820524e-02 5.476951e-02 4.704372e-02 4.470330e-02 4.134997e-02 3.471985e-02 3.202245e-02 2.524825e-02 2.162926e-02 1.826189e-02 1.653864e-02 1.232471e-02 1.012137e-02 7.248095e-03 6.470136e-03 5.850020e-03 4.547284e-03 3.926192e-03 3.299425e-03 2.182696e-03 1.954365e-03 1.521948e-03 1.034284e-03 9.952546e-04 8.929212e-04 5.265276e-04 4.778502e-04 4.621830e-04 3.464597e-04 3.357994e-04 2.850536e-04 3.031523e-04 3.202313e-04 1.121248e-04 7.275655e-05 9.448902e-05 1.381453e-04 7.859503e-05 6.574387e-05 1.069949e-05 7.317469e-05 9.196754e-05 3.997612e-05 1.955821e-05 1.914646e-05 9.375843e-06 9.186433e-06 0.000000e+00 8.829678e-06 1.732299e-05 0.000000e+00 8.343641e-06 8.193305e-06 1.609658e-05 7.908320e-06 7.773135e-06 0.000000e+00 0.000000e+00 0.000000e+00 7.275655e-06 0.000000e+00 0.000000e+00 0.000000e+00 0.000000e+00 0.000000e+00 0.000000e+00 1.308571e-05 0.000000e+00 0.000000e+00 0.000000e+00 0.000000e+00 0.000000e+00 6.022893e-06 0.000000e+00 0.000000e+00 0.000000e+00 0.000000e+00 0.000000e+00 0.000000e+00 0.000000e+00 0.000000e+00 0.000000e+00 0.000000e+00 0.000000e+00 0.000000e+00 0.000000e+00 0.000000e+00 0.000000e+00 0.000000e+00 0.000000e+00 0.000000e+00 0.000000e+00 0.000000e+00 0.000000e+00 0.000000e+00 0.000000e+00 0.000000e+00
SPEC pbar sel1 meanpt 0.5753 yield 0.08324 7.271733e-02 7.952607e-02 7.337097e-02 7.084979e-02 6.754269e-02 5.763907e-02 5.342241e-02 4.782458e-02 4.171754e-02 3.822927e-02 3.038643e-02 2.500879e-02 2.251786e-02 1.994204e-02 1.434061e-02 1.199217e-02 9.086571e-03 7.540192e-03 7.243026e-03 5.027992e-03 4.722940e-03 3.743223e-03 2.523772e-03 2.485914e-03 1.750818e-03 1.249604e-03 1.156201e-03 1.084446e-03 6.307042e-04 6.785658e-04 6.563177e-04 4.150088e-04 4.902292e-04 3.048689e-04 3.433972e-04 3.452318e-04 1.566943e-04 1.089398e-04 1.273323e-04 1.654782e-04 1.311313e-04 6.890771e-05 9.612337e-06 6.573954e-05 9.180322e-05 5.387134e-05 3.514188e-05 2.580154e-05 5.053909e-05 2.475905e-05 8.089590e-06 1.586502e-05 1.556283e-05 0.000000e+00 7.495859e-06 2.208240e-05 1.446104e-05 7.104771e-06 6.983322e-06 6.865955e-06 0.000000e+00 0.000000e+00 6.536389e-06 0.000000e+00 0.000000e+00 0.000000e+00 6.143223e-06 0.000000e+00 0.000000e+00 1.175610e-05 0.000000e+00 0.000000e+00 0.000000e+00 0.000000e+00 0.000000e+00 5.410918e-06 0.000000e+00 0.000000e+00 0.000000e+00 0.000000e+00 0.000000e+00 0.000000e+00 0.000000e+00 0.000000e+00 0.000000e+00 0.000000e+00 0.000000e+00 0.000000e+00 0.000000e+00 0.000000e+00 0.000000e+00 0.000000e+00 0.000000e+00 0.000000e+00 0.000000e+00 0.000000e+00 0.000000e+00 0.000000e+00 0.000000e+00 0.000000e+00
SPEC pinc sel0 meanpt 0.5635 yield 0.07530 1.054970e-01 1.112569e-01 1.004040e-01 9.887095e-02 8.932887e-02 7.738651e-02 7.212692e-02 6.244937e-02 5.403243e-02 4.858414e-02 3.936649e-02 3.254274e-02 2.772024e-02 2.458902e-02 1.956900e-02 1.540209e-02 1.187806e-02 9.614258e-03 7.914732e-03 6.086365e-03 5.124013e-03 4.251182e-03 3.233624e-03 3.115373e-03 1.818914e-03 1.658421e-03 1.458563e-03 1.322846e-03 1.196654e-03 8.786278e-04 5.367286e-04 5.629971e-04 5.596657e-04 3.936455e-04 2.636107e-04 4.098960e-04 2.242496e-04 2.667740e-04 1.417335e-04 1.036090e-04 1.122786e-04 1.424450e-04 9.629543e-05 6.272116e-05 5.109308e-05 4.997015e-05 7.823284e-05 6.701261e-05 6.563090e-05 5.511860e-05 2.701357e-05 3.531871e-05 1.732299e-05 1.699919e-05 2.503092e-05 1.638661e-05 1.609658e-05 1.581664e-05 7.773135e-06 1.528499e-05 0.000000e+00 0.000000e+00 0.000000e+00 0.000000e+00 0.000000e+00 0.000000e+00 0.000000e+00 0.000000e+00 0.000000e+00 0.000000e+00 0.000000e+00 6.359838e-06 0.000000e+00 0.000000e+00 0.000000e+00 0.000000e+00 0.000000e+00 0.000000e+00 0.000000e+00 0.000000e+00 0.000000e+00 5.579490e-06 0.000000e+00 0.000000e+00 0.000000e+00 0.000000e+00 0.000000e+00 0.000000e+00 0.000000e+00 0.000000e+00 0.000000e+00 0.000000e+00 0.000000e+00 0.000000e+00 0.000000e+00 0.000000e+00 0.000000e+00 0.000000e+00 4.616532e-06 0.000000e+00
SPEC pinc sel1 meanpt 0.5643 yield 0.13024 1.274596e-01 1.277319e-01 1.202696e-01 1.194058e-01 1.067610e-01 9.425770e-02 8.792700e-02 7.451483e-02 6.762279e-02 5.844048e-02 4.906182e-02 3.911176e-02 3.346631e-02 2.853618e-02 2.341267e-02 1.895026e-02 1.448404e-02 1.178884e-02 9.782501e-03 7.311538e-03 6.157757e-03 5.358319e-03 4.176026e-03 3.685411e-03 2.217703e-03 2.194817e-03 1.834505e-03 1.559820e-03 1.290077e-03 9.693797e-04 7.500774e-04 8.040796e-04 6.033590e-04 4.877902e-04 3.433972e-04 4.488014e-04 3.021961e-04 2.941375e-04 2.334425e-04 9.308149e-05 1.210442e-04 1.575033e-04 1.057357e-04 5.634818e-05 6.426225e-05 5.387134e-05 9.664016e-05 8.600512e-05 6.738545e-05 4.951810e-05 3.235836e-05 3.173004e-05 2.334425e-05 2.290791e-05 2.998344e-05 1.472160e-05 1.446104e-05 7.104771e-06 6.983322e-06 1.373191e-05 0.000000e+00 0.000000e+00 0.000000e+00 6.433454e-06 0.000000e+00 0.000000e+00 0.000000e+00 6.052212e-06 0.000000e+00 5.878048e-06 0.000000e+00 5.713627e-06 0.000000e+00 0.000000e+00 0.000000e+00 0.000000e+00 5.340187e-06 0.000000e+00 0.000000e+00 5.138671e-06 0.000000e+00 5.012568e-06 0.000000e+00 0.000000e+00 0.000000e+00 0.000000e+00 0.000000e+00 0.000000e+00 0.000000e+00 0.000000e+00 0.000000e+00 0.000000e+00 0.000000e+00 0.000000e+00 0.000000e+00 0.000000e+00 0.000000e+00 0.000000e+00 4.147455e-06 0.000000e+00
SPEC pbarinc sel0 meanpt 0.5525 yield 0.06910 9.185514e-02 1.100443e-01 9.494729e-02 8.886692e-02 8.377108e-02 7.168173e-02 7.023805e-02 5.905406e-02 4.900367e-02 4.528138e-02 3.637827e-02 3.246365e-02 2.462809e-02 2.162486e-02 1.658975e-02 1.349517e-02 9.728432e-03 8.782754e-03 7.767253e-03 5.666616e-03 4.835648e-03 4.208882e-03 2.849631e-03 2.650970e-03 1.856034e-03 1.390934e-03 1.321286e-03 1.140955e-03 6.382153e-04 6.165809e-04 6.112743e-04 4.908180e-04 4.477326e-04 3.664975e-04 3.295133e-04 3.586590e-04 1.370414e-04 9.700873e-05 1.299224e-04 1.611696e-04 1.122786e-04 9.861580e-05 1.069949e-05 8.362821e-05 9.196754e-05 5.996419e-05 1.955821e-05 1.914646e-05 9.375843e-06 9.186433e-06 0.000000e+00 8.829678e-06 1.732299e-05 0.000000e+00 1.668728e-05 1.638661e-05 1.609658e-05 7.908320e-06 7.773135e-06 0.000000e+00 0.000000e+00 0.000000e+00 7.275655e-06 0.000000e+00 0.000000e+00 0.000000e+00 6.838021e-06 0.000000e+00 6.638371e-06 1.308571e-05 0.000000e+00 0.000000e+00 0.000000e+00 0.000000e+00 0.000000e+00 6.022893e-06 0.000000e+00 0.000000e+00 0.000000e+00 0.000000e+00 0.000000e+00 0.000000e+00 0.000000e+00 0.000000e+00 0.000000e+00 0.000000e+00 0.000000e+00 0.000000e+00 0.000000e+00 0.000000e+00 0.000000e+00 0.000000e+00 0.000000e+00 0.000000e+00 0.000000e+00 0.000000e+00 0.000000e+00 0.000000e+00 0.000000e+00 0.000000e+00
SPEC pbarinc sel1 meanpt 0.5560 yield 0.11861 1.127527e-01 1.250084e-01 1.148770e-01 1.071501e-01 1.014956e-01 8.645860e-02 8.195626e-02 6.988489e-02 5.868332e-02 5.495727e-02 4.365374e-02 3.737109e-02 3.078639e-02 2.605477e-02 1.969369e-02 1.636733e-02 1.233001e-02 1.055160e-02 9.473347e-03 6.431639e-03 6.117901e-03 4.921293e-03 3.395291e-03 3.355115e-03 2.117657e-03 1.762262e-03 1.557017e-03 1.411266e-03 7.597119e-04 9.139866e-04 8.170486e-04 6.225132e-04 6.033590e-04 4.024269e-04 3.789211e-04 3.912627e-04 2.014640e-04 1.525157e-04 1.591653e-04 1.861630e-04 1.714793e-04 9.843959e-05 1.922467e-05 7.513091e-05 9.180322e-05 8.080701e-05 3.514188e-05 3.440205e-05 5.053909e-05 2.475905e-05 8.089590e-06 1.586502e-05 1.556283e-05 0.000000e+00 1.499172e-05 2.944319e-05 1.446104e-05 7.104771e-06 6.983322e-06 6.865955e-06 0.000000e+00 0.000000e+00 6.536389e-06 0.000000e+00 0.000000e+00 0.000000e+00 1.228645e-05 0.000000e+00 5.963859e-06 1.175610e-05 0.000000e+00 0.000000e+00 0.000000e+00 0.000000e+00 0.000000e+00 5.410918e-06 0.000000e+00 0.000000e+00 0.000000e+00 0.000000e+00 0.000000e+00 0.000000e+00 0.000000e+00 0.000000e+00 0.000000e+00 0.000000e+00 0.000000e+00 0.000000e+00 0.000000e+00 0.000000e+00 0.000000e+00 0.000000e+00 0.000000e+00 0.000000e+00 0.000000e+00 0.000000e+00 0.000000e+00 0.000000e+00 0.000000e+00 0.000000e+00
SPEC chpm sel0eta05 meanpt 0.4627 yield 2.15678 3.299600e+00 3.127289e+00 3.351676e+00 3.106068e+00 2.627683e+00 2.134644e+00 1.731116e+00 1.385072e+00 1.116144e+00 8.878835e-01 6.981294e-01 5.635192e-01 4.439022e-01 3.510604e-01 2.771491e-01 2.200035e-01 1.675275e-01 1.323078e-01 1.034249e-01 8.241778e-02 6.625504e-02 5.193633e-02 4.006460e-02 3.119437e-02 2.450337e-02 2.140790e-02 1.694850e-02 1.393619e-02 1.109059e-02 9.128480e-03 7.670746e-03 6.447038e-03 5.465136e-03 4.114274e-03 3.570607e-03 3.290697e-03 2.781941e-03 2.189972e-03 1.727968e-03 1.676163e-03 1.398992e-03 9.817751e-04 9.586745e-04 7.829691e-04 6.938440e-04 5.876490e-04 5.065577e-04 5.361009e-04 3.544069e-04 4.372742e-04 2.773393e-04 2.534118e-04 2.364588e-04 1.844412e-04 2.044192e-04 1.204416e-04 2.197183e-04 1.107165e-04 1.305887e-04 9.629543e-05 5.261320e-05 5.693348e-05 5.602254e-05 2.506377e-05 5.922044e-05 3.887754e-05 5.743938e-05 2.829421e-05 3.717488e-05 3.205999e-05 4.063530e-05 3.116321e-05 2.634289e-05 3.464597e-05 2.563570e-05 1.264807e-05 1.664365e-05 8.214449e-06 2.027452e-05 4.003898e-06 7.908320e-06 7.811286e-06 7.716603e-06 1.524838e-05 2.260189e-05 1.489169e-05 0.000000e+00 3.637827e-06 0.000000e+00 0.000000e+00 3.517236e-06 1.391519e-05 6.882376e-06 6.808768e-06 0.000000e+00 3.333088e-06 3.298548e-06 0.000000e+00 3.231572e-06 0.000000e+00
