# gen_world fine_p2.60_s0.380_k0.270_q0.110 mode set MultipartonInteractions:pT0Ref=2.60;StringPT:sigma=0.380;StringFlav:probStoUD=0.27;StringFlav:probQQtoQ=0.11 nev 200000 seed 20260938
SUMMARY nev 200000 nnsd 155738 dnde 2.0887 eps 0.5083 classN 17.0690 15.3261 7.0933 1.1171 meanpt_ch05 0.4609
SPEC pip sel0 meanpt 0.4028 yield 0.73286 2.968467e+00 2.750501e+00 2.262910e+00 1.777338e+00 1.398846e+00 1.075970e+00 8.341118e-01 6.426828e-01 5.035716e-01 3.835993e-01 3.002507e-01 2.320301e-01 1.774896e-01 1.385743e-01 1.049325e-01 8.164575e-02 6.534309e-02 5.004611e-02 3.836925e-02 2.809988e-02 2.373460e-02 1.844294e-02 1.453110e-02 1.091348e-02 9.205930e-03 6.865507e-03 5.765613e-03 3.935468e-03 3.733560e-03 2.867101e-03 2.474915e-03 2.165373e-03 1.609039e-03 1.235232e-03 1.014901e-03 1.050359e-03 8.222486e-04 6.305567e-04 5.669341e-04 6.331661e-04 4.042030e-04 3.396766e-04 2.888863e-04 2.717917e-04 2.452468e-04 1.798926e-04 1.662448e-04 1.053055e-04 1.406377e-04 8.267789e-05 1.080543e-04 7.946710e-05 9.527643e-05 4.249798e-05 8.343641e-05 3.277322e-05 1.609658e-05 3.163328e-05 4.663881e-05 1.528499e-05 1.503234e-05 7.393958e-06 7.275655e-06 1.432215e-05 7.050053e-06 2.082726e-05 2.735208e-05 6.736717e-06 1.327674e-05 2.617142e-05 0.000000e+00 6.359838e-06 0.000000e+00 2.474712e-05 1.220747e-05 0.000000e+00 5.944162e-06 0.000000e+00 5.792719e-06 5.719854e-06 5.648800e-06 5.579490e-06 0.000000e+00 0.000000e+00 0.000000e+00 0.000000e+00 5.256976e-06 5.196896e-06 0.000000e+00 0.000000e+00 0.000000e+00 0.000000e+00 0.000000e+00 9.726811e-06 0.000000e+00 4.761554e-06 0.000000e+00 0.000000e+00 4.616532e-06 0.000000e+00
SPEC pip sel1 meanpt 0.4047 yield 1.24022 3.431267e+00 3.258491e+00 2.671434e+00 2.116760e+00 1.640464e+00 1.274564e+00 9.827607e-01 7.552548e-01 5.950819e-01 4.561511e-01 3.557131e-01 2.758350e-01 2.138390e-01 1.628443e-01 1.280174e-01 9.726235e-02 7.692424e-02 6.077917e-02 4.538520e-02 3.389697e-02 2.809588e-02 2.118031e-02 1.704142e-02 1.280252e-02 1.156252e-02 7.774762e-03 6.895205e-03 4.949907e-03 4.833598e-03 3.699770e-03 2.827927e-03 2.543496e-03 2.062747e-03 1.586295e-03 1.350739e-03 1.243601e-03 1.041539e-03 8.393537e-04 6.901415e-04 7.658084e-04 5.248484e-04 4.531013e-04 3.654940e-04 3.382975e-04 2.847654e-04 2.425705e-04 2.021903e-04 1.376930e-04 1.854242e-04 1.238716e-04 1.052295e-04 8.731141e-05 1.323656e-04 5.348473e-05 1.200077e-04 7.365336e-05 4.340985e-05 4.265490e-05 6.987626e-05 1.374037e-05 2.026989e-05 1.329353e-05 6.540418e-06 2.574968e-05 1.901284e-05 3.120428e-05 2.458804e-05 1.211189e-05 1.193507e-05 2.352668e-05 0.000000e+00 5.717149e-06 0.000000e+00 2.224632e-05 1.097386e-05 0.000000e+00 5.343479e-06 0.000000e+00 5.207339e-06 1.028368e-05 5.077964e-06 5.015658e-06 4.954862e-06 0.000000e+00 0.000000e+00 0.000000e+00 4.725736e-06 4.671727e-06 0.000000e+00 4.567331e-06 0.000000e+00 0.000000e+00 0.000000e+00 8.743874e-06 0.000000e+00 4.280378e-06 0.000000e+00 0.000000e+00 4.150011e-06 0.000000e+00
SPEC pim sel0 meanpt 0.4019 yield 0.72029 3.003026e+00 2.689870e+00 2.246904e+00 1.754602e+00 1.390357e+00 1.067124e+00 8.128445e-01 6.189763e-01 4.866664e-01 3.720157e-01 2.928884e-01 2.323069e-01 1.705413e-01 1.369238e-01 1.042426e-01 8.284858e-02 6.289032e-02 5.056580e-02 3.645201e-02 3.036187e-02 2.295824e-02 1.846409e-02 1.416732e-02 1.075868e-02 8.389275e-03 6.562355e-03 5.062071e-03 4.051217e-03 3.701649e-03 2.558811e-03 2.310915e-03 2.021015e-03 1.692989e-03 1.357398e-03 1.054443e-03 9.222661e-04 7.225821e-04 7.518176e-04 4.252006e-04 4.029239e-04 4.378866e-04 4.054205e-04 2.995858e-04 3.031523e-04 1.941537e-04 1.998806e-04 1.271284e-04 1.435984e-04 1.125101e-04 1.469829e-04 1.170588e-04 1.147858e-04 6.063045e-05 4.249798e-05 2.503092e-05 4.096652e-05 4.828974e-05 4.744992e-05 2.331941e-05 3.056998e-05 7.516172e-06 2.957583e-05 4.365393e-05 2.148323e-05 0.000000e+00 1.388484e-05 6.838021e-06 0.000000e+00 1.327674e-05 6.542855e-06 0.000000e+00 1.271968e-05 1.881635e-05 1.856034e-05 6.103737e-06 6.022893e-06 5.944162e-06 0.000000e+00 0.000000e+00 5.719854e-06 0.000000e+00 1.115898e-05 0.000000e+00 0.000000e+00 0.000000e+00 0.000000e+00 0.000000e+00 5.196896e-06 0.000000e+00 0.000000e+00 0.000000e+00 0.000000e+00 0.000000e+00 0.000000e+00 0.000000e+00 0.000000e+00 0.000000e+00 0.000000e+00 0.000000e+00 0.000000e+00
SPEC pim sel1 meanpt 0.4040 yield 1.22133 3.568616e+00 3.206712e+00 2.654102e+00 2.080087e+00 1.627474e+00 1.256504e+00 9.564104e-01 7.428280e-01 5.784423e-01 4.417364e-01 3.439559e-01 2.794251e-01 2.036359e-01 1.618753e-01 1.242679e-01 9.913481e-02 7.491752e-02 5.979811e-02 4.434669e-02 3.614000e-02 2.743785e-02 2.239713e-02 1.662356e-02 1.304605e-02 1.064486e-02 8.207584e-03 6.108504e-03 5.291793e-03 4.604110e-03 3.450348e-03 2.720707e-03 2.569450e-03 2.075325e-03 1.732723e-03 1.386284e-03 1.139967e-03 9.295457e-04 8.938571e-04 4.777903e-04 5.691820e-04 5.551281e-04 4.925014e-04 3.558757e-04 3.007089e-04 2.572075e-04 2.874909e-04 1.846086e-04 1.721163e-04 1.517107e-04 1.899364e-04 1.376078e-04 1.190610e-04 7.786212e-05 5.348473e-05 3.750240e-05 3.682668e-05 5.787981e-05 5.687320e-05 4.192576e-05 2.748075e-05 3.378315e-05 2.658707e-05 3.270209e-05 3.218710e-05 1.267523e-05 1.872257e-05 0.000000e+00 0.000000e+00 1.193507e-05 1.176334e-05 0.000000e+00 1.143430e-05 1.691487e-05 1.668474e-05 1.646078e-05 5.414253e-06 5.343479e-06 0.000000e+00 0.000000e+00 0.000000e+00 0.000000e+00 1.504697e-05 4.954862e-06 0.000000e+00 0.000000e+00 4.781007e-06 4.725736e-06 4.671727e-06 0.000000e+00 0.000000e+00 0.000000e+00 0.000000e+00 0.000000e+00 0.000000e+00 0.000000e+00 0.000000e+00 0.000000e+00 0.000000e+00 0.000000e+00 0.000000e+00
SPEC kp sel0 meanpt 0.5265 yield 0.09656 1.727968e-01 1.652180e-01 1.520612e-01 1.413556e-01 1.324775e-01 1.168239e-01 9.885096e-02 8.561020e-02 7.088413e-02 6.217813e-02 4.967367e-02 4.108372e-02 3.368628e-02 2.832790e-02 2.210921e-02 1.754372e-02 1.391745e-02 1.052371e-02 8.602970e-03 6.925863e-03 5.412377e-03 4.695335e-03 2.950682e-03 3.037973e-03 2.320043e-03 2.050736e-03 1.407084e-03 1.207097e-03 1.053055e-03 6.165809e-04 7.901838e-04 5.918687e-04 6.436156e-04 5.293853e-04 3.954160e-04 1.921388e-04 2.616246e-04 9.700873e-05 2.126003e-04 1.151211e-04 1.347343e-04 9.861580e-05 1.604924e-04 6.272116e-05 4.087446e-05 4.997015e-05 1.955821e-05 3.829292e-05 0.000000e+00 4.593216e-05 4.502261e-05 5.297807e-05 2.598448e-05 8.499596e-06 5.006184e-05 3.277322e-05 2.414487e-05 1.581664e-05 3.109254e-05 7.642494e-06 1.503234e-05 0.000000e+00 0.000000e+00 1.432215e-05 1.410011e-05 0.000000e+00 2.051406e-05 6.736717e-06 0.000000e+00 6.542855e-06 6.450048e-06 6.359838e-06 6.272116e-06 0.000000e+00 0.000000e+00 0.000000e+00 5.944162e-06 0.000000e+00 0.000000e+00 5.719854e-06 5.648800e-06 0.000000e+00 0.000000e+00 5.445849e-06 0.000000e+00 0.000000e+00 0.000000e+00 0.000000e+00 0.000000e+00 5.080764e-06 0.000000e+00 0.000000e+00 4.915983e-06 0.000000e+00 0.000000e+00 0.000000e+00 0.000000e+00 0.000000e+00 0.000000e+00 0.000000e+00
SPEC kp sel1 meanpt 0.5279 yield 0.16355 2.084758e-01 1.970301e-01 1.798615e-01 1.700509e-01 1.585143e-01 1.333353e-01 1.172873e-01 1.030116e-01 8.574681e-02 7.091190e-02 5.898056e-02 4.862659e-02 3.943872e-02 3.255069e-02 2.596433e-02 2.080802e-02 1.635105e-02 1.298740e-02 1.042932e-02 8.259374e-03 6.480597e-03 5.646814e-03 3.778908e-03 3.652893e-03 2.986568e-03 2.436626e-03 1.758509e-03 1.456729e-03 1.190471e-03 8.314091e-04 8.845647e-04 6.877821e-04 7.672414e-04 6.467204e-04 4.147004e-04 3.109002e-04 2.575850e-04 1.853118e-04 2.335864e-04 1.862777e-04 2.018648e-04 1.083503e-04 1.731287e-04 8.457437e-05 9.185980e-05 7.187273e-05 5.274531e-05 3.442325e-05 8.428374e-06 3.303241e-05 3.237831e-05 5.556180e-05 3.893106e-05 7.640675e-06 4.500288e-05 3.682668e-05 2.893990e-05 1.421830e-05 2.795050e-05 1.374037e-05 1.351326e-05 0.000000e+00 0.000000e+00 1.931226e-05 1.267523e-05 6.240857e-06 2.458804e-05 6.055943e-06 5.967535e-06 5.881671e-06 5.798243e-06 5.717149e-06 5.638291e-06 0.000000e+00 0.000000e+00 0.000000e+00 0.000000e+00 5.274531e-06 0.000000e+00 5.141838e-06 5.077964e-06 0.000000e+00 0.000000e+00 4.895523e-06 0.000000e+00 0.000000e+00 0.000000e+00 0.000000e+00 0.000000e+00 4.567331e-06 0.000000e+00 0.000000e+00 4.419201e-06 0.000000e+00 0.000000e+00 0.000000e+00 0.000000e+00 0.000000e+00 0.000000e+00 0.000000e+00
SPEC km sel0 meanpt 0.5186 yield 0.09050 1.555171e-01 1.597612e-01 1.489690e-01 1.321311e-01 1.208567e-01 1.085561e-01 9.311439e-02 8.245742e-02 7.115162e-02 5.930616e-02 4.750829e-02 3.705048e-02 3.175823e-02 2.506059e-02 2.113703e-02 1.686896e-02 1.204341e-02 1.073159e-02 7.570614e-03 6.622711e-03 5.190558e-03 3.447476e-03 3.011313e-03 2.863821e-03 1.948836e-03 1.640589e-03 1.321286e-03 1.058277e-03 8.615907e-04 5.703373e-04 4.621830e-04 5.485613e-04 4.057577e-04 3.393496e-04 3.954160e-04 3.330405e-04 2.616246e-04 1.818914e-04 1.063001e-04 1.036090e-04 1.459622e-04 1.095731e-04 1.283939e-04 5.226763e-05 1.328420e-04 1.998806e-05 4.889553e-05 3.829292e-05 4.687922e-05 4.593216e-05 1.800905e-05 3.531871e-05 0.000000e+00 1.699919e-05 8.343641e-06 4.096652e-05 0.000000e+00 7.908320e-06 0.000000e+00 7.642494e-06 0.000000e+00 0.000000e+00 1.455131e-05 0.000000e+00 0.000000e+00 6.942418e-06 1.367604e-05 0.000000e+00 0.000000e+00 6.542855e-06 0.000000e+00 0.000000e+00 0.000000e+00 6.186781e-06 0.000000e+00 0.000000e+00 0.000000e+00 0.000000e+00 0.000000e+00 0.000000e+00 0.000000e+00 0.000000e+00 0.000000e+00 0.000000e+00 0.000000e+00 0.000000e+00 0.000000e+00 0.000000e+00 0.000000e+00 0.000000e+00 0.000000e+00 0.000000e+00 0.000000e+00 0.000000e+00 0.000000e+00 0.000000e+00 0.000000e+00 0.000000e+00 0.000000e+00 4.570135e-06
SPEC km sel1 meanpt 0.5225 yield 0.15439 1.888546e-01 1.817691e-01 1.711954e-01 1.601235e-01 1.496121e-01 1.275382e-01 1.126964e-01 9.788826e-02 8.478498e-02 6.944891e-02 5.613859e-02 4.468101e-02 3.767281e-02 3.018887e-02 2.430104e-02 1.959488e-02 1.479026e-02 1.212313e-02 9.390803e-03 8.091671e-03 6.261254e-03 4.334928e-03 3.760740e-03 3.478946e-03 2.486026e-03 1.891592e-03 1.419147e-03 1.382407e-03 1.147442e-03 9.145500e-04 5.897098e-04 7.915982e-04 5.911532e-04 4.636864e-04 4.976405e-04 4.490780e-04 3.247810e-04 1.635105e-04 1.061756e-04 1.345339e-04 1.513986e-04 1.379004e-04 1.346557e-04 7.517722e-05 1.377897e-04 2.695227e-05 9.669973e-05 3.442325e-05 4.214187e-05 4.954862e-05 3.237831e-05 3.174960e-05 2.335864e-05 1.528135e-05 1.500096e-05 5.155735e-05 0.000000e+00 7.109150e-06 0.000000e+00 6.870187e-06 0.000000e+00 1.329353e-05 3.270209e-05 1.287484e-05 0.000000e+00 6.240857e-06 1.229402e-05 0.000000e+00 5.967535e-06 5.881671e-06 0.000000e+00 0.000000e+00 0.000000e+00 5.561580e-06 0.000000e+00 0.000000e+00 0.000000e+00 0.000000e+00 0.000000e+00 0.000000e+00 5.077964e-06 0.000000e+00 0.000000e+00 0.000000e+00 0.000000e+00 0.000000e+00 0.000000e+00 0.000000e+00 0.000000e+00 0.000000e+00 0.000000e+00 0.000000e+00 0.000000e+00 0.000000e+00 0.000000e+00 0.000000e+00 0.000000e+00 0.000000e+00 0.000000e+00 4.108303e-06
SPEC p sel0 meanpt 0.5786 yield 0.05194 5.820524e-02 6.972502e-02 6.511711e-02 6.288244e-02 6.052940e-02 5.506348e-02 4.652221e-02 4.256258e-02 3.664576e-02 3.029927e-02 2.715378e-02 2.534617e-02 1.877119e-02 1.599970e-02 1.295192e-02 1.152957e-02 9.259924e-03 7.119748e-03 6.808636e-03 4.197493e-03 4.081465e-03 2.982172e-03 2.526269e-03 1.818914e-03 1.633310e-03 1.052117e-03 9.952546e-04 1.174026e-03 7.020368e-04 6.319954e-04 3.727282e-04 5.341254e-04 4.617242e-04 2.171837e-04 2.372496e-04 2.305665e-04 2.740829e-04 8.488264e-05 8.267789e-05 1.381453e-04 1.010508e-04 7.670118e-05 7.489644e-05 3.136058e-05 5.109308e-05 3.997612e-05 2.933732e-05 6.701261e-05 1.875169e-05 1.837287e-05 0.000000e+00 8.829678e-06 2.598448e-05 0.000000e+00 0.000000e+00 8.193305e-06 8.048290e-06 0.000000e+00 7.773135e-06 0.000000e+00 1.503234e-05 0.000000e+00 7.275655e-06 0.000000e+00 1.410011e-05 0.000000e+00 0.000000e+00 0.000000e+00 6.638371e-06 6.542855e-06 0.000000e+00 1.271968e-05 0.000000e+00 0.000000e+00 0.000000e+00 1.204579e-05 0.000000e+00 0.000000e+00 5.792719e-06 0.000000e+00 0.000000e+00 0.000000e+00 0.000000e+00 0.000000e+00 0.000000e+00 0.000000e+00 0.000000e+00 0.000000e+00 0.000000e+00 0.000000e+00 0.000000e+00 0.000000e+00 0.000000e+00 0.000000e+00 4.811941e-06 4.761554e-06 0.000000e+00 0.000000e+00 0.000000e+00 0.000000e+00
SPEC p sel1 meanpt 0.5803 yield 0.08883 8.093767e-02 8.529795e-02 7.717693e-02 7.287894e-02 7.076369e-02 6.577580e-02 5.622244e-02 5.090625e-02 4.434019e-02 3.592927e-02 3.239064e-02 2.971625e-02 2.262985e-02 1.837979e-02 1.589998e-02 1.389839e-02 1.169347e-02 8.549261e-03 7.733602e-03 5.429386e-03 4.506508e-03 3.783556e-03 3.124866e-03 2.452657e-03 2.035538e-03 1.410678e-03 1.064360e-03 1.174302e-03 7.601802e-04 8.452659e-04 5.092949e-04 6.228970e-04 6.288864e-04 2.562477e-04 2.488203e-04 2.993853e-04 2.687843e-04 1.308084e-04 1.061756e-04 1.345339e-04 1.211189e-04 7.880022e-05 1.058009e-04 5.638291e-05 5.511588e-05 6.288864e-05 4.395442e-05 6.884651e-05 2.528512e-05 2.477431e-05 1.618915e-05 7.937401e-06 4.671727e-05 0.000000e+00 0.000000e+00 7.365336e-06 1.446995e-05 0.000000e+00 6.987626e-06 0.000000e+00 1.351326e-05 0.000000e+00 6.540418e-06 6.437419e-06 1.267523e-05 0.000000e+00 0.000000e+00 0.000000e+00 5.967535e-06 5.881671e-06 0.000000e+00 1.715145e-05 5.638291e-06 0.000000e+00 0.000000e+00 1.082851e-05 0.000000e+00 0.000000e+00 5.207339e-06 0.000000e+00 0.000000e+00 0.000000e+00 0.000000e+00 0.000000e+00 0.000000e+00 0.000000e+00 0.000000e+00 0.000000e+00 0.000000e+00 0.000000e+00 0.000000e+00 0.000000e+00 0.000000e+00 0.000000e+00 4.325673e-06 4.280378e-06 0.000000e+00 0.000000e+00 0.000000e+00 0.000000e+00
SPEC pbar sel0 meanpt 0.5760 yield 0.04655 5.365795e-02 5.517371e-02 6.257063e-02 5.300834e-02 5.557792e-02 4.861460e-02 4.337409e-02 3.625701e-02 3.322192e-02 2.958128e-02 2.477187e-02 2.087797e-02 1.764346e-02 1.549445e-02 1.132117e-02 9.387941e-03 8.874094e-03 6.028399e-03 5.137202e-03 4.360729e-03 3.770919e-03 2.876422e-03 1.980595e-03 1.509311e-03 1.596190e-03 1.159112e-03 1.012414e-03 9.259924e-04 6.382153e-04 4.932647e-04 5.665469e-04 3.753314e-04 2.938245e-04 2.579057e-04 2.636107e-04 1.409018e-04 8.720819e-05 1.697653e-04 1.181113e-04 8.058478e-05 8.982290e-05 4.382924e-05 3.209848e-05 2.090705e-05 4.087446e-05 1.998806e-05 6.845374e-05 0.000000e+00 0.000000e+00 1.837287e-05 9.004523e-06 0.000000e+00 8.661494e-06 8.499596e-06 8.343641e-06 8.193305e-06 1.609658e-05 7.908320e-06 0.000000e+00 0.000000e+00 7.516172e-06 7.393958e-06 7.275655e-06 1.432215e-05 7.050053e-06 6.942418e-06 6.838021e-06 0.000000e+00 6.638371e-06 0.000000e+00 6.450048e-06 1.271968e-05 0.000000e+00 0.000000e+00 0.000000e+00 0.000000e+00 0.000000e+00 0.000000e+00 0.000000e+00 0.000000e+00 0.000000e+00 0.000000e+00 0.000000e+00 0.000000e+00 0.000000e+00 0.000000e+00 0.000000e+00 0.000000e+00 0.000000e+00 0.000000e+00 0.000000e+00 0.000000e+00 0.000000e+00 0.000000e+00 0.000000e+00 0.000000e+00 0.000000e+00 0.000000e+00 0.000000e+00 0.000000e+00
SPEC pbar sel1 meanpt 0.5785 yield 0.07979 6.867439e-02 6.240649e-02 7.357970e-02 6.610494e-02 6.576754e-02 5.633678e-02 5.068824e-02 4.491087e-02 3.943487e-02 3.605836e-02 2.939295e-02 2.552185e-02 2.141987e-02 1.807699e-02 1.356009e-02 1.181495e-02 1.025656e-02 7.451405e-03 6.407842e-03 5.240720e-03 4.466627e-03 3.194158e-03 2.507160e-03 1.687289e-03 1.968799e-03 1.538922e-03 1.218616e-03 9.661981e-04 7.601802e-04 6.374136e-04 7.907473e-04 4.022876e-04 3.899095e-04 2.928545e-04 3.199118e-04 1.957520e-04 1.791895e-04 1.962125e-04 1.274107e-04 9.313887e-05 8.074590e-05 8.865025e-05 6.732783e-05 2.819146e-05 3.674392e-05 1.796818e-05 7.911796e-05 8.605813e-06 8.428374e-06 1.651621e-05 8.094577e-06 0.000000e+00 1.557242e-05 7.640675e-06 7.500479e-06 7.365336e-06 1.446995e-05 1.421830e-05 6.987626e-06 0.000000e+00 6.756630e-06 6.646766e-06 6.540418e-06 1.287484e-05 6.337614e-06 6.240857e-06 6.147010e-06 0.000000e+00 5.967535e-06 5.881671e-06 5.798243e-06 1.143430e-05 0.000000e+00 0.000000e+00 0.000000e+00 0.000000e+00 0.000000e+00 0.000000e+00 0.000000e+00 5.141838e-06 0.000000e+00 0.000000e+00 0.000000e+00 0.000000e+00 0.000000e+00 4.781007e-06 0.000000e+00 0.000000e+00 0.000000e+00 0.000000e+00 0.000000e+00 0.000000e+00 0.000000e+00 0.000000e+00 0.000000e+00 0.000000e+00 0.000000e+00 0.000000e+00 0.000000e+00 0.000000e+00
SPEC pinc sel0 meanpt 0.5611 yield 0.07358 9.731188e-02 1.012529e-01 9.931268e-02 9.770165e-02 8.912677e-02 8.185111e-02 6.813930e-02 6.293441e-02 5.413943e-02 4.360606e-02 3.936649e-02 3.459890e-02 2.659252e-02 2.202907e-02 1.800097e-02 1.528474e-02 1.231901e-02 9.120553e-03 8.971669e-03 5.270186e-03 4.902194e-03 3.870479e-03 3.274045e-03 2.573569e-03 2.208681e-03 1.373101e-03 1.424244e-03 1.438595e-03 1.005189e-03 7.861406e-04 4.920012e-04 6.929195e-04 5.456741e-04 2.986276e-04 2.767912e-04 2.689943e-04 3.114578e-04 1.091348e-04 1.181113e-04 1.496575e-04 1.235065e-04 1.095731e-04 9.629543e-05 4.181411e-05 7.153031e-05 3.997612e-05 2.933732e-05 8.615907e-05 2.812753e-05 2.755930e-05 0.000000e+00 8.829678e-06 4.330747e-05 8.499596e-06 0.000000e+00 2.457991e-05 2.414487e-05 7.908320e-06 7.773135e-06 7.642494e-06 1.503234e-05 7.393958e-06 7.275655e-06 0.000000e+00 1.410011e-05 0.000000e+00 0.000000e+00 0.000000e+00 6.638371e-06 1.308571e-05 0.000000e+00 1.271968e-05 1.254423e-05 0.000000e+00 0.000000e+00 1.204579e-05 5.944162e-06 0.000000e+00 5.792719e-06 0.000000e+00 0.000000e+00 0.000000e+00 0.000000e+00 0.000000e+00 0.000000e+00 0.000000e+00 0.000000e+00 0.000000e+00 0.000000e+00 0.000000e+00 0.000000e+00 0.000000e+00 0.000000e+00 0.000000e+00 4.811941e-06 4.761554e-06 0.000000e+00 0.000000e+00 0.000000e+00 0.000000e+00
SPEC pinc sel1 meanpt 0.5632 yield 0.12601 1.283557e-01 1.275382e-01 1.198532e-01 1.123550e-01 1.036475e-01 9.855221e-02 8.225834e-02 7.434275e-02 6.540418e-02 5.240940e-02 4.663941e-02 4.091316e-02 3.188454e-02 2.555608e-02 2.173561e-02 1.856635e-02 1.538485e-02 1.102528e-02 1.031884e-02 7.022564e-03 5.663045e-03 4.772224e-03 3.978754e-03 3.409367e-03 2.702928e-03 1.891592e-03 1.650530e-03 1.441865e-03 1.047041e-03 1.053118e-03 6.701248e-04 7.915982e-04 7.546636e-04 3.416636e-04 3.080632e-04 3.799891e-04 3.135817e-04 1.526098e-04 1.486459e-04 1.448827e-04 1.413053e-04 1.083503e-04 1.346557e-04 7.517722e-05 9.185980e-05 7.187273e-05 5.274531e-05 8.605813e-05 3.371350e-05 4.129052e-05 2.428373e-05 1.587480e-05 6.228970e-05 1.528135e-05 0.000000e+00 2.209601e-05 2.893990e-05 7.109150e-06 6.987626e-06 6.870187e-06 1.351326e-05 6.646766e-06 1.308084e-05 6.437419e-06 1.267523e-05 6.240857e-06 0.000000e+00 0.000000e+00 5.967535e-06 1.176334e-05 0.000000e+00 1.715145e-05 1.691487e-05 0.000000e+00 0.000000e+00 1.082851e-05 5.343479e-06 0.000000e+00 5.207339e-06 0.000000e+00 0.000000e+00 0.000000e+00 0.000000e+00 0.000000e+00 0.000000e+00 0.000000e+00 0.000000e+00 0.000000e+00 0.000000e+00 0.000000e+00 0.000000e+00 0.000000e+00 0.000000e+00 0.000000e+00 4.325673e-06 4.280378e-06 0.000000e+00 0.000000e+00 0.000000e+00 0.000000e+00
SPEC pbarinc sel0 meanpt 0.5532 yield 0.06714 8.367003e-02 9.033938e-02 9.403783e-02 8.548894e-02 8.811626e-02 7.746919e-02 6.618047e-02 5.432489e-02 4.921766e-02 4.226581e-02 3.568535e-02 2.933987e-02 2.470085e-02 2.088382e-02 1.580573e-02 1.328980e-02 1.116152e-02 8.185111e-03 6.710317e-03 5.876490e-03 4.746921e-03 3.510926e-03 2.506059e-03 2.302667e-03 1.967396e-03 1.533594e-03 1.235489e-03 1.190562e-03 8.137245e-04 6.319954e-04 7.156382e-04 5.485613e-04 4.057577e-04 3.529235e-04 3.031523e-04 1.793295e-04 9.966650e-05 1.940175e-04 1.417335e-04 1.151211e-04 1.347343e-04 5.478656e-05 4.279797e-05 2.090705e-05 6.131170e-05 3.997612e-05 7.823284e-05 1.914646e-05 9.375843e-06 1.837287e-05 9.004523e-06 0.000000e+00 8.661494e-06 8.499596e-06 8.343641e-06 8.193305e-06 1.609658e-05 7.908320e-06 0.000000e+00 0.000000e+00 7.516172e-06 7.393958e-06 7.275655e-06 1.432215e-05 7.050053e-06 6.942418e-06 6.838021e-06 0.000000e+00 6.638371e-06 0.000000e+00 1.935015e-05 1.271968e-05 0.000000e+00 0.000000e+00 0.000000e+00 0.000000e+00 0.000000e+00 0.000000e+00 0.000000e+00 0.000000e+00 0.000000e+00 0.000000e+00 0.000000e+00 0.000000e+00 0.000000e+00 0.000000e+00 0.000000e+00 0.000000e+00 0.000000e+00 0.000000e+00 0.000000e+00 0.000000e+00 0.000000e+00 0.000000e+00 0.000000e+00 0.000000e+00 0.000000e+00 0.000000e+00 0.000000e+00 0.000000e+00
SPEC pbarinc sel1 meanpt 0.5566 yield 0.11495 1.030116e-01 1.060093e-01 1.115141e-01 1.038291e-01 1.028299e-01 8.866726e-02 7.741591e-02 6.698478e-02 5.857522e-02 5.189305e-02 4.278524e-02 3.522584e-02 2.992241e-02 2.485964e-02 1.871913e-02 1.643016e-02 1.322948e-02 9.833986e-03 8.352291e-03 7.064490e-03 5.702926e-03 4.106774e-03 3.306545e-03 2.539630e-03 2.469342e-03 2.019835e-03 1.511700e-03 1.278354e-03 1.004012e-03 8.175523e-04 9.917847e-04 6.099199e-04 5.282645e-04 4.026750e-04 4.028518e-04 2.533261e-04 2.239869e-04 2.180139e-04 1.380283e-04 1.241852e-04 1.211189e-04 9.850027e-05 8.656436e-05 2.819146e-05 5.511588e-05 3.593636e-05 8.790885e-05 2.581744e-05 1.685675e-05 1.651621e-05 8.094577e-06 0.000000e+00 1.557242e-05 1.528135e-05 7.500479e-06 7.365336e-06 1.446995e-05 1.421830e-05 6.987626e-06 0.000000e+00 6.756630e-06 6.646766e-06 6.540418e-06 1.287484e-05 6.337614e-06 6.240857e-06 6.147010e-06 0.000000e+00 5.967535e-06 5.881671e-06 1.739473e-05 1.143430e-05 0.000000e+00 0.000000e+00 0.000000e+00 0.000000e+00 0.000000e+00 0.000000e+00 0.000000e+00 5.141838e-06 0.000000e+00 0.000000e+00 0.000000e+00 0.000000e+00 0.000000e+00 4.781007e-06 0.000000e+00 0.000000e+00 0.000000e+00 0.000000e+00 0.000000e+00 0.000000e+00 0.000000e+00 0.000000e+00 0.000000e+00 0.000000e+00 0.000000e+00 0.000000e+00 0.000000e+00 0.000000e+00
SPEC chpm sel0eta05 meanpt 0.4609 yield 2.08871 3.079330e+00 3.033493e+00 3.269297e+00 2.979471e+00 2.559848e+00 2.093900e+00 1.684594e+00 1.345687e+00 1.086223e+00 8.598723e-01 6.839418e-01 5.497073e-01 4.237596e-01 3.383988e-01 2.639557e-01 2.095711e-01 1.644215e-01 1.303434e-01 9.955357e-02 7.864703e-02 6.265270e-02 4.906414e-02 3.781521e-02 3.043584e-02 2.550377e-02 1.881149e-02 1.520680e-02 1.251247e-02 1.092306e-02 8.254477e-03 6.814962e-03 6.234832e-03 5.220282e-03 4.095270e-03 3.395305e-03 2.958937e-03 2.380784e-03 1.935324e-03 1.422060e-03 1.514994e-03 1.328256e-03 1.104497e-03 9.586745e-04 7.097945e-04 7.296092e-04 6.016407e-04 5.339392e-04 4.020756e-04 3.412807e-04 3.729692e-04 2.836425e-04 2.472310e-04 2.789001e-04 1.368435e-04 1.810570e-04 1.835300e-04 1.352113e-04 1.217881e-04 1.197063e-04 5.884721e-05 6.839717e-05 5.175771e-05 7.639437e-05 8.020407e-05 4.935037e-05 6.317601e-05 5.743938e-05 1.414711e-05 3.717488e-05 5.037998e-05 1.806014e-05 4.006698e-05 3.073337e-05 3.464597e-05 2.136308e-05 1.686410e-05 1.664365e-05 4.107224e-06 8.109806e-06 2.001949e-05 1.186248e-05 1.562257e-05 7.716603e-06 3.812094e-06 0.000000e+00 7.445845e-06 7.359766e-06 7.275655e-06 0.000000e+00 7.113070e-06 0.000000e+00 0.000000e+00 3.441188e-06 6.808768e-06 3.368359e-06 6.666176e-06 0.000000e+00 0.000000e+00 3.231572e-06 3.199094e-06
