# gen_world fine_p2.50_s0.360_k0.270_q0.110 mode set MultipartonInteractions:pT0Ref=2.50;StringPT:sigma=0.360;StringFlav:probStoUD=0.27;StringFlav:probQQtoQ=0.11 nev 200000 seed 20260931
SUMMARY nev 200000 nnsd 155713 dnde 2.2265 eps 0.5145 classN 18.1399 16.1548 7.1446 1.0972 meanpt_ch05 0.4528
SPEC pip sel0 meanpt 0.3960 yield 0.78507 3.205835e+00 3.039102e+00 2.490820e+00 1.971183e+00 1.510608e+00 1.161128e+00 8.911977e-01 6.984022e-01 5.315508e-01 4.184459e-01 3.145421e-01 2.463046e-01 1.883303e-01 1.425489e-01 1.118945e-01 8.299527e-02 6.346906e-02 4.848704e-02 3.974572e-02 2.844967e-02 2.266987e-02 1.778728e-02 1.356101e-02 1.124243e-02 9.762741e-03 7.079497e-03 5.696975e-03 4.811853e-03 3.446363e-03 3.190806e-03 2.385461e-03 1.905529e-03 1.651014e-03 1.357398e-03 1.436678e-03 1.063168e-03 7.973320e-04 7.275655e-04 6.614231e-04 5.295571e-04 4.827981e-04 3.835059e-04 2.246893e-04 3.763270e-04 3.167771e-04 1.698985e-04 1.760239e-04 1.148788e-04 1.218860e-04 1.102372e-04 9.904975e-05 1.059561e-04 6.929195e-05 7.649637e-05 6.674912e-05 6.554644e-05 1.609658e-05 2.372496e-05 5.441195e-05 1.528499e-05 3.006469e-05 1.478792e-05 4.365393e-05 2.864431e-05 3.525026e-05 1.388484e-05 6.838021e-06 6.736717e-06 1.327674e-05 0.000000e+00 6.450048e-06 1.271968e-05 1.254423e-05 1.237356e-05 0.000000e+00 1.204579e-05 1.188832e-05 0.000000e+00 5.792719e-06 5.719854e-06 0.000000e+00 5.579490e-06 5.511860e-06 0.000000e+00 0.000000e+00 0.000000e+00 0.000000e+00 0.000000e+00 0.000000e+00 0.000000e+00 5.024623e-06 0.000000e+00 0.000000e+00 0.000000e+00 0.000000e+00 0.000000e+00 0.000000e+00 4.663881e-06 0.000000e+00 0.000000e+00
SPEC pip sel1 meanpt 0.3979 yield 1.33202 3.803046e+00 3.602441e+00 2.965575e+00 2.340794e+00 1.793362e+00 1.372742e+00 1.053931e+00 8.199185e-01 6.345705e-01 4.878988e-01 3.724743e-01 2.915575e-01 2.247321e-01 1.709867e-01 1.344103e-01 9.944087e-02 7.639146e-02 5.962081e-02 4.709415e-02 3.423788e-02 2.722288e-02 2.099355e-02 1.593574e-02 1.384843e-02 1.163113e-02 8.882288e-03 6.788316e-03 6.021124e-03 4.375324e-03 3.825096e-03 3.056260e-03 2.466030e-03 2.226615e-03 1.610959e-03 1.635367e-03 1.347450e-03 9.969018e-04 8.940007e-04 8.601606e-04 7.452306e-04 5.754069e-04 4.334708e-04 3.174536e-04 4.981290e-04 3.307484e-04 2.605805e-04 2.549766e-04 1.377151e-04 1.685945e-04 1.404103e-04 1.133423e-04 1.111414e-04 1.012370e-04 1.069866e-04 7.501684e-05 7.366518e-05 2.894455e-05 2.844117e-05 8.386498e-05 3.435645e-05 4.054629e-05 2.659133e-05 5.233175e-05 2.575381e-05 4.437042e-05 1.248372e-05 6.147996e-06 1.211383e-05 1.193699e-05 0.000000e+00 1.739752e-05 1.143613e-05 1.691759e-05 1.668742e-05 0.000000e+00 1.624537e-05 1.068867e-05 5.275378e-06 5.208175e-06 5.142664e-06 0.000000e+00 5.016463e-06 4.955658e-06 0.000000e+00 0.000000e+00 0.000000e+00 0.000000e+00 0.000000e+00 0.000000e+00 0.000000e+00 9.035177e-06 0.000000e+00 0.000000e+00 0.000000e+00 0.000000e+00 0.000000e+00 0.000000e+00 4.193249e-06 0.000000e+00 0.000000e+00
SPEC pim sel0 meanpt 0.3932 yield 0.77349 3.290415e+00 2.929664e+00 2.480453e+00 1.949875e+00 1.501614e+00 1.162451e+00 8.902883e-01 6.834265e-01 5.262545e-01 4.082504e-01 3.130697e-01 2.372891e-01 1.809819e-01 1.389785e-01 1.075981e-01 8.214449e-02 6.247693e-02 4.848704e-02 3.714025e-02 2.858959e-02 2.298042e-02 1.611642e-02 1.299513e-02 1.091348e-02 8.147991e-03 6.758512e-03 5.834251e-03 4.745711e-03 3.765470e-03 2.682127e-03 2.340733e-03 1.992144e-03 1.623031e-03 1.520286e-03 1.080804e-03 1.075977e-03 7.599571e-04 6.063045e-04 5.787452e-04 4.374602e-04 3.592916e-04 4.492498e-04 2.674873e-04 3.031523e-04 2.043723e-04 1.998806e-04 1.369075e-04 9.573230e-05 8.438259e-05 7.349146e-05 9.004523e-05 1.324452e-04 6.929195e-05 2.549879e-05 1.668728e-05 8.193305e-05 3.219316e-05 3.163328e-05 2.331941e-05 5.349746e-05 1.503234e-05 2.218187e-05 0.000000e+00 0.000000e+00 7.050053e-06 2.776967e-05 1.367604e-05 2.694687e-05 6.638371e-06 6.542855e-06 6.450048e-06 6.359838e-06 3.136058e-05 6.186781e-06 6.103737e-06 0.000000e+00 5.944162e-06 0.000000e+00 5.792719e-06 0.000000e+00 0.000000e+00 0.000000e+00 5.511860e-06 0.000000e+00 0.000000e+00 5.318461e-06 5.256976e-06 5.196896e-06 0.000000e+00 0.000000e+00 0.000000e+00 0.000000e+00 0.000000e+00 0.000000e+00 0.000000e+00 0.000000e+00 0.000000e+00 0.000000e+00 4.616532e-06 0.000000e+00
SPEC pim sel1 meanpt 0.3952 yield 1.31112 3.883997e+00 3.494779e+00 2.940553e+00 2.309606e+00 1.768740e+00 1.364937e+00 1.050283e+00 8.110330e-01 6.224977e-01 4.835522e-01 3.726690e-01 2.806077e-01 2.159339e-01 1.675040e-01 1.277278e-01 9.777912e-02 7.396319e-02 5.754156e-02 4.525989e-02 3.499266e-02 2.674423e-02 2.057520e-02 1.617196e-02 1.332650e-02 1.009589e-02 8.385264e-03 6.973452e-03 5.679184e-03 4.475741e-03 3.714223e-03 2.814976e-03 2.453051e-03 1.886962e-03 1.806226e-03 1.339105e-03 1.301384e-03 9.744995e-04 6.650493e-04 8.070643e-04 5.692733e-04 4.340789e-04 5.221353e-04 3.463130e-04 3.759464e-04 2.756237e-04 2.426094e-04 1.670536e-04 1.032863e-04 8.429727e-05 1.156320e-04 1.133423e-04 1.508348e-04 7.787462e-05 4.585141e-05 2.250505e-05 1.031313e-04 4.341682e-05 5.688233e-05 2.795499e-05 5.497032e-05 2.703086e-05 1.994350e-05 6.541468e-06 0.000000e+00 1.267726e-05 2.496744e-05 4.303597e-05 2.422766e-05 1.193699e-05 5.882615e-06 5.799174e-06 5.718067e-06 2.819598e-05 5.562473e-06 5.487809e-06 5.415123e-06 5.344337e-06 1.055076e-05 5.208175e-06 5.142664e-06 0.000000e+00 0.000000e+00 4.955658e-06 0.000000e+00 4.838364e-06 9.563550e-06 9.452989e-06 4.672477e-06 0.000000e+00 0.000000e+00 4.517589e-06 0.000000e+00 0.000000e+00 0.000000e+00 0.000000e+00 0.000000e+00 0.000000e+00 0.000000e+00 4.150678e-06 0.000000e+00
SPEC kp sel0 meanpt 0.5088 yield 0.10141 2.082656e-01 1.791630e-01 1.715236e-01 1.583754e-01 1.438963e-01 1.286468e-01 1.134722e-01 8.839920e-02 7.751782e-02 6.457143e-02 5.222881e-02 4.274447e-02 3.350439e-02 2.731739e-02 2.201513e-02 1.610619e-02 1.333870e-02 1.169302e-02 8.578390e-03 6.785947e-03 4.946558e-03 4.885687e-03 3.658037e-03 2.650970e-03 2.245802e-03 1.533594e-03 1.510042e-03 1.124419e-03 1.037100e-03 7.244825e-04 8.200020e-04 4.763821e-04 4.757159e-04 3.664975e-04 3.031523e-04 3.330405e-04 1.868747e-04 1.818914e-04 1.535447e-04 1.611696e-04 6.736717e-05 8.765849e-05 4.279797e-05 4.181411e-05 5.109308e-05 7.995225e-05 1.075702e-04 3.829292e-05 2.812753e-05 4.593216e-05 2.701357e-05 7.063742e-05 2.598448e-05 2.549879e-05 0.000000e+00 2.457991e-05 0.000000e+00 3.163328e-05 7.773135e-06 1.528499e-05 0.000000e+00 7.393958e-06 0.000000e+00 0.000000e+00 7.050053e-06 0.000000e+00 0.000000e+00 6.736717e-06 1.327674e-05 0.000000e+00 0.000000e+00 0.000000e+00 0.000000e+00 0.000000e+00 6.103737e-06 0.000000e+00 1.188832e-05 0.000000e+00 0.000000e+00 0.000000e+00 5.648800e-06 0.000000e+00 0.000000e+00 0.000000e+00 0.000000e+00 0.000000e+00 5.256976e-06 0.000000e+00 0.000000e+00 0.000000e+00 0.000000e+00 0.000000e+00 4.915983e-06 0.000000e+00 0.000000e+00 0.000000e+00 0.000000e+00 0.000000e+00 0.000000e+00 0.000000e+00
SPEC kp sel1 meanpt 0.5129 yield 0.17207 2.551173e-01 2.112349e-01 2.032761e-01 1.817594e-01 1.689879e-01 1.524608e-01 1.332824e-01 1.064624e-01 9.278303e-02 7.501170e-02 6.191032e-02 5.030531e-02 4.039357e-02 3.228336e-02 2.636324e-02 1.883310e-02 1.635367e-02 1.343337e-02 1.032049e-02 8.176835e-03 6.381920e-03 5.780832e-03 4.342808e-03 3.514299e-03 2.603237e-03 1.923961e-03 2.005639e-03 1.412362e-03 1.176317e-03 9.146968e-04 9.115161e-04 6.619343e-04 5.283494e-04 4.759650e-04 4.029165e-04 3.685334e-04 3.136320e-04 2.725612e-04 1.911468e-04 1.863076e-04 1.615177e-04 1.379225e-04 6.733864e-05 4.699331e-05 8.268710e-05 9.884087e-05 1.055076e-04 2.582158e-05 3.371891e-05 5.781601e-05 2.428763e-05 7.938675e-05 2.336239e-05 2.292571e-05 0.000000e+00 2.946607e-05 7.236137e-06 2.844117e-05 1.397750e-05 1.374258e-05 0.000000e+00 6.647834e-06 0.000000e+00 0.000000e+00 6.338632e-06 0.000000e+00 0.000000e+00 1.211383e-05 1.790548e-05 0.000000e+00 0.000000e+00 0.000000e+00 0.000000e+00 0.000000e+00 5.487809e-06 0.000000e+00 1.068867e-05 0.000000e+00 0.000000e+00 0.000000e+00 5.078780e-06 0.000000e+00 0.000000e+00 9.792617e-06 0.000000e+00 0.000000e+00 4.726494e-06 0.000000e+00 0.000000e+00 0.000000e+00 0.000000e+00 0.000000e+00 4.419911e-06 0.000000e+00 0.000000e+00 0.000000e+00 4.236702e-06 0.000000e+00 0.000000e+00 0.000000e+00
SPEC km sel0 meanpt 0.5148 yield 0.09785 1.800724e-01 1.676432e-01 1.682495e-01 1.477218e-01 1.351049e-01 1.231074e-01 1.009497e-01 8.688344e-02 7.815979e-02 6.327905e-02 4.876421e-02 4.286310e-02 3.281320e-02 2.634056e-02 2.192105e-02 1.807179e-02 1.375209e-02 1.075757e-02 7.423134e-03 6.389517e-03 5.234922e-03 4.018530e-03 3.375095e-03 2.322017e-03 2.041638e-03 1.801081e-03 1.510042e-03 1.025206e-03 8.456353e-04 6.628245e-04 8.050929e-04 6.640478e-04 6.156323e-04 3.257756e-04 4.613187e-04 2.689943e-04 3.239161e-04 2.789001e-04 1.417335e-04 1.266332e-04 8.982290e-05 1.205304e-04 9.629543e-05 1.568029e-04 5.109308e-05 5.996419e-05 1.173493e-04 4.786615e-05 3.750337e-05 2.755930e-05 1.800905e-05 1.765936e-05 3.464597e-05 1.699919e-05 2.503092e-05 2.457991e-05 8.048290e-06 2.372496e-05 0.000000e+00 7.642494e-06 7.516172e-06 0.000000e+00 0.000000e+00 0.000000e+00 7.050053e-06 0.000000e+00 1.367604e-05 6.736717e-06 0.000000e+00 6.542855e-06 6.450048e-06 6.359838e-06 0.000000e+00 6.186781e-06 0.000000e+00 0.000000e+00 0.000000e+00 0.000000e+00 0.000000e+00 0.000000e+00 0.000000e+00 0.000000e+00 0.000000e+00 0.000000e+00 0.000000e+00 0.000000e+00 0.000000e+00 0.000000e+00 0.000000e+00 0.000000e+00 0.000000e+00 0.000000e+00 0.000000e+00 0.000000e+00 0.000000e+00 0.000000e+00 0.000000e+00 0.000000e+00 0.000000e+00 0.000000e+00
SPEC km sel1 meanpt 0.5140 yield 0.16826 2.240453e-01 2.095995e-01 2.034397e-01 1.782550e-01 1.612654e-01 1.484467e-01 1.215833e-01 1.070620e-01 9.326402e-02 7.565724e-02 6.019708e-02 5.076748e-02 4.019732e-02 3.061771e-02 2.622226e-02 2.112789e-02 1.558554e-02 1.240543e-02 9.348112e-03 7.589780e-03 6.082768e-03 4.925117e-03 4.179271e-03 2.887989e-03 2.669987e-03 2.148423e-03 1.928499e-03 1.159624e-03 1.061554e-03 8.454016e-04 9.249207e-04 7.268298e-04 6.541468e-04 4.271481e-04 5.095709e-04 3.685334e-04 4.032412e-04 3.270734e-04 2.230046e-04 1.552564e-04 1.211383e-04 1.379225e-04 1.635367e-04 1.691759e-04 6.431219e-05 6.289873e-05 1.230921e-04 5.164317e-05 7.586754e-05 3.303772e-05 3.238351e-05 1.587735e-05 3.893731e-05 1.528380e-05 3.000673e-05 3.683259e-05 1.447227e-05 2.133087e-05 1.397750e-05 6.871290e-06 6.757715e-06 0.000000e+00 1.308294e-05 0.000000e+00 6.338632e-06 0.000000e+00 1.229599e-05 1.211383e-05 0.000000e+00 5.882615e-06 5.799174e-06 5.718067e-06 0.000000e+00 5.562473e-06 0.000000e+00 5.415123e-06 0.000000e+00 0.000000e+00 0.000000e+00 0.000000e+00 0.000000e+00 0.000000e+00 0.000000e+00 0.000000e+00 0.000000e+00 0.000000e+00 0.000000e+00 0.000000e+00 0.000000e+00 0.000000e+00 0.000000e+00 0.000000e+00 0.000000e+00 0.000000e+00 0.000000e+00 0.000000e+00 0.000000e+00 0.000000e+00 0.000000e+00 0.000000e+00
SPEC p sel0 meanpt 0.5784 yield 0.05568 7.002817e-02 8.003220e-02 7.202898e-02 6.600058e-02 6.376303e-02 5.985879e-02 5.204891e-02 4.492717e-02 4.162102e-02 3.441576e-02 2.888608e-02 2.506937e-02 2.095389e-02 1.687548e-02 1.376729e-02 1.094282e-02 8.681179e-03 7.743375e-03 5.825440e-03 4.710520e-03 3.992737e-03 3.637827e-03 2.809211e-03 1.993065e-03 1.744672e-03 1.319604e-03 9.094568e-04 1.306311e-03 7.339476e-04 8.632133e-04 5.367286e-04 4.619463e-04 3.497911e-04 4.479414e-04 2.372496e-04 1.921388e-04 2.367079e-04 2.061435e-04 1.181113e-04 1.496575e-04 1.347343e-04 5.478656e-05 9.629543e-05 1.149888e-04 1.124048e-04 5.996419e-05 2.933732e-05 9.573230e-05 2.812753e-05 1.837287e-05 0.000000e+00 8.829678e-06 2.598448e-05 2.549879e-05 4.171820e-05 8.193305e-06 1.609658e-05 0.000000e+00 1.554627e-05 7.642494e-06 7.516172e-06 0.000000e+00 0.000000e+00 0.000000e+00 0.000000e+00 6.942418e-06 0.000000e+00 1.347343e-05 6.638371e-06 0.000000e+00 0.000000e+00 0.000000e+00 0.000000e+00 6.186781e-06 0.000000e+00 0.000000e+00 0.000000e+00 0.000000e+00 0.000000e+00 0.000000e+00 0.000000e+00 0.000000e+00 5.511860e-06 0.000000e+00 0.000000e+00 0.000000e+00 0.000000e+00 0.000000e+00 0.000000e+00 0.000000e+00 0.000000e+00 0.000000e+00 0.000000e+00 0.000000e+00 0.000000e+00 0.000000e+00 0.000000e+00 0.000000e+00 0.000000e+00 0.000000e+00
SPEC p sel1 meanpt 0.5805 yield 0.09514 8.340372e-02 9.321592e-02 8.651092e-02 7.803037e-02 7.740737e-02 7.158448e-02 6.226975e-02 5.200467e-02 5.055208e-02 4.036774e-02 3.473208e-02 2.936550e-02 2.430155e-02 2.047237e-02 1.680481e-02 1.310931e-02 1.082811e-02 9.251505e-03 6.939260e-03 5.618953e-03 4.766497e-03 4.240545e-03 3.597808e-03 2.679218e-03 2.035865e-03 1.667433e-03 1.203383e-03 1.516431e-03 8.320288e-04 9.978511e-04 6.702324e-04 6.100179e-04 4.906101e-04 5.491904e-04 2.844117e-04 2.303334e-04 2.688275e-04 2.507563e-04 1.699083e-04 1.966581e-04 1.413280e-04 9.851609e-05 1.250575e-04 1.221826e-04 1.194369e-04 6.289873e-05 2.637689e-05 1.032863e-04 2.528918e-05 2.477829e-05 0.000000e+00 0.000000e+00 4.672477e-05 3.056761e-05 3.750842e-05 7.366518e-06 1.447227e-05 7.110292e-06 2.096624e-05 6.871290e-06 1.351543e-05 0.000000e+00 0.000000e+00 0.000000e+00 0.000000e+00 6.241859e-06 0.000000e+00 1.817074e-05 5.968493e-06 0.000000e+00 0.000000e+00 0.000000e+00 0.000000e+00 5.562473e-06 0.000000e+00 0.000000e+00 0.000000e+00 0.000000e+00 0.000000e+00 0.000000e+00 0.000000e+00 0.000000e+00 4.955658e-06 0.000000e+00 0.000000e+00 0.000000e+00 0.000000e+00 0.000000e+00 0.000000e+00 0.000000e+00 0.000000e+00 0.000000e+00 0.000000e+00 0.000000e+00 0.000000e+00 0.000000e+00 0.000000e+00 0.000000e+00 0.000000e+00 0.000000e+00
SPEC pbar sel0 meanpt 0.5592 yield 0.04987 5.365795e-02 6.911872e-02 6.948250e-02 6.392182e-02 5.901364e-02 5.109494e-02 4.911067e-02 4.153186e-02 3.750172e-02 3.120873e-02 2.801993e-02 2.352725e-02 1.724330e-02 1.546077e-02 1.257559e-02 1.064945e-02 8.267789e-03 6.080368e-03 4.817663e-03 4.174174e-03 3.504736e-03 2.791821e-03 2.041225e-03 1.548012e-03 1.726112e-03 1.069949e-03 8.236590e-04 8.102433e-04 4.307953e-04 6.011664e-04 5.814560e-04 4.330747e-04 2.938245e-04 2.171837e-04 1.845275e-04 2.177573e-04 2.367079e-04 1.212609e-04 9.448902e-05 1.266332e-04 4.491145e-05 5.478656e-05 1.069949e-05 4.181411e-05 6.131170e-05 4.997015e-05 3.911642e-05 3.829292e-05 0.000000e+00 2.755930e-05 0.000000e+00 2.648903e-05 1.732299e-05 0.000000e+00 8.343641e-06 8.193305e-06 2.414487e-05 0.000000e+00 7.773135e-06 0.000000e+00 0.000000e+00 7.393958e-06 0.000000e+00 7.161077e-06 0.000000e+00 0.000000e+00 0.000000e+00 1.347343e-05 0.000000e+00 0.000000e+00 0.000000e+00 0.000000e+00 0.000000e+00 0.000000e+00 0.000000e+00 0.000000e+00 0.000000e+00 0.000000e+00 0.000000e+00 0.000000e+00 0.000000e+00 0.000000e+00 0.000000e+00 0.000000e+00 0.000000e+00 0.000000e+00 0.000000e+00 0.000000e+00 0.000000e+00 0.000000e+00 0.000000e+00 0.000000e+00 0.000000e+00 0.000000e+00 0.000000e+00 0.000000e+00 0.000000e+00 0.000000e+00 0.000000e+00 0.000000e+00
SPEC pbar sel1 meanpt 0.5644 yield 0.08618 7.522688e-02 8.558421e-02 8.503909e-02 7.779675e-02 6.932139e-02 6.073159e-02 5.849582e-02 5.004223e-02 4.458780e-02 3.748433e-02 3.282415e-02 2.787234e-02 2.112894e-02 1.874615e-02 1.562057e-02 1.205424e-02 9.936094e-03 7.873124e-03 6.121577e-03 5.220595e-03 4.188135e-03 3.746131e-03 2.798295e-03 2.105100e-03 1.868991e-03 1.250575e-03 9.565354e-04 9.663533e-04 7.172662e-04 7.206702e-04 6.702324e-04 5.451223e-04 4.277114e-04 2.684931e-04 2.725612e-04 2.073000e-04 2.464252e-04 1.526343e-04 9.557340e-05 1.656068e-04 6.056915e-05 7.881287e-05 2.885942e-05 7.518929e-05 6.431219e-05 6.289873e-05 5.275378e-05 3.442878e-05 1.685945e-05 3.303772e-05 8.095876e-06 4.763205e-05 3.893731e-05 0.000000e+00 7.501684e-06 7.366518e-06 3.618069e-05 0.000000e+00 6.988748e-06 0.000000e+00 1.351543e-05 6.647834e-06 0.000000e+00 6.438453e-06 0.000000e+00 1.248372e-05 6.147996e-06 1.211383e-05 0.000000e+00 0.000000e+00 0.000000e+00 0.000000e+00 0.000000e+00 0.000000e+00 0.000000e+00 0.000000e+00 0.000000e+00 0.000000e+00 0.000000e+00 0.000000e+00 0.000000e+00 0.000000e+00 0.000000e+00 0.000000e+00 0.000000e+00 0.000000e+00 0.000000e+00 0.000000e+00 0.000000e+00 0.000000e+00 0.000000e+00 0.000000e+00 0.000000e+00 0.000000e+00 0.000000e+00 0.000000e+00 0.000000e+00 0.000000e+00 0.000000e+00 0.000000e+00
SPEC pinc sel0 meanpt 0.5563 yield 0.07865 1.164105e-01 1.212609e-01 1.105899e-01 1.070561e-01 9.417931e-02 8.887873e-02 7.765362e-02 6.614783e-02 5.954267e-02 4.901494e-02 4.075233e-02 3.396624e-02 2.866608e-02 2.287115e-02 1.912995e-02 1.481534e-02 1.163002e-02 9.926072e-03 7.595193e-03 6.296240e-03 4.835648e-03 4.758786e-03 3.678248e-03 2.515519e-03 2.190120e-03 1.801081e-03 1.201169e-03 1.620487e-03 9.573230e-04 1.001944e-03 6.709108e-04 5.774329e-04 4.337409e-04 5.158113e-04 3.163328e-04 2.818035e-04 2.989995e-04 2.667740e-04 1.535447e-04 2.072180e-04 1.796458e-04 7.670118e-05 1.069949e-04 1.358958e-04 1.124048e-04 6.995822e-05 3.911642e-05 9.573230e-05 3.750337e-05 1.837287e-05 1.800905e-05 8.829678e-06 2.598448e-05 2.549879e-05 4.171820e-05 8.193305e-06 1.609658e-05 0.000000e+00 1.554627e-05 7.642494e-06 2.254852e-05 0.000000e+00 0.000000e+00 0.000000e+00 0.000000e+00 6.942418e-06 0.000000e+00 1.347343e-05 1.327674e-05 0.000000e+00 0.000000e+00 0.000000e+00 0.000000e+00 6.186781e-06 0.000000e+00 6.022893e-06 0.000000e+00 0.000000e+00 0.000000e+00 0.000000e+00 0.000000e+00 0.000000e+00 5.511860e-06 0.000000e+00 0.000000e+00 0.000000e+00 0.000000e+00 0.000000e+00 0.000000e+00 0.000000e+00 0.000000e+00 0.000000e+00 0.000000e+00 0.000000e+00 0.000000e+00 0.000000e+00 0.000000e+00 0.000000e+00 0.000000e+00 0.000000e+00
SPEC pinc sel1 meanpt 0.5586 yield 0.13375 1.324647e-01 1.403690e-01 1.357355e-01 1.239375e-01 1.132946e-01 1.062245e-01 9.202085e-02 7.669871e-02 7.089797e-02 5.779731e-02 4.882739e-02 4.074197e-02 3.339420e-02 2.737726e-02 2.261318e-02 1.783078e-02 1.424752e-02 1.198490e-02 9.215514e-03 7.359152e-03 5.803559e-03 5.457562e-03 4.688052e-03 3.288132e-03 2.519800e-03 2.164456e-03 1.527371e-03 1.888106e-03 1.075899e-03 1.164160e-03 8.444928e-04 7.527880e-04 6.415671e-04 6.590285e-04 3.673651e-04 3.339834e-04 3.472355e-04 3.379759e-04 2.017661e-04 2.587606e-04 1.817074e-04 1.477741e-04 1.346773e-04 1.503786e-04 1.194369e-04 7.188427e-05 4.396148e-05 1.032863e-04 3.371891e-05 2.477829e-05 1.619175e-05 0.000000e+00 4.672477e-05 3.056761e-05 4.501010e-05 7.366518e-06 1.447227e-05 7.110292e-06 2.096624e-05 6.871290e-06 2.703086e-05 0.000000e+00 0.000000e+00 0.000000e+00 0.000000e+00 6.241859e-06 0.000000e+00 1.817074e-05 1.193699e-05 0.000000e+00 0.000000e+00 0.000000e+00 0.000000e+00 5.562473e-06 0.000000e+00 5.415123e-06 0.000000e+00 0.000000e+00 0.000000e+00 0.000000e+00 0.000000e+00 0.000000e+00 4.955658e-06 0.000000e+00 0.000000e+00 0.000000e+00 0.000000e+00 0.000000e+00 0.000000e+00 0.000000e+00 0.000000e+00 0.000000e+00 0.000000e+00 4.372639e-06 0.000000e+00 0.000000e+00 0.000000e+00 0.000000e+00 0.000000e+00 0.000000e+00
SPEC pbarinc sel0 meanpt 0.5412 yield 0.07162 9.731188e-02 1.042844e-01 1.096805e-01 1.019891e-01 8.922782e-02 7.779990e-02 7.310634e-02 6.135802e-02 5.419293e-02 4.327100e-02 4.101217e-02 3.266136e-02 2.455533e-02 2.068172e-02 1.709152e-02 1.463932e-02 1.121663e-02 8.600863e-03 6.661157e-03 5.503380e-03 4.480738e-03 3.637827e-03 2.950682e-03 2.012415e-03 2.208681e-03 1.355269e-03 1.081052e-03 9.590636e-04 8.137245e-04 7.244825e-04 6.858199e-04 5.052538e-04 4.197493e-04 2.579057e-04 2.636107e-04 2.561850e-04 2.367079e-04 1.697653e-04 1.535447e-04 1.841938e-04 5.613931e-05 6.574387e-05 1.069949e-05 5.226763e-05 7.153031e-05 5.996419e-05 4.889553e-05 6.701261e-05 0.000000e+00 4.593216e-05 1.800905e-05 3.531871e-05 1.732299e-05 0.000000e+00 1.668728e-05 8.193305e-06 3.219316e-05 0.000000e+00 7.773135e-06 0.000000e+00 0.000000e+00 7.393958e-06 0.000000e+00 7.161077e-06 0.000000e+00 0.000000e+00 0.000000e+00 1.347343e-05 0.000000e+00 0.000000e+00 0.000000e+00 0.000000e+00 0.000000e+00 0.000000e+00 0.000000e+00 0.000000e+00 0.000000e+00 0.000000e+00 0.000000e+00 0.000000e+00 0.000000e+00 0.000000e+00 0.000000e+00 0.000000e+00 0.000000e+00 0.000000e+00 0.000000e+00 0.000000e+00 0.000000e+00 0.000000e+00 0.000000e+00 0.000000e+00 0.000000e+00 0.000000e+00 0.000000e+00 0.000000e+00 0.000000e+00 0.000000e+00 0.000000e+00 0.000000e+00
SPEC pbarinc sel1 meanpt 0.5453 yield 0.12328 1.316470e-01 1.275586e-01 1.318106e-01 1.194986e-01 1.053903e-01 9.329026e-02 8.799533e-02 7.440920e-02 6.469320e-02 5.233175e-02 4.812652e-02 3.903550e-02 2.969827e-02 2.513620e-02 2.092142e-02 1.638005e-02 1.362806e-02 1.037290e-02 8.464129e-03 6.981759e-03 5.404689e-03 4.715942e-03 3.706832e-03 2.679218e-03 2.386301e-03 1.699499e-03 1.280523e-03 1.219092e-03 1.118935e-03 8.869787e-04 8.042789e-04 6.359761e-04 6.415671e-04 3.295143e-04 3.673651e-04 2.418501e-04 2.464252e-04 2.180489e-04 1.592890e-04 2.173589e-04 8.075887e-05 1.083677e-04 2.885942e-05 8.458795e-05 7.349964e-05 7.188427e-05 6.154607e-05 6.025036e-05 1.685945e-05 4.955658e-05 2.428763e-05 5.557072e-05 3.893731e-05 0.000000e+00 1.500337e-05 7.366518e-06 4.341682e-05 0.000000e+00 6.988748e-06 0.000000e+00 1.351543e-05 6.647834e-06 0.000000e+00 6.438453e-06 0.000000e+00 1.248372e-05 6.147996e-06 1.211383e-05 0.000000e+00 0.000000e+00 0.000000e+00 0.000000e+00 0.000000e+00 0.000000e+00 0.000000e+00 0.000000e+00 0.000000e+00 0.000000e+00 0.000000e+00 0.000000e+00 0.000000e+00 5.016463e-06 0.000000e+00 0.000000e+00 0.000000e+00 0.000000e+00 0.000000e+00 0.000000e+00 0.000000e+00 0.000000e+00 0.000000e+00 0.000000e+00 0.000000e+00 0.000000e+00 0.000000e+00 0.000000e+00 0.000000e+00 0.000000e+00 0.000000e+00 0.000000e+00
SPEC chpm sel0eta05 meanpt 0.4528 yield 2.22654 3.340981e+00 3.316365e+00 3.611289e+00 3.293689e+00 2.770640e+00 2.274064e+00 1.823181e+00 1.455101e+00 1.167448e+00 9.225961e-01 7.247461e-01 5.706327e-01 4.455320e-01 3.495750e-01 2.753271e-01 2.113783e-01 1.622416e-01 1.284881e-01 1.005515e-01 7.778188e-02 6.069626e-02 4.841271e-02 3.825377e-02 3.081511e-02 2.498408e-02 1.969776e-02 1.626383e-02 1.373941e-02 1.030877e-02 8.869516e-03 7.242854e-03 5.972100e-03 5.161517e-03 4.171285e-03 3.598286e-03 3.111367e-03 2.563921e-03 2.113578e-03 1.909859e-03 1.651988e-03 1.257521e-03 1.173528e-03 8.238609e-04 1.031763e-03 7.296092e-04 6.226281e-04 5.887022e-04 4.154782e-04 3.281545e-04 3.343861e-04 2.584298e-04 3.337618e-04 2.485849e-04 1.725418e-04 1.460137e-04 2.064713e-04 1.183099e-04 1.107165e-04 1.305887e-04 9.094568e-05 8.944245e-05 4.658193e-05 5.602254e-05 2.506377e-05 5.428541e-05 4.373724e-05 5.265276e-05 7.545123e-05 4.182174e-05 9.159997e-06 2.257517e-05 1.780755e-05 3.512385e-05 2.598448e-05 8.545232e-06 2.529615e-05 2.080457e-05 1.232167e-05 8.109806e-06 8.007796e-06 3.954160e-06 7.811286e-06 1.157490e-05 7.624189e-06 3.766981e-06 7.445845e-06 1.103965e-05 3.637827e-06 0.000000e+00 0.000000e+00 1.055171e-05 0.000000e+00 3.441188e-06 3.404384e-06 0.000000e+00 0.000000e+00 3.298548e-06 3.264717e-06 3.231572e-06 0.000000e+00
