# gen_world hyb_H3_mon_CR54_p2.55 mode set ColourReconnection:range=5.4;ColourReconnection:mode=2;TimeShower:alphaSvalue=0.18;MultipartonInteractions:pT0Ref=2.55;StringPT:sigma=0.36;StringFlav:probStoUD=0.27;StringFlav:probQQtoQ=0.11 nev 200000 seed 20260973
SUMMARY nev 200000 nnsd 155846 dnde 1.7984 eps 0.5013 classN 15.5049 13.8729 6.3600 1.1641 meanpt_ch05 0.4752
SPEC pip sel0 meanpt 0.4144 yield 0.63025 2.543751e+00 2.329119e+00 1.918590e+00 1.532305e+00 1.197957e+00 9.250829e-01 7.104956e-01 5.473111e-01 4.212390e-01 3.342972e-01 2.494510e-01 1.892461e-01 1.510790e-01 1.150294e-01 9.439535e-02 7.040956e-02 5.404378e-02 4.157517e-02 3.426440e-02 2.677068e-02 2.051823e-02 1.662402e-02 1.341954e-02 1.042973e-02 8.741922e-03 7.525309e-03 5.696975e-03 4.563820e-03 4.339864e-03 3.653242e-03 2.519643e-03 2.425218e-03 2.070763e-03 1.425268e-03 1.383956e-03 1.088786e-03 9.592901e-04 1.164105e-03 7.322899e-04 5.756056e-04 6.736717e-04 5.369082e-04 4.386792e-04 3.136058e-04 2.861212e-04 3.497911e-04 2.151403e-04 2.201843e-04 2.437719e-04 1.377965e-04 1.710859e-04 1.059561e-04 1.039379e-04 1.359935e-04 9.178005e-05 9.831966e-05 5.633803e-05 6.326656e-05 6.218508e-05 6.878245e-05 1.503234e-05 5.915166e-05 4.365393e-05 2.864431e-05 3.525026e-05 3.471209e-05 4.102813e-05 1.347343e-05 5.310697e-05 3.925713e-05 2.580019e-05 6.359838e-06 1.254423e-05 1.237356e-05 1.831121e-05 3.011446e-05 1.188832e-05 5.867463e-06 1.737816e-05 5.719854e-06 5.648800e-06 0.000000e+00 5.511860e-06 0.000000e+00 0.000000e+00 1.063692e-05 5.256976e-06 0.000000e+00 0.000000e+00 0.000000e+00 0.000000e+00 9.939419e-06 0.000000e+00 0.000000e+00 0.000000e+00 0.000000e+00 0.000000e+00 0.000000e+00 0.000000e+00 0.000000e+00
SPEC pip sel1 meanpt 0.4176 yield 1.06278 2.998338e+00 2.750519e+00 2.263867e+00 1.793517e+00 1.399769e+00 1.090527e+00 8.426265e-01 6.388828e-01 4.923540e-01 3.913792e-01 2.936869e-01 2.267313e-01 1.787565e-01 1.373746e-01 1.100114e-01 8.409682e-02 6.444284e-02 4.955602e-02 4.113633e-02 3.188339e-02 2.474869e-02 2.050064e-02 1.606739e-02 1.258506e-02 1.077087e-02 8.906746e-03 7.167893e-03 5.614920e-03 5.274574e-03 4.237248e-03 3.174190e-03 3.060454e-03 2.626923e-03 1.902235e-03 1.657652e-03 1.334794e-03 1.242266e-03 1.372536e-03 9.124775e-04 8.066441e-04 8.169857e-04 7.185537e-04 6.151422e-04 4.131882e-04 4.589807e-04 5.027604e-04 2.723286e-04 2.665953e-04 2.526760e-04 1.980571e-04 1.941352e-04 1.586380e-04 1.244931e-04 1.756138e-04 1.124292e-04 1.398444e-04 6.506966e-05 6.393801e-05 7.681062e-05 8.238511e-05 6.076753e-05 8.634808e-05 5.228709e-05 3.216479e-05 3.166611e-05 3.118266e-05 4.914200e-05 3.025873e-05 5.367059e-05 3.526557e-05 2.897112e-05 5.713187e-06 1.126877e-05 1.667318e-05 1.644938e-05 3.246301e-05 2.135910e-05 1.054175e-05 2.601865e-05 1.027655e-05 5.074445e-06 5.012182e-06 4.951429e-06 0.000000e+00 0.000000e+00 9.555388e-06 4.722461e-06 0.000000e+00 0.000000e+00 0.000000e+00 0.000000e+00 8.928806e-06 0.000000e+00 0.000000e+00 0.000000e+00 0.000000e+00 0.000000e+00 0.000000e+00 0.000000e+00 4.105456e-06
SPEC pim sel0 meanpt 0.4120 yield 0.62154 2.642882e+00 2.331847e+00 1.925138e+00 1.510218e+00 1.177443e+00 9.093741e-01 6.983929e-01 5.265755e-01 4.179757e-01 3.200809e-01 2.475022e-01 1.931212e-01 1.526796e-01 1.135474e-01 8.862500e-02 6.823860e-02 5.663436e-02 4.134131e-02 3.251923e-02 2.546479e-02 1.918732e-02 1.706818e-02 1.271219e-02 1.149399e-02 7.888146e-03 6.758512e-03 5.611177e-03 4.481142e-03 3.781426e-03 3.529926e-03 2.430188e-03 2.324167e-03 1.846897e-03 1.493138e-03 1.726650e-03 1.216879e-03 1.058957e-03 8.003220e-04 6.732343e-04 7.597994e-04 6.063045e-04 4.382924e-04 3.744822e-04 2.926987e-04 4.496191e-04 2.398567e-04 3.324896e-04 1.818914e-04 2.906511e-04 1.286101e-04 1.080543e-04 1.501045e-04 7.795344e-05 7.649637e-05 3.337456e-05 5.735313e-05 7.243461e-05 8.699152e-05 6.218508e-05 6.878245e-05 2.254852e-05 2.957583e-05 2.910262e-05 1.432215e-05 1.410011e-05 2.082726e-05 6.838021e-06 2.694687e-05 1.327674e-05 1.308571e-05 1.290010e-05 6.359838e-06 1.254423e-05 6.186781e-06 3.662242e-05 1.806868e-05 1.188832e-05 0.000000e+00 0.000000e+00 0.000000e+00 5.648800e-06 0.000000e+00 1.102372e-05 5.445849e-06 5.381401e-06 0.000000e+00 0.000000e+00 1.039379e-05 0.000000e+00 5.080764e-06 5.024623e-06 0.000000e+00 0.000000e+00 4.863405e-06 0.000000e+00 0.000000e+00 0.000000e+00 9.327762e-06 0.000000e+00 0.000000e+00
SPEC pim sel1 meanpt 0.4150 yield 1.04698 3.100461e+00 2.751336e+00 2.239685e+00 1.786047e+00 1.384155e+00 1.070251e+00 8.211963e-01 6.175867e-01 4.897108e-01 3.771894e-01 2.909247e-01 2.269444e-01 1.784297e-01 1.366787e-01 1.035600e-01 8.072346e-02 6.696807e-02 4.925257e-02 4.023103e-02 2.966287e-02 2.343354e-02 2.091863e-02 1.557719e-02 1.321083e-02 9.453692e-03 8.458205e-03 6.720864e-03 5.496086e-03 4.959247e-03 4.195706e-03 3.107224e-03 2.749222e-03 2.237284e-03 1.780297e-03 2.095746e-03 1.449862e-03 1.309415e-03 1.013062e-03 9.973592e-04 9.824512e-04 7.867270e-04 5.610625e-04 5.286378e-04 3.380631e-04 5.232380e-04 3.142253e-04 4.392396e-04 2.149962e-04 3.116337e-04 2.228143e-04 1.698683e-04 1.745018e-04 1.011506e-04 1.145307e-04 6.745754e-05 1.030432e-04 8.675954e-05 1.065634e-04 8.379341e-05 6.865426e-05 2.025584e-05 5.313728e-05 4.575120e-05 3.216479e-05 3.166611e-05 1.870960e-05 1.228550e-05 3.025873e-05 1.789020e-05 1.763279e-05 2.317690e-05 5.713187e-06 1.126877e-05 5.557726e-06 3.838188e-05 2.705251e-05 1.067955e-05 0.000000e+00 0.000000e+00 5.138275e-06 5.074445e-06 0.000000e+00 9.902857e-06 4.892130e-06 4.834235e-06 0.000000e+00 4.722461e-06 9.336980e-06 0.000000e+00 4.564166e-06 4.513733e-06 0.000000e+00 0.000000e+00 8.737815e-06 0.000000e+00 4.277412e-06 0.000000e+00 8.379341e-06 0.000000e+00 0.000000e+00
SPEC kp sel0 meanpt 0.5410 yield 0.08231 1.355091e-01 1.536982e-01 1.282334e-01 1.213475e-01 1.157031e-01 9.441815e-02 8.143136e-02 7.202898e-02 6.045213e-02 5.126464e-02 4.278778e-02 3.436165e-02 2.772024e-02 2.125434e-02 1.724832e-02 1.460998e-02 1.132687e-02 8.574879e-03 8.504650e-03 6.179642e-03 5.168377e-03 4.103131e-03 3.071943e-03 2.941222e-03 2.190120e-03 1.801081e-03 1.647318e-03 1.405524e-03 1.084966e-03 6.936535e-04 7.603655e-04 6.784837e-04 5.876490e-04 5.022373e-04 4.481381e-04 3.202313e-04 2.989995e-04 2.546479e-04 9.448902e-05 1.496575e-04 2.245572e-04 1.424450e-04 1.176944e-04 7.317469e-05 6.131170e-05 7.995225e-05 6.845374e-05 6.701261e-05 2.812753e-05 2.755930e-05 4.502261e-05 3.531871e-05 8.661494e-06 8.499596e-06 2.503092e-05 0.000000e+00 3.219316e-05 0.000000e+00 0.000000e+00 3.056998e-05 0.000000e+00 7.393958e-06 1.455131e-05 1.432215e-05 1.410011e-05 0.000000e+00 1.367604e-05 0.000000e+00 6.638371e-06 0.000000e+00 6.450048e-06 6.359838e-06 0.000000e+00 6.186781e-06 1.831121e-05 0.000000e+00 5.944162e-06 5.867463e-06 5.792719e-06 0.000000e+00 5.648800e-06 0.000000e+00 5.511860e-06 5.445849e-06 5.381401e-06 0.000000e+00 0.000000e+00 5.196896e-06 0.000000e+00 0.000000e+00 0.000000e+00 0.000000e+00 0.000000e+00 0.000000e+00 0.000000e+00 0.000000e+00 0.000000e+00 0.000000e+00 0.000000e+00 0.000000e+00
SPEC kp sel1 meanpt 0.5450 yield 0.13834 1.666651e-01 1.772859e-01 1.459136e-01 1.419221e-01 1.365274e-01 1.137096e-01 9.401620e-02 8.398613e-02 7.199086e-02 5.972596e-02 4.952490e-02 3.935740e-02 3.202584e-02 2.517526e-02 2.146700e-02 1.781556e-02 1.331934e-02 1.008394e-02 9.671344e-03 7.436665e-03 6.356547e-03 4.597920e-03 3.558427e-03 3.354856e-03 2.634362e-03 2.194648e-03 2.034757e-03 1.678534e-03 1.275644e-03 8.031385e-04 9.375246e-04 8.818258e-04 7.164336e-04 5.365279e-04 4.854553e-04 3.912326e-04 3.805139e-04 3.594737e-04 1.591531e-04 1.964902e-04 2.420698e-04 1.968640e-04 1.633971e-04 7.512512e-05 7.343692e-05 1.077344e-04 9.663272e-05 8.599850e-05 2.526760e-05 5.776667e-05 5.662277e-05 4.759140e-05 2.334245e-05 7.635380e-06 2.998113e-05 1.472046e-05 4.337977e-05 0.000000e+00 0.000000e+00 6.178883e-05 0.000000e+00 1.328432e-05 1.307177e-05 1.286592e-05 1.266645e-05 1.247306e-05 2.457100e-05 0.000000e+00 1.192680e-05 0.000000e+00 5.794225e-06 5.713187e-06 0.000000e+00 5.557726e-06 2.193250e-05 0.000000e+00 5.339776e-06 5.270876e-06 1.040746e-05 0.000000e+00 0.000000e+00 0.000000e+00 4.951429e-06 4.892130e-06 4.834235e-06 0.000000e+00 0.000000e+00 4.668490e-06 0.000000e+00 0.000000e+00 0.000000e+00 0.000000e+00 0.000000e+00 0.000000e+00 0.000000e+00 0.000000e+00 0.000000e+00 0.000000e+00 0.000000e+00 0.000000e+00
SPEC km sel0 meanpt 0.5464 yield 0.07770 1.300523e-01 1.379343e-01 1.225948e-01 1.205680e-01 1.014550e-01 9.243388e-02 7.856308e-02 6.911872e-02 5.601184e-02 4.532924e-02 3.711450e-02 3.214732e-02 2.768387e-02 2.051330e-02 1.781281e-02 1.311378e-02 1.220877e-02 9.484335e-03 6.906956e-03 5.526699e-03 4.414193e-03 4.060830e-03 3.071943e-03 2.322017e-03 1.763233e-03 1.694086e-03 1.046733e-03 1.405524e-03 9.413676e-04 8.786278e-04 7.156382e-04 7.217911e-04 6.156323e-04 3.800715e-04 4.481381e-04 2.946128e-04 2.740829e-04 2.546479e-04 2.126003e-04 2.647786e-04 1.459622e-04 1.534024e-04 9.629543e-05 8.362821e-05 1.124048e-04 6.995822e-05 8.801195e-05 6.701261e-05 3.750337e-05 9.186433e-05 6.303166e-05 4.414839e-05 3.464597e-05 3.399839e-05 1.668728e-05 1.638661e-05 0.000000e+00 1.581664e-05 3.886568e-05 3.056998e-05 2.254852e-05 2.218187e-05 2.182696e-05 7.161077e-06 0.000000e+00 0.000000e+00 1.367604e-05 6.736717e-06 0.000000e+00 6.542855e-06 6.450048e-06 1.271968e-05 1.254423e-05 0.000000e+00 0.000000e+00 1.204579e-05 0.000000e+00 5.867463e-06 5.792719e-06 0.000000e+00 5.648800e-06 0.000000e+00 0.000000e+00 0.000000e+00 0.000000e+00 0.000000e+00 5.256976e-06 0.000000e+00 0.000000e+00 0.000000e+00 0.000000e+00 0.000000e+00 0.000000e+00 4.863405e-06 0.000000e+00 0.000000e+00 0.000000e+00 0.000000e+00 0.000000e+00 0.000000e+00
SPEC km sel1 meanpt 0.5503 yield 0.13065 1.527763e-01 1.576782e-01 1.397046e-01 1.418054e-01 1.207323e-01 1.077678e-01 9.112533e-02 8.028246e-02 6.593555e-02 5.439405e-02 4.330024e-02 3.832729e-02 3.140493e-02 2.484242e-02 2.022744e-02 1.628701e-02 1.386400e-02 1.132109e-02 8.434825e-03 6.619679e-03 5.838459e-03 4.749917e-03 3.685513e-03 2.468340e-03 2.267552e-03 2.082513e-03 1.448994e-03 1.544846e-03 1.031982e-03 1.107777e-03 9.643110e-04 8.558898e-04 6.912956e-04 5.365279e-04 5.446571e-04 3.336984e-04 3.469391e-04 3.159011e-04 2.652551e-04 2.792230e-04 1.613799e-04 1.870208e-04 1.441739e-04 1.032970e-04 1.285146e-04 9.875651e-05 8.784793e-05 6.019895e-05 4.211267e-05 9.902857e-05 6.471174e-05 3.965950e-05 3.890408e-05 3.817690e-05 2.248585e-05 2.944093e-05 7.229962e-06 2.131267e-05 5.586227e-05 3.432713e-05 2.025584e-05 1.992648e-05 2.614354e-05 6.432958e-06 6.333223e-06 0.000000e+00 2.457100e-05 1.210349e-05 0.000000e+00 5.877595e-06 5.794225e-06 1.713956e-05 1.690315e-05 0.000000e+00 0.000000e+00 1.082100e-05 0.000000e+00 1.054175e-05 5.203731e-06 0.000000e+00 5.074445e-06 0.000000e+00 0.000000e+00 0.000000e+00 0.000000e+00 0.000000e+00 4.722461e-06 0.000000e+00 0.000000e+00 0.000000e+00 0.000000e+00 4.464403e-06 0.000000e+00 4.368908e-06 0.000000e+00 0.000000e+00 0.000000e+00 0.000000e+00 0.000000e+00 0.000000e+00
SPEC p sel0 meanpt 0.6070 yield 0.04437 6.911872e-02 5.578002e-02 5.529497e-02 5.092958e-02 4.678650e-02 4.431535e-02 3.875685e-02 3.637827e-02 3.044005e-02 2.656571e-02 2.351595e-02 1.854501e-02 1.629747e-02 1.357449e-02 1.166614e-02 8.361135e-03 8.240230e-03 6.652027e-03 4.424385e-03 4.104215e-03 3.327281e-03 2.643770e-03 2.243327e-03 1.954365e-03 1.596190e-03 1.515761e-03 1.115372e-03 8.598501e-04 8.935014e-04 8.323842e-04 6.261834e-04 3.897672e-04 3.777744e-04 3.664975e-04 3.690549e-04 3.074220e-04 2.242496e-04 1.455131e-04 1.653558e-04 9.209689e-05 8.982290e-05 1.205304e-04 8.559594e-05 6.272116e-05 7.153031e-05 3.997612e-05 4.889553e-05 2.871969e-05 4.687922e-05 1.837287e-05 5.402714e-05 8.829678e-06 2.598448e-05 0.000000e+00 0.000000e+00 8.193305e-06 1.609658e-05 7.908320e-06 4.663881e-05 7.642494e-06 0.000000e+00 1.478792e-05 7.275655e-06 1.432215e-05 0.000000e+00 6.942418e-06 6.838021e-06 2.021015e-05 0.000000e+00 0.000000e+00 6.450048e-06 0.000000e+00 0.000000e+00 0.000000e+00 6.103737e-06 0.000000e+00 0.000000e+00 0.000000e+00 0.000000e+00 0.000000e+00 0.000000e+00 0.000000e+00 0.000000e+00 5.445849e-06 0.000000e+00 0.000000e+00 0.000000e+00 5.196896e-06 0.000000e+00 0.000000e+00 5.024623e-06 0.000000e+00 0.000000e+00 4.863405e-06 0.000000e+00 0.000000e+00 0.000000e+00 0.000000e+00 4.616532e-06 0.000000e+00
SPEC p sel1 meanpt 0.6090 yield 0.07550 8.169857e-02 6.617584e-02 6.601245e-02 5.858955e-02 5.546425e-02 5.176719e-02 4.681957e-02 4.226539e-02 3.580320e-02 3.220644e-02 2.808875e-02 2.252039e-02 1.964034e-02 1.612790e-02 1.405779e-02 1.030456e-02 9.531500e-03 8.239884e-03 5.696819e-03 4.901914e-03 3.885664e-03 3.153945e-03 2.578044e-03 2.329278e-03 1.817376e-03 1.730087e-03 1.294845e-03 1.114071e-03 1.031982e-03 9.693051e-04 6.696604e-04 4.668490e-04 4.650534e-04 4.389774e-04 4.262534e-04 3.452052e-04 2.462149e-04 1.633971e-04 1.909837e-04 1.240991e-04 1.210349e-04 1.574912e-04 1.057276e-04 8.451576e-05 8.261653e-05 7.182292e-05 7.027834e-05 4.299925e-05 4.211267e-05 1.650476e-05 4.044484e-05 1.586380e-05 5.446571e-05 0.000000e+00 1.499056e-05 2.208069e-05 1.445992e-05 7.104224e-06 5.586227e-05 6.865426e-06 0.000000e+00 1.328432e-05 6.535886e-06 1.286592e-05 0.000000e+00 6.236532e-06 6.142750e-06 1.815524e-05 0.000000e+00 0.000000e+00 1.158845e-05 5.713187e-06 0.000000e+00 0.000000e+00 5.483126e-06 0.000000e+00 0.000000e+00 0.000000e+00 5.203731e-06 0.000000e+00 0.000000e+00 0.000000e+00 0.000000e+00 4.892130e-06 0.000000e+00 0.000000e+00 0.000000e+00 4.668490e-06 4.615738e-06 0.000000e+00 4.513733e-06 0.000000e+00 0.000000e+00 4.368908e-06 4.322676e-06 0.000000e+00 0.000000e+00 0.000000e+00 4.147136e-06 0.000000e+00
SPEC pbar sel0 meanpt 0.5877 yield 0.03882 4.911067e-02 5.608317e-02 4.656419e-02 5.092958e-02 4.254237e-02 3.844522e-02 3.630831e-02 3.158847e-02 2.749769e-02 2.484253e-02 2.022459e-02 1.581664e-02 1.520612e-02 1.081243e-02 9.627698e-03 7.950413e-03 7.055180e-03 5.456741e-03 4.399805e-03 3.474591e-03 2.905825e-03 1.882364e-03 1.818914e-03 1.509311e-03 1.354905e-03 1.069949e-03 7.893399e-04 6.614231e-04 6.222599e-04 6.782390e-04 4.323647e-04 3.175881e-04 2.658412e-04 4.072195e-04 2.636107e-04 2.561850e-04 1.744164e-04 7.275655e-05 1.535447e-04 8.058478e-05 1.010508e-04 6.574387e-05 5.349746e-05 6.272116e-05 3.065585e-05 3.997612e-05 5.867463e-05 2.871969e-05 4.687922e-05 2.755930e-05 9.004523e-06 8.829678e-06 2.598448e-05 8.499596e-06 8.343641e-06 1.638661e-05 2.414487e-05 0.000000e+00 7.773135e-06 7.642494e-06 7.516172e-06 0.000000e+00 7.275655e-06 7.161077e-06 7.050053e-06 0.000000e+00 0.000000e+00 0.000000e+00 6.638371e-06 0.000000e+00 6.450048e-06 0.000000e+00 0.000000e+00 0.000000e+00 0.000000e+00 0.000000e+00 0.000000e+00 0.000000e+00 0.000000e+00 0.000000e+00 0.000000e+00 0.000000e+00 0.000000e+00 0.000000e+00 0.000000e+00 0.000000e+00 0.000000e+00 0.000000e+00 0.000000e+00 0.000000e+00 0.000000e+00 0.000000e+00 0.000000e+00 0.000000e+00 4.811941e-06 0.000000e+00 0.000000e+00 0.000000e+00 0.000000e+00 0.000000e+00
SPEC pbar sel1 meanpt 0.5924 yield 0.06583 6.535886e-02 6.263557e-02 5.686221e-02 5.975667e-02 4.847449e-02 4.441431e-02 4.361447e-02 3.774474e-02 3.200662e-02 2.812151e-02 2.489861e-02 1.864859e-02 1.784297e-02 1.382824e-02 1.129694e-02 9.171323e-03 8.392671e-03 6.512543e-03 5.144802e-03 4.168722e-03 3.487134e-03 2.469957e-03 2.305715e-03 1.877329e-03 1.617298e-03 1.281546e-03 1.048208e-03 7.575686e-04 8.169857e-04 8.031385e-04 5.089419e-04 3.631048e-04 2.639492e-04 3.658145e-04 3.196901e-04 3.221915e-04 1.790654e-04 1.089314e-04 2.228143e-04 1.137575e-04 1.109487e-04 8.858881e-05 7.689277e-05 9.390640e-05 2.753884e-05 3.591146e-05 6.149355e-05 4.299925e-05 5.053520e-05 4.126190e-05 2.426690e-05 3.172760e-05 3.112327e-05 1.527076e-05 7.495282e-06 2.944093e-05 2.168989e-05 0.000000e+00 1.396557e-05 1.373085e-05 6.751948e-06 0.000000e+00 6.535886e-06 1.286592e-05 6.333223e-06 6.236532e-06 0.000000e+00 0.000000e+00 5.963399e-06 0.000000e+00 5.794225e-06 0.000000e+00 0.000000e+00 0.000000e+00 0.000000e+00 0.000000e+00 0.000000e+00 0.000000e+00 0.000000e+00 0.000000e+00 0.000000e+00 0.000000e+00 0.000000e+00 0.000000e+00 0.000000e+00 0.000000e+00 0.000000e+00 0.000000e+00 0.000000e+00 0.000000e+00 0.000000e+00 0.000000e+00 0.000000e+00 0.000000e+00 4.322676e-06 0.000000e+00 0.000000e+00 0.000000e+00 0.000000e+00 0.000000e+00
SPEC pinc sel0 meanpt 0.5853 yield 0.06189 9.276460e-02 9.003622e-02 8.567083e-02 7.782352e-02 6.952292e-02 6.473679e-02 5.750565e-02 5.117210e-02 4.253048e-02 3.680907e-02 3.390975e-02 2.791637e-02 2.219075e-02 1.822282e-02 1.505308e-02 1.094282e-02 1.055521e-02 8.600863e-03 5.923759e-03 5.340144e-03 4.347647e-03 3.595527e-03 2.869842e-03 2.399418e-03 2.023077e-03 1.818914e-03 1.338446e-03 1.140955e-03 1.132832e-03 9.402859e-04 7.007290e-04 4.475105e-04 5.456741e-04 4.343674e-04 4.085965e-04 3.074220e-04 3.363744e-04 2.061435e-04 1.889780e-04 1.611696e-04 1.347343e-04 1.862743e-04 9.629543e-05 8.362821e-05 1.124048e-04 6.995822e-05 7.823284e-05 3.829292e-05 7.500675e-05 1.837287e-05 5.402714e-05 1.765936e-05 2.598448e-05 0.000000e+00 1.668728e-05 1.638661e-05 1.609658e-05 7.908320e-06 4.663881e-05 1.528499e-05 0.000000e+00 1.478792e-05 1.455131e-05 1.432215e-05 0.000000e+00 6.942418e-06 6.838021e-06 2.021015e-05 0.000000e+00 0.000000e+00 6.450048e-06 0.000000e+00 0.000000e+00 0.000000e+00 6.103737e-06 0.000000e+00 5.944162e-06 0.000000e+00 0.000000e+00 5.719854e-06 0.000000e+00 0.000000e+00 0.000000e+00 5.445849e-06 0.000000e+00 0.000000e+00 0.000000e+00 5.196896e-06 0.000000e+00 0.000000e+00 5.024623e-06 0.000000e+00 0.000000e+00 4.863405e-06 0.000000e+00 0.000000e+00 0.000000e+00 0.000000e+00 4.616532e-06 0.000000e+00
SPEC pinc sel1 meanpt 0.5870 yield 0.10653 1.086591e-01 1.070251e-01 1.009794e-01 9.220267e-02 8.278788e-02 7.791073e-02 6.856395e-02 6.165519e-02 5.223903e-02 4.506321e-02 4.077148e-02 3.370954e-02 2.705857e-02 2.163499e-02 1.814272e-02 1.362521e-02 1.260139e-02 1.062081e-02 7.617840e-03 6.326402e-03 5.021473e-03 4.217926e-03 3.304253e-03 3.041968e-03 2.367591e-03 2.114551e-03 1.633971e-03 1.470574e-03 1.332977e-03 1.163166e-03 7.768061e-04 5.446571e-04 6.787266e-04 5.365279e-04 4.854553e-04 3.797258e-04 3.693223e-04 2.287560e-04 2.228143e-04 2.068318e-04 1.815524e-04 2.165504e-04 1.249508e-04 1.032970e-04 1.285146e-04 9.875651e-05 9.663272e-05 6.019895e-05 7.580280e-05 1.650476e-05 5.662277e-05 2.379570e-05 5.446571e-05 7.635380e-06 3.747641e-05 2.944093e-05 1.445992e-05 7.104224e-06 5.586227e-05 1.373085e-05 0.000000e+00 1.328432e-05 1.307177e-05 1.286592e-05 0.000000e+00 6.236532e-06 6.142750e-06 1.815524e-05 0.000000e+00 0.000000e+00 1.158845e-05 5.713187e-06 0.000000e+00 0.000000e+00 5.483126e-06 0.000000e+00 5.339776e-06 0.000000e+00 5.203731e-06 5.138275e-06 0.000000e+00 0.000000e+00 0.000000e+00 4.892130e-06 0.000000e+00 0.000000e+00 0.000000e+00 4.668490e-06 4.615738e-06 0.000000e+00 4.513733e-06 0.000000e+00 0.000000e+00 4.368908e-06 4.322676e-06 0.000000e+00 0.000000e+00 0.000000e+00 4.147136e-06 0.000000e+00
SPEC pbarinc sel0 meanpt 0.5672 yield 0.05547 7.912274e-02 8.427633e-02 7.275655e-02 7.444554e-02 6.932082e-02 5.919737e-02 5.365795e-02 4.626104e-02 4.012309e-02 3.527735e-02 2.840970e-02 2.301321e-02 2.080837e-02 1.566287e-02 1.254423e-02 1.056143e-02 9.287483e-03 7.405577e-03 5.948339e-03 4.967033e-03 3.815282e-03 2.812971e-03 2.263537e-03 1.780213e-03 1.744672e-03 1.373101e-03 1.115372e-03 8.763857e-04 8.456353e-04 8.169697e-04 5.665469e-04 4.619463e-04 3.777744e-04 5.022373e-04 3.031523e-04 3.202313e-04 1.993330e-04 1.212609e-04 2.362226e-04 8.058478e-05 1.235065e-04 9.861580e-05 6.419695e-05 9.408174e-05 4.087446e-05 3.997612e-05 5.867463e-05 2.871969e-05 4.687922e-05 2.755930e-05 1.800905e-05 1.765936e-05 2.598448e-05 8.499596e-06 8.343641e-06 1.638661e-05 2.414487e-05 0.000000e+00 7.773135e-06 1.528499e-05 7.516172e-06 0.000000e+00 7.275655e-06 7.161077e-06 1.410011e-05 0.000000e+00 0.000000e+00 0.000000e+00 6.638371e-06 0.000000e+00 6.450048e-06 6.359838e-06 0.000000e+00 0.000000e+00 0.000000e+00 0.000000e+00 0.000000e+00 0.000000e+00 0.000000e+00 0.000000e+00 0.000000e+00 0.000000e+00 0.000000e+00 0.000000e+00 0.000000e+00 0.000000e+00 0.000000e+00 0.000000e+00 0.000000e+00 0.000000e+00 0.000000e+00 0.000000e+00 0.000000e+00 0.000000e+00 4.811941e-06 0.000000e+00 0.000000e+00 0.000000e+00 0.000000e+00 0.000000e+00
SPEC pbarinc sel1 meanpt 0.5727 yield 0.09421 9.558733e-02 9.422568e-02 8.692728e-02 8.998514e-02 7.933839e-02 6.914670e-02 6.385058e-02 5.533717e-02 4.690459e-02 4.089228e-02 3.474134e-02 2.699605e-02 2.473833e-02 1.966817e-02 1.490295e-02 1.199124e-02 1.101693e-02 8.683391e-03 7.021661e-03 5.970280e-03 4.483458e-03 3.571938e-03 2.995614e-03 2.259748e-03 2.184186e-03 1.730087e-03 1.464408e-03 9.803828e-04 1.132314e-03 9.969995e-04 6.562672e-04 5.187211e-04 4.147774e-04 4.755588e-04 3.788919e-04 3.912326e-04 2.126401e-04 1.742903e-04 3.395265e-04 1.137575e-04 1.412074e-04 1.181184e-04 8.650437e-05 1.314690e-04 3.671846e-05 4.488932e-05 6.149355e-05 4.299925e-05 5.053520e-05 4.951429e-05 3.235587e-05 4.759140e-05 3.112327e-05 1.527076e-05 7.495282e-06 2.944093e-05 2.168989e-05 0.000000e+00 1.396557e-05 2.059628e-05 1.350390e-05 0.000000e+00 6.535886e-06 1.929887e-05 1.899967e-05 6.236532e-06 0.000000e+00 0.000000e+00 5.963399e-06 0.000000e+00 5.794225e-06 5.713187e-06 0.000000e+00 0.000000e+00 0.000000e+00 0.000000e+00 0.000000e+00 0.000000e+00 0.000000e+00 0.000000e+00 0.000000e+00 0.000000e+00 0.000000e+00 0.000000e+00 0.000000e+00 0.000000e+00 0.000000e+00 0.000000e+00 0.000000e+00 0.000000e+00 0.000000e+00 0.000000e+00 0.000000e+00 0.000000e+00 4.322676e-06 0.000000e+00 0.000000e+00 0.000000e+00 0.000000e+00 0.000000e+00
SPEC chpm sel0eta05 meanpt 0.4752 yield 1.79842 2.732372e+00 2.589557e+00 2.791196e+00 2.565760e+00 2.184879e+00 1.789943e+00 1.439691e+00 1.138149e+00 9.141485e-01 7.315096e-01 5.726850e-01 4.528027e-01 3.640956e-01 2.809379e-01 2.243755e-01 1.747008e-01 1.426221e-01 1.088802e-01 8.885147e-02 6.913038e-02 5.473377e-02 4.561455e-02 3.549509e-02 2.927096e-02 2.316516e-02 2.007225e-02 1.614372e-02 1.327642e-02 1.170487e-02 9.711149e-03 7.618564e-03 6.901767e-03 5.788343e-03 4.560858e-03 4.428659e-03 3.389328e-03 3.087170e-03 2.741709e-03 2.257106e-03 1.998503e-03 1.846983e-03 1.580044e-03 1.265750e-03 8.927312e-04 1.030036e-03 9.304443e-04 8.282902e-04 5.897109e-04 6.038043e-04 4.887182e-04 4.538280e-04 3.832080e-04 3.092153e-04 2.855864e-04 2.161003e-04 2.638244e-04 1.915493e-04 1.550031e-04 2.230890e-04 2.193396e-04 8.944245e-05 1.500973e-04 1.273240e-04 9.022957e-05 7.896059e-05 6.317601e-05 9.094568e-05 6.601983e-05 6.970289e-05 4.579998e-05 6.321047e-05 3.561509e-05 3.073337e-05 2.165373e-05 6.408924e-05 5.480832e-05 3.328731e-05 2.053612e-05 3.649413e-05 1.601559e-05 1.581664e-05 3.905643e-06 1.543321e-05 1.143628e-05 7.533962e-06 7.445845e-06 1.103965e-05 1.455131e-05 3.596722e-06 3.556535e-06 7.034473e-06 1.043639e-05 0.000000e+00 1.361754e-05 3.368359e-06 3.333088e-06 0.000000e+00 6.529434e-06 3.231572e-06 3.199094e-06
