# gen_world hyb_H4_mon_bprof2_p2.55 mode set MultipartonInteractions:bProfile=2;MultipartonInteractions:coreRadius=0.56;MultipartonInteractions:coreFraction=0.78;MultipartonInteractions:pT0Ref=2.55;StringPT:sigma=0.36;StringFlav:probStoUD=0.27;StringFlav:probQQtoQ=0.11 nev 200000 seed 20260974
SUMMARY nev 200000 nnsd 155561 dnde 2.1657 eps 0.5149 classN 17.8648 15.9355 7.0112 1.0528 meanpt_ch05 0.4510
SPEC pip sel0 meanpt 0.3952 yield 0.76553 3.135807e+00 2.872671e+00 2.418064e+00 1.920383e+00 1.480191e+00 1.136490e+00 8.829427e-01 6.893076e-01 5.282874e-01 4.067187e-01 3.132429e-01 2.367751e-01 1.809455e-01 1.391132e-01 1.075354e-01 8.364069e-02 5.988635e-02 4.775948e-02 3.637827e-02 2.777341e-02 2.349060e-02 1.694128e-02 1.269198e-02 1.046843e-02 8.110870e-03 7.436147e-03 5.079231e-03 4.365393e-03 3.414452e-03 3.175392e-03 2.087278e-03 1.573505e-03 1.665006e-03 1.384546e-03 1.041262e-03 8.710291e-04 7.973320e-04 9.094568e-04 6.614231e-04 5.640935e-04 4.827981e-04 3.835059e-04 2.888863e-04 2.508846e-04 2.554654e-04 2.398567e-04 2.249194e-04 1.053055e-04 1.218860e-04 6.430503e-05 3.601809e-05 6.180774e-05 5.196896e-05 5.949717e-05 6.674912e-05 4.096652e-05 5.633803e-05 4.744992e-05 5.441195e-05 4.585497e-05 3.006469e-05 3.696979e-05 2.182696e-05 7.161077e-06 2.115016e-05 2.776967e-05 6.838021e-06 2.694687e-05 1.327674e-05 1.962856e-05 6.450048e-06 1.271968e-05 0.000000e+00 6.186781e-06 0.000000e+00 6.022893e-06 0.000000e+00 5.867463e-06 0.000000e+00 5.719854e-06 5.648800e-06 0.000000e+00 5.511860e-06 0.000000e+00 5.381401e-06 5.318461e-06 0.000000e+00 0.000000e+00 0.000000e+00 0.000000e+00 0.000000e+00 0.000000e+00 4.915983e-06 0.000000e+00 0.000000e+00 0.000000e+00 4.712211e-06 4.663881e-06 0.000000e+00 0.000000e+00
SPEC pip sel1 meanpt 0.3964 yield 1.29470 3.703633e+00 3.405433e+00 2.876147e+00 2.271757e+00 1.757191e+00 1.346776e+00 1.046210e+00 8.039135e-01 6.182913e-01 4.753660e-01 3.669920e-01 2.784620e-01 2.175854e-01 1.660610e-01 1.284735e-01 9.932681e-02 7.078633e-02 5.773809e-02 4.298139e-02 3.425034e-02 2.790826e-02 2.044303e-02 1.580581e-02 1.290416e-02 9.754975e-03 8.586042e-03 6.115454e-03 5.446629e-03 4.221647e-03 3.870451e-03 2.549372e-03 1.987743e-03 2.077686e-03 1.685830e-03 1.423448e-03 1.083625e-03 1.076361e-03 1.047658e-03 8.078528e-04 6.527139e-04 5.557597e-04 4.832005e-04 3.370222e-04 3.104589e-04 2.850894e-04 2.518408e-04 2.640266e-04 1.378497e-04 1.350074e-04 6.614000e-05 7.293408e-05 6.357146e-05 6.236057e-05 7.649369e-05 6.758112e-05 5.161601e-05 6.518887e-05 6.405515e-05 6.995577e-05 5.502403e-05 4.058591e-05 3.992598e-05 3.273930e-05 6.444744e-06 1.903448e-05 4.373571e-05 1.230801e-05 3.637700e-05 1.194865e-05 1.766509e-05 5.804840e-06 1.717096e-05 0.000000e+00 5.567908e-06 5.493171e-06 5.420414e-06 0.000000e+00 5.280532e-06 0.000000e+00 5.147689e-06 5.083742e-06 0.000000e+00 4.960500e-06 0.000000e+00 4.843092e-06 4.786447e-06 0.000000e+00 0.000000e+00 0.000000e+00 0.000000e+00 4.522003e-06 0.000000e+00 4.424230e-06 0.000000e+00 0.000000e+00 0.000000e+00 4.240842e-06 4.197346e-06 0.000000e+00 0.000000e+00
SPEC pim sel0 meanpt 0.3929 yield 0.74938 3.163091e+00 2.897833e+00 2.379503e+00 1.892710e+00 1.470086e+00 1.123014e+00 8.641939e-01 6.585074e-01 5.074234e-01 3.869499e-01 2.980853e-01 2.322674e-01 1.798542e-01 1.366206e-01 1.021414e-01 8.126437e-02 6.165015e-02 4.898075e-02 3.647659e-02 2.712047e-02 2.127242e-02 1.620102e-02 1.273240e-02 9.945975e-03 7.591180e-03 7.186492e-03 4.512965e-03 3.869325e-03 3.398497e-03 2.867101e-03 2.012732e-03 1.876657e-03 1.511097e-03 1.275954e-03 1.107165e-03 7.557458e-04 6.229156e-04 6.426828e-04 5.196896e-04 4.259481e-04 3.480637e-04 4.163778e-04 2.567878e-04 2.404311e-04 2.145909e-04 2.198687e-04 1.564657e-04 1.340252e-04 1.687652e-04 1.745422e-04 9.904975e-05 1.236155e-04 4.330747e-05 3.399839e-05 8.343641e-05 6.554644e-05 3.219316e-05 3.163328e-05 2.331941e-05 2.292748e-05 4.509703e-05 2.218187e-05 4.365393e-05 2.864431e-05 1.410011e-05 2.082726e-05 3.419011e-05 3.368359e-05 1.991511e-05 6.542855e-06 6.450048e-06 0.000000e+00 1.881635e-05 0.000000e+00 1.220747e-05 0.000000e+00 5.944162e-06 0.000000e+00 0.000000e+00 0.000000e+00 1.129760e-05 0.000000e+00 5.511860e-06 1.633755e-05 0.000000e+00 5.318461e-06 5.256976e-06 0.000000e+00 0.000000e+00 5.080764e-06 1.004925e-05 4.969709e-06 4.915983e-06 0.000000e+00 0.000000e+00 0.000000e+00 0.000000e+00 0.000000e+00 0.000000e+00 0.000000e+00
SPEC pim sel1 meanpt 0.3954 yield 1.26875 3.661072e+00 3.422348e+00 2.825729e+00 2.227208e+00 1.730727e+00 1.319171e+00 1.022788e+00 7.764125e-01 5.989366e-01 4.620549e-01 3.575209e-01 2.773588e-01 2.117251e-01 1.618776e-01 1.227159e-01 9.655453e-02 7.537480e-02 5.841626e-02 4.406533e-02 3.257141e-02 2.561251e-02 1.937710e-02 1.529653e-02 1.219016e-02 9.504419e-03 8.746529e-03 5.729377e-03 4.836487e-03 4.207287e-03 3.412656e-03 2.468865e-03 2.390489e-03 1.876214e-03 1.429290e-03 1.447172e-03 1.060569e-03 8.521188e-04 8.730480e-04 6.271489e-04 4.869453e-04 5.153408e-04 4.832005e-04 3.081346e-04 3.292746e-04 2.391072e-04 2.968123e-04 1.760177e-04 1.723121e-04 2.025111e-04 1.818850e-04 1.215568e-04 1.748215e-04 6.236057e-05 5.354558e-05 8.259915e-05 7.373716e-05 5.070246e-05 4.982067e-05 3.497788e-05 2.751202e-05 6.087886e-05 1.996299e-05 5.893074e-05 3.866846e-05 1.268965e-05 1.874387e-05 4.307803e-05 3.031417e-05 1.792297e-05 5.888363e-06 1.160968e-05 0.000000e+00 1.693412e-05 0.000000e+00 1.647951e-05 0.000000e+00 5.349559e-06 0.000000e+00 0.000000e+00 0.000000e+00 1.525123e-05 1.004273e-05 4.960500e-06 1.470328e-05 0.000000e+00 4.786447e-06 4.731113e-06 0.000000e+00 0.000000e+00 4.572528e-06 4.522003e-06 4.472582e-06 4.424230e-06 0.000000e+00 0.000000e+00 0.000000e+00 0.000000e+00 0.000000e+00 0.000000e+00 0.000000e+00
SPEC kp sel0 meanpt 0.5063 yield 0.10021 2.064467e-01 1.788598e-01 1.760708e-01 1.625329e-01 1.494541e-01 1.198829e-01 1.077357e-01 9.227955e-02 7.960422e-02 6.332691e-02 4.980359e-02 4.163731e-02 3.241304e-02 2.832790e-02 2.088615e-02 1.763173e-02 1.281507e-02 9.926072e-03 7.840993e-03 7.368932e-03 4.746921e-03 3.828179e-03 3.354885e-03 2.302667e-03 2.134439e-03 1.622756e-03 1.269808e-03 1.140955e-03 8.615907e-04 7.707261e-04 5.069104e-04 6.063045e-04 6.156323e-04 4.207935e-04 3.426939e-04 3.074220e-04 2.616246e-04 1.940175e-04 2.126003e-04 1.496575e-04 1.010508e-04 8.765849e-05 1.283939e-04 8.362821e-05 1.124048e-04 5.996419e-05 6.845374e-05 4.786615e-05 6.563090e-05 3.674573e-05 3.601809e-05 4.414839e-05 3.464597e-05 1.699919e-05 0.000000e+00 1.638661e-05 0.000000e+00 1.581664e-05 3.886568e-05 1.528499e-05 7.516172e-06 2.957583e-05 0.000000e+00 1.432215e-05 0.000000e+00 0.000000e+00 0.000000e+00 0.000000e+00 6.638371e-06 0.000000e+00 0.000000e+00 6.359838e-06 0.000000e+00 6.186781e-06 6.103737e-06 0.000000e+00 0.000000e+00 0.000000e+00 5.792719e-06 5.719854e-06 0.000000e+00 0.000000e+00 0.000000e+00 0.000000e+00 0.000000e+00 0.000000e+00 0.000000e+00 0.000000e+00 0.000000e+00 0.000000e+00 0.000000e+00 0.000000e+00 4.915983e-06 0.000000e+00 0.000000e+00 0.000000e+00 0.000000e+00 0.000000e+00 0.000000e+00 0.000000e+00
SPEC kp sel1 meanpt 0.5111 yield 0.16984 2.496372e-01 2.098043e-01 2.106774e-01 1.894202e-01 1.739730e-01 1.409278e-01 1.269277e-01 1.095675e-01 9.301813e-02 7.491269e-02 5.943742e-02 4.846840e-02 3.948360e-02 3.392155e-02 2.548585e-02 2.025084e-02 1.507992e-02 1.171599e-02 9.158155e-03 8.667520e-03 5.769303e-03 4.644412e-03 4.146978e-03 3.152028e-03 2.756115e-03 1.957939e-03 1.698737e-03 1.398861e-03 1.091310e-03 9.849535e-04 6.843050e-04 7.535236e-04 8.058905e-04 5.375109e-04 4.270343e-04 4.495890e-04 3.251506e-04 2.182620e-04 2.338521e-04 1.761291e-04 1.414661e-04 9.861235e-05 1.636965e-04 9.407845e-05 1.195536e-04 4.497157e-05 7.920798e-05 5.169363e-05 9.281760e-05 4.960500e-05 3.241515e-05 4.767859e-05 4.677043e-05 3.059748e-05 0.000000e+00 2.212115e-05 2.172962e-05 2.846896e-05 4.197346e-05 2.063401e-05 6.764318e-06 3.327165e-05 6.547860e-06 1.288949e-05 0.000000e+00 0.000000e+00 0.000000e+00 0.000000e+00 5.974325e-06 0.000000e+00 0.000000e+00 5.723654e-06 0.000000e+00 1.113582e-05 5.493171e-06 0.000000e+00 0.000000e+00 0.000000e+00 5.213264e-06 5.147689e-06 5.083742e-06 0.000000e+00 4.960500e-06 0.000000e+00 0.000000e+00 0.000000e+00 0.000000e+00 0.000000e+00 0.000000e+00 4.572528e-06 0.000000e+00 0.000000e+00 4.424230e-06 0.000000e+00 0.000000e+00 0.000000e+00 0.000000e+00 0.000000e+00 0.000000e+00 0.000000e+00
SPEC km sel0 meanpt 0.5068 yield 0.09648 1.727968e-01 1.688558e-01 1.684314e-01 1.527887e-01 1.403595e-01 1.264972e-01 1.004600e-01 8.852046e-02 7.446846e-02 6.035921e-02 4.885082e-02 4.191410e-02 3.255855e-02 2.684582e-02 1.994533e-02 1.578348e-02 1.218121e-02 1.021190e-02 7.496874e-03 5.993087e-03 4.813467e-03 4.483834e-03 2.809211e-03 2.767071e-03 2.078758e-03 1.497929e-03 1.510042e-03 1.207097e-03 9.892337e-04 7.707261e-04 6.858199e-04 5.052538e-04 4.477326e-04 3.529235e-04 2.767912e-04 2.946128e-04 2.616246e-04 2.546479e-04 2.244114e-04 1.726817e-04 8.982290e-05 9.861580e-05 6.419695e-05 5.226763e-05 6.131170e-05 3.997612e-05 7.823284e-05 2.871969e-05 4.687922e-05 4.593216e-05 3.601809e-05 3.531871e-05 8.661494e-06 3.399839e-05 2.503092e-05 1.638661e-05 8.048290e-06 2.372496e-05 7.773135e-06 7.642494e-06 0.000000e+00 0.000000e+00 0.000000e+00 7.161077e-06 0.000000e+00 6.942418e-06 0.000000e+00 0.000000e+00 0.000000e+00 0.000000e+00 0.000000e+00 0.000000e+00 0.000000e+00 0.000000e+00 0.000000e+00 0.000000e+00 0.000000e+00 0.000000e+00 5.792719e-06 0.000000e+00 0.000000e+00 0.000000e+00 5.511860e-06 0.000000e+00 0.000000e+00 0.000000e+00 0.000000e+00 0.000000e+00 0.000000e+00 0.000000e+00 0.000000e+00 0.000000e+00 0.000000e+00 4.863405e-06 0.000000e+00 0.000000e+00 0.000000e+00 0.000000e+00 0.000000e+00 0.000000e+00
SPEC km sel1 meanpt 0.5092 yield 0.16435 2.078946e-01 1.991641e-01 2.018378e-01 1.801831e-01 1.658791e-01 1.497823e-01 1.207576e-01 1.044384e-01 8.854055e-02 7.318957e-02 5.916459e-02 4.942923e-02 3.905798e-02 3.110233e-02 2.277639e-02 1.821784e-02 1.493110e-02 1.244093e-02 9.401488e-03 7.240422e-03 5.809229e-03 5.234481e-03 3.710454e-03 3.239101e-03 2.806226e-03 1.990036e-03 1.837725e-03 1.235164e-03 1.177466e-03 1.026571e-03 7.111405e-04 6.625811e-04 5.036815e-04 4.886463e-04 3.439999e-04 3.227818e-04 3.251506e-04 2.510013e-04 2.551114e-04 2.279318e-04 1.313614e-04 1.380573e-04 6.740444e-05 7.526276e-05 9.196432e-05 6.296019e-05 7.920798e-05 6.030924e-05 5.062778e-05 4.960500e-05 4.862272e-05 3.973216e-05 4.677043e-05 3.059748e-05 3.003605e-05 1.474743e-05 7.243208e-06 2.135172e-05 6.995577e-06 1.375601e-05 6.764318e-06 6.654329e-06 0.000000e+00 6.444744e-06 6.344825e-06 6.247958e-06 0.000000e+00 0.000000e+00 0.000000e+00 5.888363e-06 0.000000e+00 0.000000e+00 0.000000e+00 0.000000e+00 0.000000e+00 0.000000e+00 0.000000e+00 0.000000e+00 5.213264e-06 0.000000e+00 0.000000e+00 0.000000e+00 4.960500e-06 0.000000e+00 0.000000e+00 0.000000e+00 0.000000e+00 0.000000e+00 0.000000e+00 0.000000e+00 0.000000e+00 0.000000e+00 0.000000e+00 4.376912e-06 0.000000e+00 0.000000e+00 0.000000e+00 0.000000e+00 0.000000e+00 0.000000e+00
SPEC p sel0 meanpt 0.5668 yield 0.05262 7.366600e-02 7.791013e-02 7.293844e-02 6.859903e-02 6.093361e-02 5.655168e-02 4.890079e-02 4.462401e-02 3.707374e-02 3.293191e-02 2.801993e-02 2.166880e-02 2.048097e-02 1.569655e-02 1.329689e-02 1.070812e-02 8.350467e-03 7.119748e-03 5.161782e-03 4.593923e-03 3.393827e-03 2.897572e-03 2.263537e-03 1.954365e-03 1.503388e-03 1.301772e-03 1.269808e-03 9.259924e-04 8.296799e-04 6.319954e-04 6.261834e-04 4.475105e-04 4.617242e-04 4.479414e-04 2.636107e-04 2.305665e-04 1.370414e-04 1.576392e-04 1.181113e-04 5.756056e-05 5.613931e-05 3.287193e-05 6.419695e-05 5.226763e-05 4.087446e-05 1.998806e-05 3.911642e-05 9.573230e-06 3.750337e-05 9.186433e-06 2.701357e-05 8.829678e-06 1.732299e-05 1.699919e-05 1.668728e-05 1.638661e-05 0.000000e+00 1.581664e-05 2.331941e-05 7.642494e-06 1.503234e-05 1.478792e-05 0.000000e+00 7.161077e-06 7.050053e-06 0.000000e+00 6.838021e-06 6.736717e-06 0.000000e+00 0.000000e+00 0.000000e+00 0.000000e+00 6.272116e-06 0.000000e+00 0.000000e+00 0.000000e+00 0.000000e+00 0.000000e+00 0.000000e+00 0.000000e+00 0.000000e+00 0.000000e+00 0.000000e+00 0.000000e+00 0.000000e+00 0.000000e+00 0.000000e+00 0.000000e+00 0.000000e+00 0.000000e+00 0.000000e+00 0.000000e+00 0.000000e+00 0.000000e+00 0.000000e+00 0.000000e+00 0.000000e+00 0.000000e+00 0.000000e+00 0.000000e+00
SPEC p sel1 meanpt 0.5692 yield 0.09088 9.085156e-02 8.757763e-02 8.675914e-02 8.348521e-02 7.430002e-02 6.890134e-02 5.924554e-02 5.401984e-02 4.395732e-02 4.105336e-02 3.379163e-02 2.668965e-02 2.465269e-02 1.867353e-02 1.639787e-02 1.238285e-02 1.024343e-02 7.927588e-03 6.702708e-03 5.561484e-03 3.932709e-03 3.635585e-03 2.637332e-03 2.403204e-03 1.804002e-03 1.572770e-03 1.482534e-03 1.220283e-03 1.048232e-03 7.629922e-04 7.648115e-04 5.846303e-04 4.784975e-04 4.886463e-04 3.202758e-04 2.766701e-04 1.793934e-04 2.291751e-04 1.381854e-04 9.324484e-05 5.052361e-05 3.944494e-05 8.666285e-05 5.644707e-05 4.598216e-05 4.497157e-05 5.280532e-05 1.723121e-05 5.062778e-05 1.653500e-05 4.862272e-05 2.383930e-05 2.338521e-05 2.294811e-05 1.501803e-05 1.474743e-05 0.000000e+00 2.135172e-05 2.098673e-05 6.878004e-06 1.352864e-05 1.330866e-05 6.547860e-06 6.444744e-06 1.268965e-05 0.000000e+00 6.154004e-06 1.818850e-05 0.000000e+00 5.888363e-06 0.000000e+00 0.000000e+00 5.644707e-06 5.567908e-06 0.000000e+00 0.000000e+00 0.000000e+00 0.000000e+00 0.000000e+00 0.000000e+00 0.000000e+00 0.000000e+00 0.000000e+00 4.901093e-06 0.000000e+00 0.000000e+00 0.000000e+00 0.000000e+00 0.000000e+00 0.000000e+00 0.000000e+00 0.000000e+00 0.000000e+00 0.000000e+00 0.000000e+00 0.000000e+00 0.000000e+00 4.197346e-06 0.000000e+00 0.000000e+00
SPEC pbar sel0 meanpt 0.5653 yield 0.04865 6.548089e-02 6.972502e-02 6.729980e-02 6.132337e-02 5.598212e-02 5.208707e-02 4.274447e-02 4.238069e-02 3.707374e-02 3.039500e-02 2.641756e-02 2.075934e-02 1.786173e-02 1.566287e-02 1.116437e-02 1.079613e-02 7.826840e-03 6.418167e-03 4.571864e-03 5.060311e-03 3.282917e-03 2.580319e-03 1.596602e-03 1.915664e-03 1.559069e-03 1.248274e-03 1.046733e-03 8.102433e-04 6.063045e-04 4.778502e-04 4.323647e-04 3.031523e-04 3.497911e-04 2.171837e-04 2.372496e-04 2.561850e-04 1.868747e-04 9.700873e-05 1.063001e-04 1.036090e-04 8.982290e-05 5.478656e-05 7.489644e-05 6.272116e-05 4.087446e-05 1.998806e-05 1.955821e-05 0.000000e+00 1.875169e-05 4.593216e-05 4.502261e-05 8.829678e-06 8.661494e-06 1.699919e-05 8.343641e-06 8.193305e-06 8.048290e-06 1.581664e-05 1.554627e-05 2.292748e-05 0.000000e+00 0.000000e+00 7.275655e-06 0.000000e+00 0.000000e+00 0.000000e+00 0.000000e+00 0.000000e+00 6.638371e-06 6.542855e-06 0.000000e+00 0.000000e+00 0.000000e+00 0.000000e+00 0.000000e+00 6.022893e-06 0.000000e+00 0.000000e+00 0.000000e+00 0.000000e+00 0.000000e+00 0.000000e+00 0.000000e+00 0.000000e+00 5.381401e-06 0.000000e+00 0.000000e+00 0.000000e+00 0.000000e+00 0.000000e+00 0.000000e+00 0.000000e+00 0.000000e+00 0.000000e+00 0.000000e+00 0.000000e+00 0.000000e+00 0.000000e+00 0.000000e+00 0.000000e+00
SPEC pbar sel1 meanpt 0.5652 yield 0.08364 8.184825e-02 8.266673e-02 7.906541e-02 7.155875e-02 6.720651e-02 6.235348e-02 5.370504e-02 5.069135e-02 4.386103e-02 3.747788e-02 3.118029e-02 2.508827e-02 2.180437e-02 1.855227e-02 1.371664e-02 1.314853e-02 9.449752e-03 7.763891e-03 5.707256e-03 5.603457e-03 4.032523e-03 3.045516e-03 2.309939e-03 2.350960e-03 1.870817e-03 1.332040e-03 1.312661e-03 1.026823e-03 7.754045e-04 5.132856e-04 4.964566e-04 3.377864e-04 3.903532e-04 3.298362e-04 3.084137e-04 2.305584e-04 2.018176e-04 1.309572e-04 1.169261e-04 1.243265e-04 1.010472e-04 7.888988e-05 8.666285e-05 6.585491e-05 3.678573e-05 1.798863e-05 4.400443e-05 8.615605e-06 3.375186e-05 4.960500e-05 4.051894e-05 7.946432e-06 7.795071e-06 3.059748e-05 7.509014e-06 7.373716e-06 7.243208e-06 1.423448e-05 2.098673e-05 2.063401e-05 0.000000e+00 0.000000e+00 6.547860e-06 6.444744e-06 0.000000e+00 0.000000e+00 0.000000e+00 0.000000e+00 5.974325e-06 5.888363e-06 0.000000e+00 0.000000e+00 0.000000e+00 0.000000e+00 0.000000e+00 5.420414e-06 0.000000e+00 0.000000e+00 0.000000e+00 0.000000e+00 0.000000e+00 0.000000e+00 0.000000e+00 0.000000e+00 4.843092e-06 0.000000e+00 0.000000e+00 0.000000e+00 0.000000e+00 0.000000e+00 0.000000e+00 0.000000e+00 0.000000e+00 0.000000e+00 0.000000e+00 0.000000e+00 0.000000e+00 0.000000e+00 0.000000e+00 0.000000e+00
SPEC pinc sel0 meanpt 0.5462 yield 0.07439 1.064064e-01 1.182294e-01 1.127726e-01 1.056269e-01 9.145094e-02 8.590233e-02 7.429563e-02 6.481396e-02 5.387194e-02 4.619083e-02 3.854365e-02 3.076337e-02 2.797489e-02 2.122066e-02 1.765601e-02 1.390589e-02 1.124419e-02 9.640242e-03 6.759476e-03 5.876490e-03 4.636012e-03 3.574377e-03 2.789001e-03 2.534869e-03 1.893155e-03 1.711919e-03 1.578680e-03 1.091348e-03 1.116877e-03 7.090680e-04 8.647294e-04 6.784837e-04 5.736574e-04 5.429593e-04 3.558744e-04 2.689943e-04 1.494998e-04 1.940175e-04 1.417335e-04 9.209689e-05 6.736717e-05 8.765849e-05 9.629543e-05 8.362821e-05 6.131170e-05 1.998806e-05 4.889553e-05 9.573230e-06 4.687922e-05 9.186433e-06 2.701357e-05 8.829678e-06 1.732299e-05 1.699919e-05 1.668728e-05 1.638661e-05 0.000000e+00 1.581664e-05 2.331941e-05 7.642494e-06 1.503234e-05 1.478792e-05 0.000000e+00 7.161077e-06 7.050053e-06 0.000000e+00 6.838021e-06 6.736717e-06 6.638371e-06 0.000000e+00 0.000000e+00 0.000000e+00 6.272116e-06 0.000000e+00 0.000000e+00 0.000000e+00 0.000000e+00 0.000000e+00 0.000000e+00 0.000000e+00 0.000000e+00 0.000000e+00 0.000000e+00 0.000000e+00 0.000000e+00 0.000000e+00 0.000000e+00 0.000000e+00 0.000000e+00 0.000000e+00 0.000000e+00 0.000000e+00 0.000000e+00 0.000000e+00 0.000000e+00 0.000000e+00 0.000000e+00 0.000000e+00 0.000000e+00 0.000000e+00
SPEC pinc sel1 meanpt 0.5485 yield 0.12857 1.342311e-01 1.372322e-01 1.325942e-01 1.272156e-01 1.112227e-01 1.055842e-01 8.877387e-02 7.988389e-02 6.514158e-02 5.763840e-02 4.641965e-02 3.768578e-02 3.306669e-02 2.491824e-02 2.150633e-02 1.636965e-02 1.356697e-02 1.099105e-02 8.627248e-03 7.051541e-03 5.549711e-03 4.511171e-03 3.237553e-03 3.099785e-03 2.371929e-03 2.086328e-03 1.884054e-03 1.458387e-03 1.364137e-03 8.878454e-04 1.060002e-03 8.184825e-04 6.296019e-04 6.230240e-04 4.388964e-04 3.227818e-04 2.130297e-04 2.728275e-04 1.807039e-04 1.346870e-04 6.062833e-05 8.875111e-05 1.348089e-04 8.467060e-05 6.437503e-05 4.497157e-05 6.160621e-05 1.723121e-05 6.750371e-05 3.307000e-05 4.862272e-05 2.383930e-05 2.338521e-05 2.294811e-05 2.252704e-05 1.474743e-05 0.000000e+00 2.135172e-05 2.098673e-05 6.878004e-06 2.029295e-05 1.330866e-05 6.547860e-06 6.444744e-06 1.268965e-05 0.000000e+00 6.154004e-06 1.818850e-05 5.974325e-06 5.888363e-06 0.000000e+00 0.000000e+00 5.644707e-06 5.567908e-06 0.000000e+00 0.000000e+00 0.000000e+00 0.000000e+00 0.000000e+00 0.000000e+00 0.000000e+00 0.000000e+00 0.000000e+00 4.901093e-06 0.000000e+00 0.000000e+00 0.000000e+00 0.000000e+00 0.000000e+00 0.000000e+00 0.000000e+00 0.000000e+00 0.000000e+00 0.000000e+00 0.000000e+00 0.000000e+00 0.000000e+00 4.197346e-06 0.000000e+00 0.000000e+00
SPEC pbarinc sel0 meanpt 0.5410 yield 0.06967 1.091348e-01 1.127726e-01 1.024048e-01 9.471343e-02 8.750996e-02 7.961881e-02 7.170717e-02 6.093361e-02 5.392544e-02 4.193075e-02 3.715781e-02 2.930033e-02 2.521014e-02 2.081646e-02 1.568029e-02 1.449263e-02 1.041741e-02 8.055189e-03 6.120399e-03 6.086365e-03 4.458557e-03 3.299425e-03 2.425218e-03 2.438118e-03 1.911715e-03 1.480096e-03 1.304127e-03 9.590636e-04 7.179922e-04 6.319954e-04 5.069104e-04 4.330747e-04 4.057577e-04 2.986276e-04 2.899717e-04 3.202313e-04 2.616246e-04 1.455131e-04 1.299224e-04 1.151211e-04 1.010508e-04 7.670118e-05 8.559594e-05 8.362821e-05 5.109308e-05 1.998806e-05 2.933732e-05 1.914646e-05 2.812753e-05 4.593216e-05 5.402714e-05 2.648903e-05 8.661494e-06 1.699919e-05 8.343641e-06 8.193305e-06 8.048290e-06 2.372496e-05 1.554627e-05 2.292748e-05 0.000000e+00 0.000000e+00 7.275655e-06 0.000000e+00 0.000000e+00 0.000000e+00 0.000000e+00 0.000000e+00 6.638371e-06 6.542855e-06 0.000000e+00 0.000000e+00 0.000000e+00 0.000000e+00 0.000000e+00 6.022893e-06 0.000000e+00 0.000000e+00 0.000000e+00 0.000000e+00 0.000000e+00 0.000000e+00 0.000000e+00 0.000000e+00 5.381401e-06 0.000000e+00 0.000000e+00 0.000000e+00 0.000000e+00 0.000000e+00 0.000000e+00 0.000000e+00 0.000000e+00 0.000000e+00 0.000000e+00 0.000000e+00 0.000000e+00 0.000000e+00 0.000000e+00 0.000000e+00
SPEC pbarinc sel1 meanpt 0.5412 yield 0.12020 1.334126e-01 1.336855e-01 1.203169e-01 1.124829e-01 1.042201e-01 9.717619e-02 8.902571e-02 7.339060e-02 6.427495e-02 5.212441e-02 4.450986e-02 3.533709e-02 3.021837e-02 2.534264e-02 1.899444e-02 1.771619e-02 1.237645e-02 9.751634e-03 7.698160e-03 6.862661e-03 5.370044e-03 3.940137e-03 3.328495e-03 2.995298e-03 2.305114e-03 1.717208e-03 1.575193e-03 1.250046e-03 9.477166e-04 6.797566e-04 6.306340e-04 4.936879e-04 4.533134e-04 4.519978e-04 3.795861e-04 2.997260e-04 2.915143e-04 1.746096e-04 1.488150e-04 1.346870e-04 1.212567e-04 1.084736e-04 9.629206e-05 8.467060e-05 5.517859e-05 1.798863e-05 5.280532e-05 2.584682e-05 4.218982e-05 4.960500e-05 4.862272e-05 2.383930e-05 7.795071e-06 3.059748e-05 7.509014e-06 7.373716e-06 7.243208e-06 2.135172e-05 2.098673e-05 2.063401e-05 0.000000e+00 0.000000e+00 6.547860e-06 6.444744e-06 0.000000e+00 0.000000e+00 0.000000e+00 0.000000e+00 5.974325e-06 5.888363e-06 0.000000e+00 0.000000e+00 0.000000e+00 0.000000e+00 0.000000e+00 5.420414e-06 0.000000e+00 0.000000e+00 0.000000e+00 0.000000e+00 0.000000e+00 0.000000e+00 0.000000e+00 0.000000e+00 4.843092e-06 0.000000e+00 0.000000e+00 0.000000e+00 0.000000e+00 0.000000e+00 0.000000e+00 0.000000e+00 0.000000e+00 0.000000e+00 0.000000e+00 0.000000e+00 0.000000e+00 0.000000e+00 0.000000e+00 0.000000e+00
SPEC chpm sel0eta05 meanpt 0.4510 yield 2.16566 3.254400e+00 3.245275e+00 3.477726e+00 3.218295e+00 2.726147e+00 2.216305e+00 1.784445e+00 1.429381e+00 1.135243e+00 8.928760e-01 7.017672e-01 5.538592e-01 4.353461e-01 3.402851e-01 2.635167e-01 2.083184e-01 1.569750e-01 1.261780e-01 9.475311e-02 7.549658e-02 5.931433e-02 4.585143e-02 3.556582e-02 2.923033e-02 2.307422e-02 1.964783e-02 1.454616e-02 1.201475e-02 1.016358e-02 8.556601e-03 6.480998e-03 5.507266e-03 5.043987e-03 4.076267e-03 3.459890e-03 2.788574e-03 2.363342e-03 2.206949e-03 1.777575e-03 1.434409e-03 1.218223e-03 1.112167e-03 8.313505e-04 7.756517e-04 6.938440e-04 5.736574e-04 5.613207e-04 3.551668e-04 4.528532e-04 3.343861e-04 2.899456e-04 2.904964e-04 1.879544e-04 1.784915e-04 1.693759e-04 1.491181e-04 1.239437e-04 1.550031e-04 1.523534e-04 1.176944e-04 1.104877e-04 8.281233e-05 8.658029e-05 6.015305e-05 3.948030e-05 5.831632e-05 4.786615e-05 6.601983e-05 3.717488e-05 3.205999e-05 1.354510e-05 1.780755e-05 1.756192e-05 1.732299e-05 2.136308e-05 8.432050e-06 4.160914e-06 4.107224e-06 8.109806e-06 8.007796e-06 2.372496e-05 7.811286e-06 1.543321e-05 1.524838e-05 7.533962e-06 7.445845e-06 3.679883e-06 0.000000e+00 0.000000e+00 7.113070e-06 1.055171e-05 3.478797e-06 1.032356e-05 3.404384e-06 0.000000e+00 0.000000e+00 3.298548e-06 6.529434e-06 0.000000e+00 0.000000e+00
