# gen_world hyb_H6_mon_pdf17_p2.55 mode set PDF:pSet=17;MultipartonInteractions:pT0Ref=2.55;StringPT:sigma=0.36;StringFlav:probStoUD=0.27;StringFlav:probQQtoQ=0.11 nev 200000 seed 20260976
SUMMARY nev 200000 nnsd 155727 dnde 2.9788 eps 0.5125 classN 21.0427 18.7391 8.6064 1.6135 meanpt_ch05 0.4784
SPEC pip sel0 meanpt 0.4150 yield 1.04263 4.187139e+00 3.806077e+00 3.187282e+00 2.529979e+00 1.962608e+00 1.516395e+00 1.173199e+00 9.038182e-01 6.941295e-01 5.430893e-01 4.212950e-01 3.263764e-01 2.491548e-01 1.941185e-01 1.485551e-01 1.175840e-01 9.257168e-02 7.187307e-02 5.545229e-02 4.558944e-02 3.697718e-02 2.810856e-02 2.358525e-02 1.813109e-02 1.406874e-02 1.214392e-02 1.027858e-02 7.937078e-03 6.493841e-03 5.564643e-03 4.368375e-03 3.926544e-03 3.735769e-03 2.918406e-03 2.649287e-03 1.908578e-03 1.818914e-03 1.370248e-03 1.204735e-03 1.082138e-03 6.848996e-04 8.217983e-04 6.205705e-04 4.704087e-04 5.415866e-04 4.197493e-04 3.422687e-04 2.393307e-04 2.906511e-04 2.939658e-04 2.521266e-04 1.589342e-04 1.559069e-04 1.019952e-04 1.334982e-04 1.392862e-04 7.243461e-05 1.186248e-04 8.550449e-05 6.113995e-05 6.764555e-05 8.133354e-05 5.092958e-05 7.161077e-06 2.115016e-05 2.082726e-05 0.000000e+00 5.389374e-05 5.310697e-05 2.617142e-05 3.225024e-05 6.359838e-06 2.508846e-05 6.186781e-06 0.000000e+00 0.000000e+00 1.783249e-05 1.760239e-05 5.792719e-06 5.719854e-06 5.648800e-06 1.673847e-05 1.102372e-05 1.089170e-05 1.076280e-05 5.318461e-06 0.000000e+00 0.000000e+00 0.000000e+00 0.000000e+00 5.024623e-06 4.969709e-06 4.915983e-06 0.000000e+00 4.811941e-06 0.000000e+00 0.000000e+00 0.000000e+00 0.000000e+00 0.000000e+00
SPEC pip sel1 meanpt 0.4174 yield 1.79071 5.011132e+00 4.563081e+00 3.815295e+00 3.024106e+00 2.352264e+00 1.819851e+00 1.395912e+00 1.080499e+00 8.333370e-01 6.530122e-01 5.035310e-01 3.888624e-01 3.025157e-01 2.376520e-01 1.822706e-01 1.451917e-01 1.125329e-01 8.673674e-02 6.814890e-02 5.549266e-02 4.522779e-02 3.456779e-02 2.890706e-02 2.259735e-02 1.752021e-02 1.489333e-02 1.271152e-02 9.945111e-03 7.645371e-03 6.984330e-03 5.468605e-03 4.620145e-03 4.402515e-03 3.477893e-03 3.163795e-03 2.395252e-03 2.150426e-03 1.722432e-03 1.444090e-03 1.386832e-03 8.579858e-04 9.752216e-04 7.310395e-04 5.638690e-04 6.063175e-04 5.390835e-04 4.571583e-04 3.442568e-04 3.877326e-04 3.633822e-04 2.914254e-04 2.619527e-04 1.946691e-04 1.146182e-04 1.875252e-04 1.767805e-04 7.959036e-05 1.279737e-04 9.084556e-05 8.931874e-05 9.459951e-05 7.976683e-05 8.503144e-05 3.862724e-05 3.169031e-05 2.496519e-05 6.147444e-06 4.845096e-05 5.371161e-05 3.529252e-05 3.479192e-05 5.717553e-06 2.255476e-05 5.561973e-06 5.487316e-06 1.082927e-05 1.603157e-05 1.582471e-05 1.041541e-05 1.028440e-05 5.078323e-06 2.508006e-05 1.486564e-05 9.791737e-06 1.451379e-05 9.562690e-06 4.726069e-06 0.000000e+00 0.000000e+00 0.000000e+00 4.517182e-06 4.467814e-06 4.419514e-06 0.000000e+00 4.325979e-06 0.000000e+00 0.000000e+00 0.000000e+00 0.000000e+00 0.000000e+00
SPEC pim sel0 meanpt 0.4140 yield 1.02676 4.078004e+00 3.867920e+00 3.149995e+00 2.469955e+00 1.931383e+00 1.479769e+00 1.158508e+00 8.832038e-01 6.848745e-01 5.370103e-01 4.112044e-01 3.176377e-01 2.485727e-01 1.942532e-01 1.487746e-01 1.204590e-01 9.119372e-02 6.976833e-02 5.383001e-02 4.440015e-02 3.367208e-02 2.779131e-02 2.227159e-02 1.787953e-02 1.397594e-02 1.246491e-02 1.003834e-02 7.854400e-03 6.509796e-03 5.687959e-03 4.905103e-03 3.580084e-03 2.882279e-03 2.579057e-03 2.003441e-03 1.690821e-03 1.681872e-03 1.382374e-03 1.299224e-03 1.059114e-03 9.431404e-04 7.670118e-04 7.596639e-04 6.272116e-04 4.394005e-04 4.397374e-04 3.911642e-04 1.818914e-04 1.687652e-04 3.123387e-04 1.710859e-04 1.942529e-04 1.385839e-04 1.359935e-04 1.084673e-04 1.638661e-04 4.828974e-05 1.028082e-04 1.088239e-04 5.349746e-05 4.509703e-05 2.957583e-05 4.365393e-05 2.148323e-05 4.230032e-05 2.082726e-05 2.051406e-05 6.736717e-06 1.327674e-05 6.542855e-06 1.935015e-05 3.815903e-05 2.508846e-05 6.186781e-06 1.831121e-05 0.000000e+00 1.188832e-05 1.173493e-05 5.792719e-06 5.719854e-06 1.129760e-05 1.115898e-05 1.102372e-05 5.445849e-06 1.076280e-05 0.000000e+00 5.256976e-06 0.000000e+00 0.000000e+00 0.000000e+00 5.024623e-06 0.000000e+00 4.915983e-06 0.000000e+00 0.000000e+00 0.000000e+00 0.000000e+00 0.000000e+00 4.616532e-06 0.000000e+00
SPEC pim sel1 meanpt 0.4172 yield 1.76696 4.918742e+00 4.602872e+00 3.785861e+00 2.951222e+00 2.323375e+00 1.772950e+00 1.393019e+00 1.060440e+00 8.227081e-01 6.419960e-01 4.926295e-01 3.837790e-01 2.980679e-01 2.352294e-01 1.817068e-01 1.461412e-01 1.105012e-01 8.526504e-02 6.682305e-02 5.477987e-02 4.233625e-02 3.475793e-02 2.745353e-02 2.183193e-02 1.755359e-02 1.489333e-02 1.257268e-02 1.028702e-02 8.133068e-03 7.275343e-03 6.071760e-03 4.736947e-03 3.811321e-03 3.502300e-03 2.618722e-03 2.314642e-03 2.161626e-03 1.798742e-03 1.582128e-03 1.293687e-03 1.049771e-03 8.964158e-04 8.753237e-04 8.082122e-04 5.695710e-04 5.300988e-04 4.307838e-04 2.926183e-04 2.360111e-04 3.716409e-04 2.428545e-04 2.222629e-04 1.946691e-04 1.604655e-04 1.050141e-04 1.767805e-04 7.959036e-05 1.279737e-04 9.783368e-05 6.870672e-05 6.757108e-05 3.988342e-05 5.886792e-05 4.506512e-05 6.338062e-05 3.744779e-05 3.073722e-05 1.211274e-05 2.387183e-05 5.882086e-06 2.899326e-05 4.574042e-05 2.819345e-05 5.561973e-06 3.841121e-05 1.082927e-05 1.068771e-05 2.109961e-05 5.207707e-06 5.142201e-06 1.523497e-05 1.003202e-05 1.486564e-05 9.791737e-06 9.675858e-06 0.000000e+00 9.452139e-06 0.000000e+00 0.000000e+00 0.000000e+00 4.517182e-06 8.935629e-06 4.419514e-06 0.000000e+00 0.000000e+00 0.000000e+00 0.000000e+00 0.000000e+00 4.150305e-06 4.108593e-06
SPEC kp sel0 meanpt 0.5444 yield 0.13173 2.273642e-01 2.325178e-01 2.049916e-01 1.903363e-01 1.778493e-01 1.520446e-01 1.309618e-01 1.126514e-01 9.822134e-02 8.170752e-02 6.699665e-02 5.334162e-02 4.441787e-02 3.496356e-02 3.051384e-02 2.379256e-02 1.829937e-02 1.512297e-02 1.376475e-02 9.164526e-03 7.852383e-03 6.641150e-03 5.840734e-03 4.257032e-03 3.749189e-03 3.192015e-03 2.093467e-03 2.397659e-03 1.755092e-03 1.325649e-03 1.133094e-03 1.125994e-03 9.654234e-04 8.687349e-04 6.722072e-04 6.276533e-04 4.734159e-04 3.880349e-04 3.897672e-04 2.647786e-04 3.143801e-04 2.301035e-04 2.353888e-04 8.362821e-05 9.196754e-05 1.099343e-04 1.075702e-04 7.658584e-05 3.750337e-05 6.430503e-05 3.601809e-05 4.414839e-05 9.527643e-05 3.399839e-05 5.840548e-05 5.735313e-05 1.609658e-05 3.163328e-05 2.331941e-05 0.000000e+00 1.503234e-05 7.393958e-06 7.275655e-06 7.161077e-06 7.050053e-06 0.000000e+00 0.000000e+00 2.021015e-05 0.000000e+00 0.000000e+00 0.000000e+00 1.271968e-05 6.272116e-06 0.000000e+00 6.103737e-06 6.022893e-06 0.000000e+00 0.000000e+00 1.737816e-05 0.000000e+00 0.000000e+00 0.000000e+00 0.000000e+00 0.000000e+00 0.000000e+00 0.000000e+00 0.000000e+00 0.000000e+00 0.000000e+00 0.000000e+00 0.000000e+00 0.000000e+00 0.000000e+00 0.000000e+00 0.000000e+00 0.000000e+00 0.000000e+00 0.000000e+00 0.000000e+00 0.000000e+00
SPEC kp sel1 meanpt 0.5468 yield 0.22724 2.877987e-01 2.711740e-01 2.421761e-01 2.323180e-01 2.106708e-01 1.832933e-01 1.608176e-01 1.340880e-01 1.174954e-01 9.884475e-02 8.082659e-02 6.480448e-02 5.356981e-02 4.281854e-02 3.600303e-02 2.930209e-02 2.259577e-02 1.845463e-02 1.591025e-02 1.134172e-02 9.552078e-03 8.404270e-03 7.067784e-03 5.253579e-03 4.488512e-03 3.863608e-03 3.023614e-03 2.913665e-03 2.008165e-03 1.649078e-03 1.273327e-03 1.336727e-03 1.169811e-03 1.000657e-03 9.124054e-04 7.600318e-04 6.048074e-04 5.123689e-04 4.672057e-04 3.415333e-04 3.331004e-04 2.856710e-04 3.174251e-04 9.397816e-05 1.194262e-04 1.257862e-04 1.494556e-04 7.745779e-05 4.214485e-05 6.606950e-05 6.476119e-05 5.556573e-05 8.565438e-05 3.820608e-05 5.250707e-05 7.365856e-05 2.170646e-05 2.843861e-05 3.494060e-05 1.374134e-05 2.027132e-05 6.647236e-06 1.962264e-05 1.931362e-05 6.338062e-06 0.000000e+00 0.000000e+00 2.422548e-05 0.000000e+00 0.000000e+00 0.000000e+00 1.143511e-05 5.638690e-06 5.561973e-06 5.487316e-06 1.624391e-05 0.000000e+00 0.000000e+00 1.562312e-05 0.000000e+00 0.000000e+00 0.000000e+00 4.955212e-06 0.000000e+00 0.000000e+00 0.000000e+00 0.000000e+00 0.000000e+00 0.000000e+00 0.000000e+00 0.000000e+00 0.000000e+00 0.000000e+00 0.000000e+00 0.000000e+00 0.000000e+00 0.000000e+00 0.000000e+00 0.000000e+00 0.000000e+00
SPEC km sel0 meanpt 0.5478 yield 0.12790 2.182696e-01 2.131160e-01 1.889851e-01 1.868284e-01 1.673401e-01 1.502257e-01 1.306819e-01 1.125301e-01 9.709789e-02 7.495839e-02 6.366198e-02 5.294620e-02 4.558198e-02 3.482883e-02 2.891445e-02 2.382190e-02 1.637022e-02 1.447336e-02 1.216706e-02 9.980706e-03 8.052020e-03 6.746901e-03 5.133378e-03 4.353783e-03 3.674948e-03 3.299010e-03 2.350860e-03 1.967734e-03 1.611494e-03 1.556867e-03 1.222549e-03 8.661494e-04 7.275655e-04 5.972552e-04 6.063045e-04 5.123700e-04 5.232491e-04 3.274045e-04 3.307116e-04 2.993149e-04 2.245572e-04 2.739328e-04 1.497929e-04 2.404311e-04 1.532792e-04 1.998806e-04 1.369075e-04 6.701261e-05 7.500675e-05 7.349146e-05 2.701357e-05 1.147858e-04 6.929195e-05 0.000000e+00 8.343641e-06 5.735313e-05 2.414487e-05 1.581664e-05 6.218508e-05 2.292748e-05 7.516172e-06 1.478792e-05 1.455131e-05 2.148323e-05 2.115016e-05 1.388484e-05 6.838021e-06 2.021015e-05 6.638371e-06 6.542855e-06 1.935015e-05 0.000000e+00 0.000000e+00 6.186781e-06 0.000000e+00 0.000000e+00 0.000000e+00 0.000000e+00 0.000000e+00 0.000000e+00 0.000000e+00 0.000000e+00 0.000000e+00 0.000000e+00 5.381401e-06 5.318461e-06 1.051395e-05 0.000000e+00 0.000000e+00 0.000000e+00 0.000000e+00 0.000000e+00 0.000000e+00 0.000000e+00 0.000000e+00 0.000000e+00 0.000000e+00 0.000000e+00 0.000000e+00 0.000000e+00
SPEC km sel1 meanpt 0.5514 yield 0.21975 2.501887e-01 2.540042e-01 2.325283e-01 2.213387e-01 2.017680e-01 1.786106e-01 1.571698e-01 1.343606e-01 1.137921e-01 9.187355e-02 7.572626e-02 6.437790e-02 5.321006e-02 4.224318e-02 3.535458e-02 2.819436e-02 2.011816e-02 1.728661e-02 1.460649e-02 1.169811e-02 1.046940e-02 8.004972e-03 6.377358e-03 5.305767e-03 4.271595e-03 3.799482e-03 3.085321e-03 2.274442e-03 2.065541e-03 1.856945e-03 1.527992e-03 1.258860e-03 1.132075e-03 7.932037e-04 8.294594e-04 6.103286e-04 6.160075e-04 4.360587e-04 4.141142e-04 4.346787e-04 3.028185e-04 3.841782e-04 2.212357e-04 2.819345e-04 1.745460e-04 2.066487e-04 1.846216e-04 1.032771e-04 8.428969e-05 6.606950e-05 4.857089e-05 1.666972e-04 7.008086e-05 2.292365e-05 1.500202e-05 6.629270e-05 2.170646e-05 1.421930e-05 6.289308e-05 2.748269e-05 2.027132e-05 1.329447e-05 1.308176e-05 2.575150e-05 2.535225e-05 1.248260e-05 6.147444e-06 1.816911e-05 5.967956e-06 5.882086e-06 1.739596e-05 0.000000e+00 0.000000e+00 5.561973e-06 0.000000e+00 0.000000e+00 0.000000e+00 0.000000e+00 0.000000e+00 0.000000e+00 0.000000e+00 0.000000e+00 0.000000e+00 0.000000e+00 4.837929e-06 4.781345e-06 9.452139e-06 0.000000e+00 0.000000e+00 0.000000e+00 0.000000e+00 0.000000e+00 0.000000e+00 0.000000e+00 0.000000e+00 0.000000e+00 0.000000e+00 0.000000e+00 0.000000e+00 0.000000e+00
SPEC p sel0 meanpt 0.6283 yield 0.07384 9.822134e-02 9.094568e-02 8.185111e-02 8.211096e-02 8.104271e-02 6.903604e-02 6.009411e-02 5.638632e-02 4.862919e-02 4.341460e-02 3.850034e-02 3.044703e-02 2.615598e-02 2.297221e-02 1.909859e-02 1.569546e-02 1.212609e-02 1.091348e-02 8.529230e-03 8.045195e-03 5.878197e-03 5.224089e-03 4.547284e-03 3.192774e-03 3.173819e-03 2.639208e-03 2.076307e-03 2.033876e-03 1.451940e-03 1.603110e-03 1.222549e-03 1.024943e-03 7.415571e-04 7.737170e-04 4.744992e-04 6.148440e-04 3.737494e-04 3.516566e-04 2.598448e-04 2.532665e-04 2.357851e-04 1.205304e-04 1.711919e-04 1.568029e-04 1.430606e-04 1.499105e-04 5.867463e-05 8.615907e-05 7.500675e-05 2.755930e-05 3.601809e-05 4.414839e-05 2.598448e-05 5.099758e-05 4.171820e-05 2.457991e-05 1.609658e-05 3.163328e-05 7.773135e-06 1.528499e-05 3.006469e-05 0.000000e+00 0.000000e+00 0.000000e+00 7.050053e-06 6.942418e-06 1.367604e-05 6.736717e-06 0.000000e+00 1.308571e-05 1.935015e-05 0.000000e+00 0.000000e+00 6.186781e-06 0.000000e+00 6.022893e-06 0.000000e+00 0.000000e+00 0.000000e+00 1.143971e-05 0.000000e+00 0.000000e+00 0.000000e+00 0.000000e+00 0.000000e+00 0.000000e+00 0.000000e+00 0.000000e+00 0.000000e+00 0.000000e+00 0.000000e+00 0.000000e+00 0.000000e+00 0.000000e+00 0.000000e+00 0.000000e+00 0.000000e+00 0.000000e+00 0.000000e+00 0.000000e+00
SPEC p sel1 meanpt 0.6327 yield 0.12829 1.128302e-01 1.087421e-01 9.909433e-02 9.881401e-02 9.384346e-02 8.451114e-02 7.345912e-02 6.955136e-02 5.934887e-02 5.271433e-02 4.710991e-02 3.714793e-02 3.106918e-02 2.749592e-02 2.311863e-02 1.906878e-02 1.484086e-02 1.350225e-02 1.056264e-02 9.790356e-03 7.298665e-03 6.597923e-03 5.341719e-03 4.348989e-03 3.554101e-03 3.270440e-03 2.468257e-03 2.601486e-03 1.749972e-03 1.815371e-03 1.420765e-03 1.245882e-03 9.182389e-04 9.762508e-04 6.635675e-04 7.254849e-04 5.040062e-04 5.123689e-04 2.866944e-04 3.208343e-04 3.230064e-04 1.674623e-04 2.500925e-04 2.067520e-04 1.377994e-04 1.886792e-04 9.670656e-05 1.204899e-04 1.011476e-04 4.129343e-05 5.666604e-05 6.350369e-05 3.114705e-05 6.877094e-05 6.000807e-05 3.682928e-05 1.447097e-05 4.265791e-05 6.988120e-06 2.748269e-05 3.378554e-05 0.000000e+00 0.000000e+00 0.000000e+00 6.338062e-06 1.248260e-05 1.229489e-05 6.056370e-06 0.000000e+00 1.764626e-05 1.739596e-05 5.717553e-06 0.000000e+00 5.561973e-06 0.000000e+00 5.414636e-06 0.000000e+00 5.274903e-06 0.000000e+00 5.142201e-06 0.000000e+00 0.000000e+00 0.000000e+00 0.000000e+00 0.000000e+00 4.781345e-06 0.000000e+00 0.000000e+00 0.000000e+00 0.000000e+00 0.000000e+00 0.000000e+00 0.000000e+00 0.000000e+00 0.000000e+00 0.000000e+00 0.000000e+00 0.000000e+00 0.000000e+00 0.000000e+00
SPEC pbar sel0 meanpt 0.6277 yield 0.06705 7.548492e-02 7.215024e-02 7.421168e-02 7.353608e-02 6.760296e-02 6.829194e-02 5.673611e-02 5.129336e-02 4.627530e-02 3.824505e-02 3.382313e-02 2.945849e-02 2.513739e-02 1.990700e-02 1.740512e-02 1.414059e-02 1.187806e-02 1.021190e-02 7.816413e-03 6.669350e-03 5.589832e-03 4.737636e-03 3.779298e-03 3.347575e-03 2.728370e-03 2.300391e-03 1.939031e-03 1.719700e-03 1.148788e-03 1.079017e-03 8.945477e-04 8.661494e-04 6.715989e-04 6.515512e-04 4.085965e-04 4.995608e-04 3.239161e-04 3.274045e-04 2.834671e-04 1.841938e-04 2.694687e-04 2.191462e-04 1.390934e-04 1.672564e-04 8.174893e-05 9.994031e-05 1.369075e-04 1.148788e-04 4.687922e-05 8.267789e-05 5.402714e-05 4.414839e-05 4.330747e-05 1.699919e-05 1.668728e-05 0.000000e+00 1.609658e-05 0.000000e+00 3.109254e-05 3.056998e-05 7.516172e-06 7.393958e-06 0.000000e+00 7.161077e-06 0.000000e+00 6.942418e-06 6.838021e-06 6.736717e-06 1.327674e-05 6.542855e-06 0.000000e+00 0.000000e+00 0.000000e+00 0.000000e+00 0.000000e+00 0.000000e+00 5.944162e-06 0.000000e+00 5.792719e-06 0.000000e+00 5.648800e-06 5.579490e-06 0.000000e+00 0.000000e+00 0.000000e+00 0.000000e+00 0.000000e+00 0.000000e+00 5.138174e-06 0.000000e+00 0.000000e+00 0.000000e+00 0.000000e+00 0.000000e+00 0.000000e+00 0.000000e+00 0.000000e+00 0.000000e+00 4.616532e-06 0.000000e+00
SPEC pbar sel1 meanpt 0.6320 yield 0.11590 9.075471e-02 9.238993e-02 9.010062e-02 8.982030e-02 8.312368e-02 8.042309e-02 6.597484e-02 6.246540e-02 5.391417e-02 4.600132e-02 3.986822e-02 3.501504e-02 3.074214e-02 2.401351e-02 2.075038e-02 1.767093e-02 1.434534e-02 1.256783e-02 9.833418e-03 8.259958e-03 6.700414e-03 5.837355e-03 4.687631e-03 4.244614e-03 3.387241e-03 2.997903e-03 2.452830e-03 1.917667e-03 1.577844e-03 1.371922e-03 1.139293e-03 1.077169e-03 7.169811e-04 7.565943e-04 5.213745e-04 5.988130e-04 4.256052e-04 4.469601e-04 3.504043e-04 2.380384e-04 3.331004e-04 2.758202e-04 1.539031e-04 2.255476e-04 1.102396e-04 1.078167e-04 1.846216e-04 1.290963e-04 5.900278e-05 9.910424e-05 7.285634e-05 4.762777e-05 4.672057e-05 3.056486e-05 2.250303e-05 7.365856e-06 2.170646e-05 1.421930e-05 2.795248e-05 3.435336e-05 1.351422e-05 6.647236e-06 0.000000e+00 6.437874e-06 0.000000e+00 6.241298e-06 6.147444e-06 1.211274e-05 1.790387e-05 5.882086e-06 0.000000e+00 5.717553e-06 0.000000e+00 0.000000e+00 0.000000e+00 0.000000e+00 5.343856e-06 0.000000e+00 5.207707e-06 0.000000e+00 5.078323e-06 5.016012e-06 0.000000e+00 0.000000e+00 0.000000e+00 0.000000e+00 0.000000e+00 0.000000e+00 4.619266e-06 0.000000e+00 0.000000e+00 0.000000e+00 0.000000e+00 0.000000e+00 0.000000e+00 0.000000e+00 0.000000e+00 0.000000e+00 4.150305e-06 0.000000e+00
SPEC pinc sel0 meanpt 0.6093 yield 0.10434 1.427847e-01 1.388437e-01 1.298704e-01 1.214774e-01 1.176231e-01 1.050009e-01 8.968643e-02 8.094166e-02 7.034916e-02 6.198666e-02 5.352803e-02 4.420751e-02 3.616000e-02 3.196572e-02 2.584112e-02 2.159227e-02 1.725212e-02 1.460328e-02 1.160172e-02 1.079688e-02 7.475291e-03 7.021853e-03 5.982205e-03 4.353783e-03 4.194638e-03 3.299010e-03 2.779849e-03 2.678764e-03 1.962512e-03 1.942230e-03 1.550549e-03 1.328096e-03 9.514317e-04 9.366048e-04 6.458461e-04 7.557458e-04 4.983325e-04 4.365393e-04 3.307116e-04 3.453633e-04 2.694687e-04 1.643597e-04 2.567878e-04 1.881635e-04 1.839351e-04 1.698985e-04 7.823284e-05 1.053055e-04 7.500675e-05 3.674573e-05 4.502261e-05 7.063742e-05 4.330747e-05 5.099758e-05 4.171820e-05 3.277322e-05 1.609658e-05 3.163328e-05 7.773135e-06 1.528499e-05 3.006469e-05 0.000000e+00 7.275655e-06 7.161077e-06 2.115016e-05 6.942418e-06 1.367604e-05 6.736717e-06 0.000000e+00 1.308571e-05 1.935015e-05 0.000000e+00 6.272116e-06 6.186781e-06 0.000000e+00 6.022893e-06 5.944162e-06 0.000000e+00 0.000000e+00 1.143971e-05 0.000000e+00 0.000000e+00 5.511860e-06 0.000000e+00 0.000000e+00 0.000000e+00 0.000000e+00 0.000000e+00 0.000000e+00 0.000000e+00 0.000000e+00 0.000000e+00 0.000000e+00 0.000000e+00 0.000000e+00 0.000000e+00 0.000000e+00 0.000000e+00 0.000000e+00 0.000000e+00
SPEC pinc sel1 meanpt 0.6134 yield 0.18114 1.766038e-01 1.610692e-01 1.558365e-01 1.464690e-01 1.417191e-01 1.262093e-01 1.089308e-01 9.991194e-02 8.541620e-02 7.552135e-02 6.490266e-02 5.392671e-02 4.316981e-02 3.806429e-02 3.123834e-02 2.624264e-02 2.103488e-02 1.815094e-02 1.434132e-02 1.297694e-02 9.452369e-03 8.632441e-03 7.176799e-03 5.827646e-03 4.805545e-03 4.072018e-03 3.285867e-03 3.329903e-03 2.352422e-03 2.258821e-03 1.863079e-03 1.609264e-03 1.182390e-03 1.208110e-03 8.887065e-04 8.982195e-04 6.944085e-04 6.213836e-04 3.928775e-04 4.139798e-04 3.835701e-04 2.265666e-04 3.366629e-04 2.631389e-04 1.745460e-04 2.066487e-04 1.230811e-04 1.463092e-04 1.095766e-04 5.781081e-05 6.476119e-05 8.731757e-05 4.672057e-05 6.877094e-05 6.750908e-05 4.419514e-05 1.447097e-05 4.265791e-05 6.988120e-06 3.435336e-05 4.054265e-05 0.000000e+00 6.540880e-06 6.437874e-06 1.901419e-05 1.872389e-05 1.229489e-05 6.056370e-06 0.000000e+00 1.764626e-05 2.319461e-05 1.143511e-05 5.638690e-06 5.561973e-06 0.000000e+00 5.414636e-06 5.343856e-06 5.274903e-06 0.000000e+00 5.142201e-06 0.000000e+00 0.000000e+00 4.955212e-06 0.000000e+00 0.000000e+00 4.781345e-06 0.000000e+00 0.000000e+00 0.000000e+00 0.000000e+00 0.000000e+00 0.000000e+00 0.000000e+00 0.000000e+00 0.000000e+00 0.000000e+00 0.000000e+00 0.000000e+00 0.000000e+00 0.000000e+00
SPEC pbarinc sel0 meanpt 0.6081 yield 0.09606 1.191388e-01 1.167136e-01 1.176837e-01 1.140719e-01 1.066085e-01 1.024379e-01 8.492928e-02 7.427231e-02 6.799527e-02 5.619486e-02 4.850436e-02 4.128143e-02 3.394093e-02 2.728370e-02 2.392812e-02 2.000805e-02 1.631510e-02 1.382374e-02 1.093806e-02 9.024610e-03 7.275655e-03 6.345048e-03 5.092958e-03 4.334432e-03 3.712069e-03 3.013690e-03 2.539615e-03 2.182696e-03 1.707226e-03 1.402722e-03 1.267276e-03 1.212609e-03 8.115153e-04 8.958828e-04 5.008603e-04 6.148440e-04 4.360409e-04 4.244132e-04 3.543338e-04 3.338512e-04 3.256080e-04 2.958474e-04 1.925909e-04 2.404311e-04 1.328420e-04 1.499105e-04 1.466866e-04 1.148788e-04 6.563090e-05 8.267789e-05 5.402714e-05 6.180774e-05 4.330747e-05 1.699919e-05 2.503092e-05 0.000000e+00 2.414487e-05 7.908320e-06 3.109254e-05 3.821247e-05 2.254852e-05 7.393958e-06 0.000000e+00 7.161077e-06 7.050053e-06 6.942418e-06 6.838021e-06 6.736717e-06 1.327674e-05 6.542855e-06 0.000000e+00 0.000000e+00 0.000000e+00 0.000000e+00 0.000000e+00 1.204579e-05 5.944162e-06 0.000000e+00 5.792719e-06 0.000000e+00 5.648800e-06 5.579490e-06 5.511860e-06 0.000000e+00 0.000000e+00 0.000000e+00 0.000000e+00 5.196896e-06 5.138174e-06 0.000000e+00 0.000000e+00 0.000000e+00 0.000000e+00 4.863405e-06 0.000000e+00 0.000000e+00 0.000000e+00 0.000000e+00 4.616532e-06 0.000000e+00
SPEC pbarinc sel1 meanpt 0.6122 yield 0.16549 1.414465e-01 1.452620e-01 1.422641e-01 1.385265e-01 1.284556e-01 1.207090e-01 9.949685e-02 8.950104e-02 7.825009e-02 6.764647e-02 5.719377e-02 4.990976e-02 4.199245e-02 3.309806e-02 2.833442e-02 2.484479e-02 1.969697e-02 1.691285e-02 1.336903e-02 1.106918e-02 8.993710e-03 7.776802e-03 6.232005e-03 5.601498e-03 4.621999e-03 3.847577e-03 3.069894e-03 2.571755e-03 2.295046e-03 1.801514e-03 1.541396e-03 1.466507e-03 8.930817e-04 1.012860e-03 6.398687e-04 7.254849e-04 5.824071e-04 5.450733e-04 4.672057e-04 4.139798e-04 4.239459e-04 3.546260e-04 2.308546e-04 3.195258e-04 1.837326e-04 1.617251e-04 1.934131e-04 1.290963e-04 7.586072e-05 9.910424e-05 7.285634e-05 6.350369e-05 4.672057e-05 3.056486e-05 3.000404e-05 2.209757e-05 2.894195e-05 2.132896e-05 3.494060e-05 4.122403e-05 2.702843e-05 6.647236e-06 0.000000e+00 6.437874e-06 6.338062e-06 6.241298e-06 6.147444e-06 1.211274e-05 1.790387e-05 5.882086e-06 0.000000e+00 5.717553e-06 0.000000e+00 0.000000e+00 0.000000e+00 1.082927e-05 5.343856e-06 0.000000e+00 5.207707e-06 0.000000e+00 5.078323e-06 5.016012e-06 4.955212e-06 0.000000e+00 0.000000e+00 0.000000e+00 0.000000e+00 4.672057e-06 4.619266e-06 0.000000e+00 0.000000e+00 0.000000e+00 0.000000e+00 0.000000e+00 0.000000e+00 0.000000e+00 0.000000e+00 0.000000e+00 4.150305e-06 0.000000e+00
SPEC chpm sel0eta05 meanpt 0.4784 yield 2.97877 4.311826e+00 4.289544e+00 4.574877e+00 4.188958e+00 3.568042e+00 2.919538e+00 2.367932e+00 1.884013e+00 1.508452e+00 1.206897e+00 9.526257e-01 7.522355e-01 5.979642e-01 4.771347e-01 3.755398e-01 3.039141e-01 2.340253e-01 1.847107e-01 1.480571e-01 1.204354e-01 9.664199e-02 7.852631e-02 6.405810e-02 5.083477e-02 4.110745e-02 3.487678e-02 2.888812e-02 2.413368e-02 1.868535e-02 1.668160e-02 1.358818e-02 1.169157e-02 9.862709e-03 8.475595e-03 6.919780e-03 5.989606e-03 5.284816e-03 4.320526e-03 3.695702e-03 3.303976e-03 2.601496e-03 2.454438e-03 2.082121e-03 1.807415e-03 1.423453e-03 1.329206e-03 1.204786e-03 8.443589e-04 7.153769e-04 8.102433e-04 6.051039e-04 6.613429e-04 4.971697e-04 3.331842e-04 3.562735e-04 4.244132e-04 1.971831e-04 2.823270e-04 2.557361e-04 2.139898e-04 2.104528e-04 1.190427e-04 1.426028e-04 1.052678e-04 1.184409e-04 7.775509e-05 4.786615e-05 9.431404e-05 7.899661e-05 5.495998e-05 8.127061e-05 5.787452e-05 4.829529e-05 2.165373e-05 3.845354e-05 4.216025e-05 2.912639e-05 3.696502e-05 2.838432e-05 2.001949e-05 1.977080e-05 3.124514e-05 3.472471e-05 1.524838e-05 2.260189e-05 1.489169e-05 1.839942e-05 3.637827e-06 3.596722e-06 0.000000e+00 7.034473e-06 1.043639e-05 6.882376e-06 3.404384e-06 3.368359e-06 0.000000e+00 0.000000e+00 0.000000e+00 6.463145e-06 3.199094e-06
