# gen_world hyb_H2_det_pdf13_p1.25 mode cfgset ../../island_post/official_pp_mb_mdc2.cfg|PDF:pSet=13;MultipartonInteractions:pT0Ref=1.25;StringFlav:probStoUD=0.27;StringFlav:probQQtoQ=0.11 nev 200000 seed 20260972
SUMMARY nev 200000 nnsd 155882 dnde 1.4826 eps 0.4604 classN 5.6240 12.1845 6.6582 1.1903 meanpt_ch05 0.4858
SPEC pip sel0 meanpt 0.4244 yield 0.51607 1.510608e+00 1.489690e+00 1.360184e+00 1.188270e+00 9.848407e-01 7.933771e-01 6.232578e-01 4.899547e-01 3.771036e-01 2.913134e-01 2.223838e-01 1.726386e-01 1.322714e-01 9.929921e-02 7.833873e-02 5.747180e-02 4.343345e-02 3.572866e-02 2.600555e-02 2.094083e-02 1.594877e-02 1.258434e-02 1.044865e-02 8.630165e-03 6.347637e-03 5.367578e-03 4.736039e-03 3.422865e-03 3.350630e-03 2.543396e-03 2.176733e-03 1.790042e-03 1.846897e-03 1.330250e-03 1.370775e-03 1.075977e-03 7.973320e-04 7.881959e-04 6.614231e-04 4.374602e-04 4.827981e-04 5.478656e-04 2.888863e-04 3.554199e-04 2.145909e-04 2.098747e-04 1.662448e-04 1.818914e-04 1.593893e-04 1.010508e-04 1.260633e-04 9.712646e-05 9.527643e-05 1.019952e-04 4.171820e-05 5.735313e-05 8.048290e-05 4.744992e-05 6.995822e-05 3.821247e-05 3.006469e-05 7.393958e-05 3.637827e-05 4.296646e-05 2.115016e-05 1.388484e-05 6.838021e-06 1.347343e-05 1.991511e-05 6.542855e-06 1.290010e-05 1.907951e-05 6.272116e-06 6.186781e-06 1.220747e-05 0.000000e+00 5.944162e-06 5.867463e-06 1.158544e-05 1.143971e-05 0.000000e+00 5.579490e-06 5.511860e-06 0.000000e+00 0.000000e+00 1.063692e-05 0.000000e+00 0.000000e+00 0.000000e+00 0.000000e+00 0.000000e+00 0.000000e+00 0.000000e+00 0.000000e+00 9.623882e-06 1.428466e-05 0.000000e+00 0.000000e+00 0.000000e+00 0.000000e+00
SPEC pip sel1 meanpt 0.4274 yield 0.86159 1.783068e+00 1.734877e+00 1.586383e+00 1.377236e+00 1.135439e+00 9.211243e-01 7.298396e-01 5.667482e-01 4.415509e-01 3.416791e-01 2.593914e-01 2.027787e-01 1.547340e-01 1.164390e-01 9.119961e-02 6.737258e-02 5.217600e-02 4.203004e-02 3.117074e-02 2.534165e-02 1.950352e-02 1.529120e-02 1.237901e-02 1.042720e-02 7.501197e-03 6.246095e-03 5.732990e-03 4.440406e-03 3.969347e-03 3.197968e-03 2.544122e-03 2.113300e-03 2.173937e-03 1.682358e-03 1.657269e-03 1.265460e-03 1.018199e-03 9.801564e-04 8.167970e-04 5.686562e-04 4.840279e-04 6.002966e-04 3.075001e-04 4.130928e-04 2.661473e-04 2.602980e-04 2.547001e-04 2.063487e-04 1.936735e-04 1.237571e-04 1.940904e-04 1.110210e-04 1.089063e-04 1.297715e-04 5.994841e-05 8.830238e-05 1.011961e-04 7.812841e-05 6.283054e-05 4.804688e-05 6.075350e-05 6.640626e-05 2.613750e-05 5.145178e-05 3.799056e-05 3.117546e-05 1.228266e-05 2.420139e-05 1.788607e-05 1.762871e-05 2.317155e-05 1.713560e-05 1.126617e-05 5.556442e-06 1.096372e-05 5.409252e-06 5.338543e-06 1.580897e-05 2.601264e-05 1.027418e-05 0.000000e+00 1.002205e-05 9.900570e-06 4.891000e-06 0.000000e+00 9.553182e-06 0.000000e+00 4.667412e-06 4.614672e-06 0.000000e+00 0.000000e+00 0.000000e+00 0.000000e+00 0.000000e+00 8.643355e-06 1.282927e-05 4.232109e-06 0.000000e+00 0.000000e+00 0.000000e+00
SPEC pim sel0 meanpt 0.4245 yield 0.50096 1.487871e+00 1.450584e+00 1.312164e+00 1.149164e+00 9.470477e-01 7.675816e-01 6.041592e-01 4.688553e-01 3.632478e-01 2.834155e-01 2.212579e-01 1.677355e-01 1.302342e-01 9.929921e-02 7.601805e-02 5.753048e-02 4.401220e-02 3.393573e-02 2.504693e-02 2.101078e-02 1.559386e-02 1.345150e-02 9.215829e-03 8.591464e-03 6.681724e-03 4.921766e-03 3.946699e-03 3.803183e-03 2.824103e-03 2.620469e-03 2.236369e-03 1.746735e-03 1.595047e-03 1.275954e-03 1.093984e-03 8.326013e-04 8.097903e-04 6.548089e-04 5.433119e-04 4.835087e-04 4.042030e-04 3.396766e-04 3.423837e-04 2.299776e-04 2.248096e-04 2.198687e-04 1.662448e-04 1.435984e-04 2.156444e-04 1.745422e-04 1.080543e-04 1.412748e-04 8.661494e-05 8.499596e-05 6.674912e-05 7.373974e-05 1.609658e-05 3.954160e-05 2.331941e-05 4.585497e-05 7.516172e-06 4.436375e-05 1.455131e-05 5.728862e-05 2.115016e-05 2.082726e-05 2.735208e-05 0.000000e+00 1.327674e-05 1.962856e-05 2.580019e-05 1.271968e-05 1.881635e-05 0.000000e+00 0.000000e+00 0.000000e+00 0.000000e+00 5.867463e-06 1.158544e-05 0.000000e+00 0.000000e+00 0.000000e+00 1.653558e-05 5.445849e-06 5.381401e-06 0.000000e+00 0.000000e+00 5.196896e-06 0.000000e+00 0.000000e+00 0.000000e+00 0.000000e+00 0.000000e+00 4.863405e-06 4.811941e-06 4.761554e-06 4.712211e-06 0.000000e+00 0.000000e+00 0.000000e+00
SPEC pim sel1 meanpt 0.4262 yield 0.83844 1.744678e+00 1.711734e+00 1.547177e+00 1.346432e+00 1.100498e+00 8.989223e-01 7.033879e-01 5.498678e-01 4.253591e-01 3.258590e-01 2.551518e-01 1.983751e-01 1.497026e-01 1.165297e-01 8.877739e-02 6.916426e-02 5.277004e-02 3.981302e-02 2.980205e-02 2.485995e-02 1.850743e-02 1.569010e-02 1.165297e-02 1.013176e-02 8.051285e-03 5.861720e-03 4.731258e-03 4.841379e-03 3.510794e-03 3.156436e-03 2.664633e-03 2.204055e-03 1.834652e-03 1.645785e-03 1.278465e-03 1.069889e-03 9.398760e-04 7.623439e-04 6.895040e-04 5.996738e-04 5.546153e-04 3.739553e-04 4.516407e-04 3.004311e-04 2.477924e-04 2.513222e-04 1.932208e-04 2.321423e-04 2.273559e-04 1.980114e-04 1.374807e-04 1.823916e-04 1.322433e-04 9.923702e-05 7.493551e-05 8.830238e-05 2.168488e-05 4.971808e-05 3.490586e-05 4.118304e-05 1.350078e-05 5.312501e-05 1.960313e-05 7.074620e-05 3.799056e-05 1.870528e-05 2.456532e-05 6.050348e-06 1.788607e-05 1.762871e-05 1.737866e-05 2.855934e-05 2.253233e-05 0.000000e+00 0.000000e+00 0.000000e+00 0.000000e+00 5.269658e-06 1.040506e-05 5.137088e-06 0.000000e+00 5.011025e-06 1.485086e-05 4.891000e-06 4.833119e-06 0.000000e+00 0.000000e+00 4.667412e-06 0.000000e+00 0.000000e+00 0.000000e+00 0.000000e+00 4.415119e-06 4.367899e-06 4.321677e-06 4.276424e-06 4.232109e-06 0.000000e+00 0.000000e+00 0.000000e+00
SPEC kp sel0 meanpt 0.5116 yield 0.07909 1.682495e-01 1.403595e-01 1.371461e-01 1.225168e-01 1.163094e-01 1.050836e-01 8.646836e-02 7.324159e-02 6.029164e-02 4.949360e-02 4.083894e-02 3.234503e-02 2.557393e-02 1.994068e-02 1.674655e-02 1.188161e-02 9.535517e-03 8.470941e-03 5.972919e-03 5.223547e-03 3.992737e-03 3.278275e-03 2.526269e-03 2.205917e-03 1.726112e-03 1.141279e-03 1.355605e-03 9.755991e-04 6.382153e-04 5.395083e-04 5.665469e-04 4.330747e-04 4.617242e-04 4.750894e-04 3.426939e-04 3.458498e-04 1.868747e-04 2.182696e-04 1.181113e-04 1.726817e-04 2.021015e-04 1.314877e-04 9.629543e-05 1.358958e-04 6.131170e-05 3.997612e-05 9.779106e-06 0.000000e+00 3.750337e-05 5.511860e-05 4.502261e-05 3.531871e-05 2.598448e-05 5.099758e-05 8.343641e-06 1.638661e-05 1.609658e-05 7.908320e-06 1.554627e-05 7.642494e-06 1.503234e-05 0.000000e+00 7.275655e-06 7.161077e-06 7.050053e-06 0.000000e+00 6.838021e-06 6.736717e-06 6.638371e-06 6.542855e-06 0.000000e+00 1.271968e-05 6.272116e-06 6.186781e-06 6.103737e-06 0.000000e+00 0.000000e+00 0.000000e+00 0.000000e+00 5.719854e-06 5.648800e-06 0.000000e+00 0.000000e+00 5.445849e-06 5.381401e-06 0.000000e+00 5.256976e-06 0.000000e+00 0.000000e+00 0.000000e+00 5.024623e-06 0.000000e+00 0.000000e+00 4.863405e-06 0.000000e+00 0.000000e+00 0.000000e+00 0.000000e+00 0.000000e+00 0.000000e+00
SPEC kp sel1 meanpt 0.5165 yield 0.13342 2.017489e-01 1.598200e-01 1.612357e-01 1.431729e-01 1.384017e-01 1.214800e-01 1.000262e-01 8.625377e-02 7.130158e-02 5.842248e-02 4.928009e-02 3.714651e-02 3.028683e-02 2.326359e-02 1.934964e-02 1.449156e-02 1.183118e-02 1.005827e-02 7.152493e-03 6.010788e-03 4.721485e-03 4.311929e-03 3.013073e-03 2.728450e-03 2.016989e-03 1.425391e-03 1.525715e-03 1.351428e-03 9.600948e-04 6.783569e-04 6.561156e-04 5.315663e-04 5.906071e-04 5.729770e-04 4.379926e-04 3.451255e-04 2.237800e-04 2.722657e-04 1.697241e-04 1.964449e-04 2.319300e-04 1.672958e-04 1.345313e-04 1.596040e-04 1.009524e-04 6.283054e-05 8.782764e-06 1.719573e-05 5.894412e-05 5.775333e-05 4.043550e-05 5.551048e-05 2.333706e-05 6.106894e-05 7.493551e-06 7.358532e-06 2.168488e-05 7.102583e-06 3.490586e-05 6.863841e-06 2.700155e-05 0.000000e+00 1.960313e-05 6.431473e-06 6.331760e-06 0.000000e+00 6.141331e-06 6.050348e-06 1.192404e-05 5.876238e-06 0.000000e+00 1.142373e-05 5.633083e-06 5.556442e-06 5.481859e-06 0.000000e+00 0.000000e+00 0.000000e+00 0.000000e+00 1.027418e-05 5.073273e-06 0.000000e+00 0.000000e+00 4.891000e-06 4.833119e-06 0.000000e+00 4.721370e-06 4.667412e-06 0.000000e+00 0.000000e+00 4.512691e-06 0.000000e+00 0.000000e+00 4.367899e-06 0.000000e+00 0.000000e+00 0.000000e+00 0.000000e+00 0.000000e+00 0.000000e+00
SPEC km sel0 meanpt 0.5061 yield 0.07420 1.618833e-01 1.503635e-01 1.296885e-01 1.203081e-01 1.078212e-01 9.408744e-02 8.262065e-02 6.748170e-02 5.745627e-02 4.671736e-02 3.789403e-02 2.993299e-02 2.411879e-02 1.859334e-02 1.558621e-02 1.117752e-02 9.755991e-03 7.639437e-03 5.948339e-03 4.290771e-03 3.770919e-03 2.834121e-03 2.101856e-03 1.857614e-03 1.484827e-03 1.283939e-03 1.098212e-03 9.590636e-04 6.701261e-04 6.011664e-04 5.069104e-04 3.608956e-04 3.637827e-04 5.158113e-04 2.372496e-04 2.433758e-04 2.117913e-04 1.818914e-04 9.448902e-05 1.151211e-04 1.235065e-04 9.861580e-05 1.818914e-04 5.226763e-05 7.153031e-05 5.996419e-05 3.911642e-05 4.786615e-05 9.375843e-06 2.755930e-05 5.402714e-05 3.531871e-05 2.598448e-05 2.549879e-05 2.503092e-05 1.638661e-05 0.000000e+00 1.581664e-05 1.554627e-05 7.642494e-06 0.000000e+00 2.218187e-05 1.455131e-05 0.000000e+00 7.050053e-06 6.942418e-06 0.000000e+00 0.000000e+00 6.638371e-06 0.000000e+00 0.000000e+00 0.000000e+00 0.000000e+00 1.237356e-05 6.103737e-06 0.000000e+00 0.000000e+00 5.867463e-06 0.000000e+00 5.719854e-06 0.000000e+00 0.000000e+00 1.102372e-05 5.445849e-06 0.000000e+00 0.000000e+00 5.256976e-06 0.000000e+00 0.000000e+00 0.000000e+00 0.000000e+00 0.000000e+00 0.000000e+00 0.000000e+00 0.000000e+00 0.000000e+00 0.000000e+00 0.000000e+00 0.000000e+00 0.000000e+00
SPEC km sel1 meanpt 0.5116 yield 0.12527 1.805121e-01 1.756114e-01 1.551914e-01 1.365218e-01 1.277834e-01 1.094508e-01 9.594224e-02 8.031837e-02 6.813048e-02 5.468241e-02 4.410704e-02 3.618766e-02 2.793446e-02 2.247704e-02 1.830752e-02 1.330589e-02 1.148466e-02 8.844745e-03 7.395324e-03 5.466257e-03 4.482423e-03 3.419150e-03 2.813412e-03 2.154954e-03 1.966981e-03 1.681641e-03 1.371603e-03 1.113814e-03 8.167970e-04 7.337329e-04 6.293354e-04 5.445314e-04 4.398138e-04 5.729770e-04 3.077786e-04 3.681339e-04 2.461580e-04 1.960313e-04 1.166853e-04 1.137312e-04 1.411748e-04 1.279321e-04 2.017969e-04 7.510777e-05 9.177495e-05 8.078212e-05 3.513106e-05 6.018504e-05 2.526176e-05 4.950285e-05 6.469679e-05 3.965034e-05 2.333706e-05 2.290085e-05 2.248065e-05 2.943413e-05 0.000000e+00 2.130775e-05 6.981171e-06 6.863841e-06 0.000000e+00 1.328125e-05 1.306875e-05 0.000000e+00 6.331760e-06 6.235092e-06 6.141331e-06 0.000000e+00 5.962022e-06 0.000000e+00 0.000000e+00 1.142373e-05 5.633083e-06 1.111288e-05 5.481859e-06 0.000000e+00 0.000000e+00 5.269658e-06 0.000000e+00 5.137088e-06 5.073273e-06 0.000000e+00 1.485086e-05 4.891000e-06 0.000000e+00 0.000000e+00 4.721370e-06 4.667412e-06 0.000000e+00 0.000000e+00 0.000000e+00 0.000000e+00 4.415119e-06 0.000000e+00 0.000000e+00 0.000000e+00 0.000000e+00 0.000000e+00 0.000000e+00 0.000000e+00
SPEC p sel0 meanpt 0.5724 yield 0.04306 8.457948e-02 6.275252e-02 5.947848e-02 5.300834e-02 4.365393e-02 4.712640e-02 4.120539e-02 3.807593e-02 2.953060e-02 2.646998e-02 2.321280e-02 1.870318e-02 1.662487e-02 1.283345e-02 1.135253e-02 7.862401e-03 6.862265e-03 5.690601e-03 4.276905e-03 3.591188e-03 2.817098e-03 2.516869e-03 2.162486e-03 1.238409e-03 1.206422e-03 1.087782e-03 9.266164e-04 9.921347e-04 7.179922e-04 5.395083e-04 3.727282e-04 3.464597e-04 2.938245e-04 2.036097e-04 2.899717e-04 2.689943e-04 1.619581e-04 1.091348e-04 1.063001e-04 1.151211e-04 2.245572e-05 8.765849e-05 5.349746e-05 3.136058e-05 9.196754e-05 3.997612e-05 7.823284e-05 1.914646e-05 4.687922e-05 6.430503e-05 2.701357e-05 8.829678e-06 5.196896e-05 0.000000e+00 8.343641e-06 8.193305e-06 1.609658e-05 0.000000e+00 0.000000e+00 0.000000e+00 0.000000e+00 0.000000e+00 0.000000e+00 0.000000e+00 0.000000e+00 6.942418e-06 0.000000e+00 0.000000e+00 0.000000e+00 6.542855e-06 0.000000e+00 6.359838e-06 1.254423e-05 0.000000e+00 0.000000e+00 0.000000e+00 0.000000e+00 0.000000e+00 0.000000e+00 0.000000e+00 0.000000e+00 0.000000e+00 5.511860e-06 0.000000e+00 0.000000e+00 0.000000e+00 0.000000e+00 0.000000e+00 0.000000e+00 0.000000e+00 0.000000e+00 0.000000e+00 0.000000e+00 0.000000e+00 0.000000e+00 0.000000e+00 0.000000e+00 0.000000e+00 0.000000e+00 0.000000e+00
SPEC p sel1 meanpt 0.5739 yield 0.07389 9.066447e-02 7.269494e-02 7.514533e-02 6.546045e-02 5.454389e-02 5.487391e-02 5.095557e-02 4.296352e-02 3.603516e-02 3.181209e-02 2.726546e-02 2.269275e-02 1.934175e-02 1.512587e-02 1.411087e-02 9.643475e-03 7.920456e-03 7.094466e-03 4.989085e-03 4.230590e-03 3.486329e-03 3.077235e-03 2.541146e-03 1.494565e-03 1.500239e-03 1.377344e-03 1.186667e-03 1.292024e-03 7.881375e-04 6.645128e-04 4.686540e-04 4.148810e-04 3.644171e-04 3.047750e-04 3.432915e-04 2.991088e-04 2.237800e-04 1.306875e-04 1.166853e-04 1.240704e-04 7.058740e-05 1.082502e-04 1.153125e-04 3.755389e-05 9.177495e-05 6.283054e-05 7.904487e-05 1.719573e-05 4.210294e-05 5.775333e-05 2.426130e-05 2.379020e-05 5.445314e-05 1.526723e-05 7.493551e-06 7.358532e-06 1.445658e-05 0.000000e+00 0.000000e+00 0.000000e+00 0.000000e+00 6.640626e-06 6.534376e-06 0.000000e+00 0.000000e+00 6.235092e-06 0.000000e+00 0.000000e+00 0.000000e+00 5.876238e-06 0.000000e+00 0.000000e+00 1.126617e-05 0.000000e+00 0.000000e+00 5.409252e-06 0.000000e+00 0.000000e+00 0.000000e+00 0.000000e+00 0.000000e+00 0.000000e+00 4.950285e-06 0.000000e+00 0.000000e+00 0.000000e+00 0.000000e+00 0.000000e+00 0.000000e+00 0.000000e+00 0.000000e+00 0.000000e+00 0.000000e+00 0.000000e+00 0.000000e+00 0.000000e+00 0.000000e+00 0.000000e+00 0.000000e+00 0.000000e+00
SPEC pbar sel0 meanpt 0.5579 yield 0.03790 5.911469e-02 4.971697e-02 5.584065e-02 5.378787e-02 4.557389e-02 4.092556e-02 3.609844e-02 3.328612e-02 2.872814e-02 2.316722e-02 1.970490e-02 1.700289e-02 1.418753e-02 1.081243e-02 9.000486e-03 7.774389e-03 6.255961e-03 4.391377e-03 3.637827e-03 3.101481e-03 1.841096e-03 2.136166e-03 1.818914e-03 1.315810e-03 9.651378e-04 6.419695e-04 8.922973e-04 5.787452e-04 4.467507e-04 2.774614e-04 3.130917e-04 2.598448e-04 2.098747e-04 3.393496e-04 1.318053e-04 1.793295e-04 1.245831e-04 1.333870e-04 1.299224e-04 1.381453e-04 1.010508e-04 6.574387e-05 3.209848e-05 5.226763e-05 1.021862e-05 4.997015e-05 3.911642e-05 5.743938e-05 1.875169e-05 3.674573e-05 2.701357e-05 8.829678e-06 8.661494e-06 8.499596e-06 8.343641e-06 8.193305e-06 1.609658e-05 0.000000e+00 1.554627e-05 0.000000e+00 7.516172e-06 0.000000e+00 0.000000e+00 0.000000e+00 1.410011e-05 0.000000e+00 0.000000e+00 0.000000e+00 0.000000e+00 6.542855e-06 0.000000e+00 0.000000e+00 0.000000e+00 0.000000e+00 6.103737e-06 0.000000e+00 0.000000e+00 5.867463e-06 0.000000e+00 0.000000e+00 0.000000e+00 0.000000e+00 0.000000e+00 0.000000e+00 0.000000e+00 0.000000e+00 0.000000e+00 0.000000e+00 0.000000e+00 0.000000e+00 0.000000e+00 0.000000e+00 0.000000e+00 0.000000e+00 0.000000e+00 0.000000e+00 0.000000e+00 0.000000e+00 0.000000e+00 0.000000e+00
SPEC pbar sel1 meanpt 0.5636 yield 0.06439 6.616056e-02 6.180431e-02 6.338345e-02 6.195989e-02 5.372709e-02 4.819102e-02 4.278760e-02 3.828055e-02 3.502618e-02 2.656740e-02 2.446502e-02 1.942556e-02 1.600922e-02 1.334102e-02 1.036487e-02 9.827913e-03 7.821450e-03 5.250838e-03 4.657951e-03 3.832663e-03 2.510157e-03 2.374410e-03 2.159974e-03 1.633594e-03 1.200192e-03 9.289064e-04 9.709097e-04 7.128410e-04 5.302016e-04 3.876325e-04 4.552639e-04 3.370908e-04 2.387561e-04 3.779210e-04 1.775646e-04 2.070753e-04 1.454570e-04 1.197969e-04 1.697241e-04 1.757664e-04 1.109231e-04 8.856835e-05 7.687501e-05 7.510777e-05 3.670998e-05 4.487896e-05 3.513106e-05 6.018504e-05 1.684118e-05 3.300190e-05 4.043550e-05 7.930068e-06 7.779019e-06 1.526723e-05 7.493551e-06 7.358532e-06 2.891317e-05 0.000000e+00 1.396234e-05 6.863841e-06 6.750389e-06 0.000000e+00 0.000000e+00 0.000000e+00 1.266352e-05 0.000000e+00 0.000000e+00 0.000000e+00 0.000000e+00 5.876238e-06 0.000000e+00 0.000000e+00 0.000000e+00 0.000000e+00 5.481859e-06 0.000000e+00 0.000000e+00 5.269658e-06 0.000000e+00 0.000000e+00 0.000000e+00 0.000000e+00 0.000000e+00 0.000000e+00 0.000000e+00 0.000000e+00 0.000000e+00 0.000000e+00 0.000000e+00 0.000000e+00 0.000000e+00 0.000000e+00 0.000000e+00 0.000000e+00 0.000000e+00 0.000000e+00 0.000000e+00 0.000000e+00 0.000000e+00 0.000000e+00
SPEC pinc sel0 meanpt 0.5724 yield 0.04306 8.457948e-02 6.275252e-02 5.947848e-02 5.300834e-02 4.365393e-02 4.712640e-02 4.120539e-02 3.807593e-02 2.953060e-02 2.646998e-02 2.321280e-02 1.870318e-02 1.662487e-02 1.283345e-02 1.135253e-02 7.862401e-03 6.862265e-03 5.690601e-03 4.276905e-03 3.591188e-03 2.817098e-03 2.516869e-03 2.162486e-03 1.238409e-03 1.206422e-03 1.087782e-03 9.266164e-04 9.921347e-04 7.179922e-04 5.395083e-04 3.727282e-04 3.464597e-04 2.938245e-04 2.036097e-04 2.899717e-04 2.689943e-04 1.619581e-04 1.091348e-04 1.063001e-04 1.151211e-04 2.245572e-05 8.765849e-05 5.349746e-05 3.136058e-05 9.196754e-05 3.997612e-05 7.823284e-05 1.914646e-05 4.687922e-05 6.430503e-05 2.701357e-05 8.829678e-06 5.196896e-05 0.000000e+00 8.343641e-06 8.193305e-06 1.609658e-05 0.000000e+00 0.000000e+00 0.000000e+00 0.000000e+00 0.000000e+00 0.000000e+00 0.000000e+00 0.000000e+00 6.942418e-06 0.000000e+00 0.000000e+00 0.000000e+00 6.542855e-06 0.000000e+00 6.359838e-06 1.254423e-05 0.000000e+00 0.000000e+00 0.000000e+00 0.000000e+00 0.000000e+00 0.000000e+00 0.000000e+00 0.000000e+00 0.000000e+00 5.511860e-06 0.000000e+00 0.000000e+00 0.000000e+00 0.000000e+00 0.000000e+00 0.000000e+00 0.000000e+00 0.000000e+00 0.000000e+00 0.000000e+00 0.000000e+00 0.000000e+00 0.000000e+00 0.000000e+00 0.000000e+00 0.000000e+00 0.000000e+00
SPEC pinc sel1 meanpt 0.5739 yield 0.07389 9.066447e-02 7.269494e-02 7.514533e-02 6.546045e-02 5.454389e-02 5.487391e-02 5.095557e-02 4.296352e-02 3.603516e-02 3.181209e-02 2.726546e-02 2.269275e-02 1.934175e-02 1.512587e-02 1.411087e-02 9.643475e-03 7.920456e-03 7.094466e-03 4.989085e-03 4.230590e-03 3.486329e-03 3.077235e-03 2.541146e-03 1.494565e-03 1.500239e-03 1.377344e-03 1.186667e-03 1.292024e-03 7.881375e-04 6.645128e-04 4.686540e-04 4.148810e-04 3.644171e-04 3.047750e-04 3.432915e-04 2.991088e-04 2.237800e-04 1.306875e-04 1.166853e-04 1.240704e-04 7.058740e-05 1.082502e-04 1.153125e-04 3.755389e-05 9.177495e-05 6.283054e-05 7.904487e-05 1.719573e-05 4.210294e-05 5.775333e-05 2.426130e-05 2.379020e-05 5.445314e-05 1.526723e-05 7.493551e-06 7.358532e-06 1.445658e-05 0.000000e+00 0.000000e+00 0.000000e+00 0.000000e+00 6.640626e-06 6.534376e-06 0.000000e+00 0.000000e+00 6.235092e-06 0.000000e+00 0.000000e+00 0.000000e+00 5.876238e-06 0.000000e+00 0.000000e+00 1.126617e-05 0.000000e+00 0.000000e+00 5.409252e-06 0.000000e+00 0.000000e+00 0.000000e+00 0.000000e+00 0.000000e+00 0.000000e+00 4.950285e-06 0.000000e+00 0.000000e+00 0.000000e+00 0.000000e+00 0.000000e+00 0.000000e+00 0.000000e+00 0.000000e+00 0.000000e+00 0.000000e+00 0.000000e+00 0.000000e+00 0.000000e+00 0.000000e+00 0.000000e+00 0.000000e+00 0.000000e+00
SPEC pbarinc sel0 meanpt 0.5579 yield 0.03790 5.911469e-02 4.971697e-02 5.584065e-02 5.378787e-02 4.557389e-02 4.092556e-02 3.609844e-02 3.328612e-02 2.872814e-02 2.316722e-02 1.970490e-02 1.700289e-02 1.418753e-02 1.081243e-02 9.000486e-03 7.774389e-03 6.255961e-03 4.391377e-03 3.637827e-03 3.101481e-03 1.841096e-03 2.136166e-03 1.818914e-03 1.315810e-03 9.651378e-04 6.419695e-04 8.922973e-04 5.787452e-04 4.467507e-04 2.774614e-04 3.130917e-04 2.598448e-04 2.098747e-04 3.393496e-04 1.318053e-04 1.793295e-04 1.245831e-04 1.333870e-04 1.299224e-04 1.381453e-04 1.010508e-04 6.574387e-05 3.209848e-05 5.226763e-05 1.021862e-05 4.997015e-05 3.911642e-05 5.743938e-05 1.875169e-05 3.674573e-05 2.701357e-05 8.829678e-06 8.661494e-06 8.499596e-06 8.343641e-06 8.193305e-06 1.609658e-05 0.000000e+00 1.554627e-05 0.000000e+00 7.516172e-06 0.000000e+00 0.000000e+00 0.000000e+00 1.410011e-05 0.000000e+00 0.000000e+00 0.000000e+00 0.000000e+00 6.542855e-06 0.000000e+00 0.000000e+00 0.000000e+00 0.000000e+00 6.103737e-06 0.000000e+00 0.000000e+00 5.867463e-06 0.000000e+00 0.000000e+00 0.000000e+00 0.000000e+00 0.000000e+00 0.000000e+00 0.000000e+00 0.000000e+00 0.000000e+00 0.000000e+00 0.000000e+00 0.000000e+00 0.000000e+00 0.000000e+00 0.000000e+00 0.000000e+00 0.000000e+00 0.000000e+00 0.000000e+00 0.000000e+00 0.000000e+00 0.000000e+00
SPEC pbarinc sel1 meanpt 0.5636 yield 0.06439 6.616056e-02 6.180431e-02 6.338345e-02 6.195989e-02 5.372709e-02 4.819102e-02 4.278760e-02 3.828055e-02 3.502618e-02 2.656740e-02 2.446502e-02 1.942556e-02 1.600922e-02 1.334102e-02 1.036487e-02 9.827913e-03 7.821450e-03 5.250838e-03 4.657951e-03 3.832663e-03 2.510157e-03 2.374410e-03 2.159974e-03 1.633594e-03 1.200192e-03 9.289064e-04 9.709097e-04 7.128410e-04 5.302016e-04 3.876325e-04 4.552639e-04 3.370908e-04 2.387561e-04 3.779210e-04 1.775646e-04 2.070753e-04 1.454570e-04 1.197969e-04 1.697241e-04 1.757664e-04 1.109231e-04 8.856835e-05 7.687501e-05 7.510777e-05 3.670998e-05 4.487896e-05 3.513106e-05 6.018504e-05 1.684118e-05 3.300190e-05 4.043550e-05 7.930068e-06 7.779019e-06 1.526723e-05 7.493551e-06 7.358532e-06 2.891317e-05 0.000000e+00 1.396234e-05 6.863841e-06 6.750389e-06 0.000000e+00 0.000000e+00 0.000000e+00 1.266352e-05 0.000000e+00 0.000000e+00 0.000000e+00 0.000000e+00 5.876238e-06 0.000000e+00 0.000000e+00 0.000000e+00 0.000000e+00 5.481859e-06 0.000000e+00 0.000000e+00 5.269658e-06 0.000000e+00 0.000000e+00 0.000000e+00 0.000000e+00 0.000000e+00 0.000000e+00 0.000000e+00 0.000000e+00 0.000000e+00 0.000000e+00 0.000000e+00 0.000000e+00 0.000000e+00 0.000000e+00 0.000000e+00 0.000000e+00 0.000000e+00 0.000000e+00 0.000000e+00 0.000000e+00 0.000000e+00 0.000000e+00
SPEC chpm sel0eta05 meanpt 0.4858 yield 1.48259 7.372057e-01 1.515792e+00 1.906040e+00 1.962608e+00 1.771854e+00 1.533270e+00 1.262662e+00 1.023303e+00 8.144988e-01 6.454989e-01 5.105691e-01 4.030080e-01 3.154578e-01 2.434953e-01 1.933348e-01 1.463815e-01 1.158069e-01 9.105482e-02 6.952920e-02 5.701828e-02 4.360069e-02 3.603564e-02 2.854886e-02 2.335176e-02 1.876079e-02 1.455488e-02 1.308073e-02 1.138971e-02 8.845664e-03 7.380473e-03 6.293143e-03 5.183904e-03 4.759957e-03 4.294808e-03 3.515248e-03 3.111367e-03 2.398225e-03 2.054160e-03 1.761039e-03 1.547228e-03 1.367554e-03 1.188868e-03 1.093488e-03 9.512709e-04 7.081501e-04 7.065780e-04 5.065577e-04 5.025946e-04 4.725425e-04 4.437047e-04 4.097058e-04 3.523041e-04 3.031523e-04 2.855864e-04 1.576948e-04 2.351478e-04 1.521127e-04 1.660747e-04 1.469123e-04 9.629543e-05 1.052264e-04 1.242185e-04 7.639437e-05 1.203061e-04 8.389563e-05 6.317601e-05 4.786615e-05 3.300991e-05 4.646860e-05 5.037998e-05 4.063530e-05 6.232641e-05 5.268577e-05 2.598448e-05 2.990831e-05 2.108012e-05 4.160914e-06 2.875057e-05 2.838432e-05 2.402339e-05 1.186248e-05 1.171693e-05 3.858302e-05 1.524838e-05 1.130094e-05 7.445845e-06 7.359766e-06 1.455131e-05 3.596722e-06 0.000000e+00 3.517236e-06 0.000000e+00 6.882376e-06 6.808768e-06 1.010508e-05 1.333235e-05 6.597096e-06 0.000000e+00 0.000000e+00 3.199094e-06
