# gen_world hyb_H5_mon_bprof2_p2.30 mode set MultipartonInteractions:bProfile=2;MultipartonInteractions:coreRadius=0.56;MultipartonInteractions:coreFraction=0.78;MultipartonInteractions:pT0Ref=2.30;StringPT:sigma=0.36;StringFlav:probStoUD=0.27;StringFlav:probQQtoQ=0.11 nev 200000 seed 20260975
SUMMARY nev 200000 nnsd 155635 dnde 2.4988 eps 0.5179 classN 19.3705 17.2717 7.7598 1.2967 meanpt_ch05 0.4605
SPEC pip sel0 meanpt 0.4018 yield 0.87754 3.621457e+00 3.286171e+00 2.732008e+00 2.183346e+00 1.695430e+00 1.290437e+00 1.000892e+00 7.632162e-01 5.949453e-01 4.699498e-01 3.516999e-01 2.695551e-01 2.109212e-01 1.635001e-01 1.254110e-01 9.473020e-02 7.388648e-02 5.794539e-02 4.466170e-02 3.395305e-02 2.621897e-02 2.119246e-02 1.542035e-02 1.340965e-02 1.083924e-02 8.309939e-03 7.018261e-03 5.853595e-03 4.946169e-03 3.822802e-03 3.399281e-03 2.425218e-03 2.070763e-03 1.954653e-03 1.159887e-03 1.268116e-03 1.146165e-03 8.852046e-04 9.094568e-04 6.677025e-04 6.287603e-04 4.602071e-04 3.209848e-04 4.076875e-04 2.554654e-04 2.898269e-04 2.151403e-04 2.201843e-04 1.781410e-04 1.286101e-04 2.071040e-04 1.324452e-04 1.125994e-04 4.249798e-05 1.168110e-04 4.915983e-05 3.219316e-05 7.117488e-05 3.109254e-05 5.349746e-05 2.254852e-05 2.218187e-05 5.092958e-05 2.148323e-05 3.525026e-05 2.776967e-05 6.838021e-06 1.347343e-05 0.000000e+00 1.308571e-05 1.290010e-05 1.271968e-05 6.272116e-06 0.000000e+00 6.103737e-06 1.204579e-05 2.377665e-05 1.760239e-05 5.792719e-06 5.719854e-06 5.648800e-06 5.579490e-06 5.511860e-06 5.445849e-06 0.000000e+00 5.318461e-06 5.256976e-06 0.000000e+00 0.000000e+00 0.000000e+00 5.024623e-06 0.000000e+00 0.000000e+00 0.000000e+00 0.000000e+00 0.000000e+00 0.000000e+00 0.000000e+00 0.000000e+00 0.000000e+00
SPEC pip sel1 meanpt 0.4038 yield 1.49598 4.305625e+00 3.908850e+00 3.263047e+00 2.570215e+00 2.024417e+00 1.541139e+00 1.190326e+00 9.103197e-01 7.065439e-01 5.590591e-01 4.182794e-01 3.227912e-01 2.506638e-01 1.954940e-01 1.506702e-01 1.154831e-01 8.818054e-02 6.986517e-02 5.324240e-02 4.191155e-02 3.216504e-02 2.515161e-02 1.977968e-02 1.665777e-02 1.297262e-02 1.041064e-02 8.335290e-03 7.422338e-03 5.870178e-03 4.769900e-03 4.144112e-03 3.064604e-03 2.693415e-03 2.356597e-03 1.576905e-03 1.497917e-03 1.344811e-03 1.156239e-03 1.041210e-03 8.284489e-04 7.473939e-04 6.308189e-04 4.716067e-04 4.419585e-04 3.125300e-04 3.506114e-04 2.726978e-04 2.238992e-04 2.277167e-04 1.487442e-04 2.105983e-04 1.350251e-04 1.090791e-04 6.881159e-05 1.350980e-04 6.633189e-05 1.013567e-04 9.248011e-05 4.894575e-05 6.187260e-05 2.704441e-05 3.990699e-05 5.235797e-05 3.220840e-05 5.073447e-05 3.746992e-05 1.230216e-05 2.423980e-05 1.194297e-05 1.765669e-05 2.320832e-05 1.144186e-05 5.642023e-06 5.565261e-06 5.490559e-06 1.083567e-05 2.138806e-05 1.583406e-05 5.210786e-06 1.029048e-05 5.081325e-06 5.018977e-06 4.958141e-06 4.898762e-06 0.000000e+00 4.784171e-06 4.728863e-06 0.000000e+00 0.000000e+00 0.000000e+00 4.519853e-06 0.000000e+00 0.000000e+00 0.000000e+00 0.000000e+00 0.000000e+00 0.000000e+00 0.000000e+00 0.000000e+00 0.000000e+00
SPEC pim sel0 meanpt 0.4005 yield 0.86569 3.595992e+00 3.291021e+00 2.696176e+00 2.136444e+00 1.676533e+00 1.271173e+00 9.844520e-01 7.703099e-01 5.825873e-01 4.514735e-01 3.538653e-01 2.723625e-01 2.087749e-01 1.565613e-01 1.222122e-01 9.429014e-02 7.099275e-02 5.534694e-02 4.330981e-02 3.267049e-02 2.794916e-02 1.966965e-02 1.736052e-02 1.250019e-02 1.033811e-02 8.506096e-03 6.898144e-03 6.118164e-03 4.435596e-03 3.622413e-03 3.190553e-03 2.468526e-03 2.140721e-03 1.588156e-03 1.476220e-03 1.370590e-03 1.171081e-03 7.275655e-04 7.441010e-04 6.216540e-04 5.389374e-04 5.259509e-04 3.744822e-04 4.076875e-04 2.452468e-04 2.498508e-04 2.444776e-04 1.148788e-04 1.687652e-04 1.469829e-04 8.104071e-05 7.063742e-05 7.795344e-05 1.104948e-04 8.343641e-05 6.554644e-05 9.657949e-05 2.372496e-05 1.554627e-05 3.056998e-05 3.758086e-05 2.957583e-05 2.182696e-05 2.148323e-05 2.820021e-05 6.942418e-06 2.051406e-05 6.736717e-06 0.000000e+00 1.308571e-05 3.870029e-05 6.359838e-06 6.272116e-06 0.000000e+00 0.000000e+00 0.000000e+00 1.188832e-05 5.867463e-06 0.000000e+00 5.719854e-06 0.000000e+00 5.579490e-06 5.511860e-06 0.000000e+00 0.000000e+00 0.000000e+00 0.000000e+00 0.000000e+00 0.000000e+00 0.000000e+00 0.000000e+00 0.000000e+00 0.000000e+00 0.000000e+00 0.000000e+00 9.523108e-06 0.000000e+00 0.000000e+00 0.000000e+00 0.000000e+00
SPEC pim sel1 meanpt 0.4022 yield 1.47266 4.329350e+00 3.889216e+00 3.214943e+00 2.547309e+00 1.996966e+00 1.502019e+00 1.171761e+00 9.027387e-01 6.978817e-01 5.365831e-01 4.194481e-01 3.218664e-01 2.492240e-01 1.865556e-01 1.455924e-01 1.144539e-01 8.659394e-02 6.617206e-02 5.103133e-02 4.052708e-02 3.262397e-02 2.475208e-02 2.085229e-02 1.580487e-02 1.227140e-02 1.013794e-02 8.505083e-03 7.496710e-03 5.367840e-03 4.450982e-03 3.849062e-03 3.064604e-03 2.554968e-03 2.063549e-03 1.754751e-03 1.601619e-03 1.367224e-03 1.025344e-03 9.243392e-04 7.352484e-04 6.564946e-04 6.505320e-04 5.101052e-04 4.983787e-04 3.401062e-04 3.056612e-04 2.902912e-04 1.894532e-04 1.855469e-04 1.652714e-04 1.619987e-04 1.191398e-04 8.570501e-05 1.223317e-04 8.255988e-05 9.581273e-05 1.013567e-04 2.134156e-05 3.496125e-05 5.499787e-05 4.732771e-05 3.990699e-05 1.963424e-05 3.220840e-05 3.170904e-05 1.248997e-05 3.075539e-05 1.817985e-05 5.971484e-06 1.177113e-05 4.641664e-05 1.144186e-05 5.642023e-06 5.565261e-06 0.000000e+00 0.000000e+00 1.604105e-05 5.278021e-06 0.000000e+00 5.145241e-06 0.000000e+00 5.018977e-06 9.916283e-06 0.000000e+00 0.000000e+00 0.000000e+00 0.000000e+00 0.000000e+00 0.000000e+00 0.000000e+00 0.000000e+00 0.000000e+00 0.000000e+00 0.000000e+00 0.000000e+00 8.566422e-06 0.000000e+00 0.000000e+00 4.152758e-06 0.000000e+00
SPEC kp sel0 meanpt 0.5248 yield 0.11548 2.073562e-01 2.034152e-01 1.982616e-01 1.824111e-01 1.574371e-01 1.411312e-01 1.175998e-01 1.082860e-01 8.174412e-02 7.280441e-02 5.876823e-02 4.725221e-02 3.987059e-02 3.095522e-02 2.383404e-02 2.015474e-02 1.551588e-02 1.262846e-02 1.015150e-02 8.138473e-03 6.876381e-03 5.456741e-03 4.021820e-03 3.347575e-03 2.784051e-03 2.514381e-03 1.904711e-03 1.620487e-03 1.356208e-03 1.048188e-03 8.647294e-04 9.816359e-04 7.555487e-04 5.701073e-04 3.558744e-04 3.330405e-04 3.114578e-04 3.031523e-04 1.181113e-04 2.532665e-04 1.122786e-04 1.314877e-04 1.390934e-04 1.149888e-04 7.153031e-05 6.995822e-05 5.867463e-05 4.786615e-05 5.625506e-05 3.674573e-05 5.402714e-05 6.180774e-05 3.464597e-05 1.699919e-05 1.668728e-05 3.277322e-05 4.828974e-05 7.908320e-06 2.331941e-05 1.528499e-05 3.006469e-05 1.478792e-05 0.000000e+00 2.864431e-05 2.115016e-05 0.000000e+00 6.838021e-06 6.736717e-06 1.991511e-05 6.542855e-06 6.450048e-06 0.000000e+00 0.000000e+00 6.186781e-06 6.103737e-06 0.000000e+00 0.000000e+00 0.000000e+00 0.000000e+00 0.000000e+00 1.129760e-05 0.000000e+00 0.000000e+00 0.000000e+00 0.000000e+00 0.000000e+00 5.256976e-06 0.000000e+00 5.138174e-06 0.000000e+00 0.000000e+00 0.000000e+00 0.000000e+00 0.000000e+00 4.811941e-06 0.000000e+00 0.000000e+00 0.000000e+00 4.616532e-06 4.570135e-06
SPEC kp sel1 meanpt 0.5255 yield 0.19740 2.560632e-01 2.503366e-01 2.334838e-01 2.181972e-01 1.879797e-01 1.629493e-01 1.418448e-01 1.265318e-01 9.826745e-02 8.796656e-02 7.214804e-02 5.648401e-02 4.699128e-02 3.766259e-02 2.942315e-02 2.388305e-02 1.794847e-02 1.526328e-02 1.253673e-02 9.817120e-03 8.200887e-03 6.563772e-03 4.708582e-03 4.316748e-03 3.322461e-03 2.999676e-03 2.407973e-03 1.844429e-03 1.478309e-03 1.345001e-03 1.086321e-03 1.090791e-03 8.936096e-04 6.349381e-04 4.149749e-04 3.917630e-04 4.370636e-04 3.708690e-04 2.124918e-04 3.106684e-04 1.615987e-04 1.281351e-04 1.636187e-04 1.504539e-04 9.192060e-05 8.990037e-05 7.037362e-05 5.166905e-05 5.060371e-05 9.089926e-05 5.669954e-05 7.148388e-05 3.895682e-05 3.058293e-05 3.002177e-05 2.948084e-05 4.343858e-05 7.113855e-06 2.796900e-05 1.374947e-05 3.380551e-05 1.995350e-05 0.000000e+00 2.576672e-05 1.902543e-05 0.000000e+00 0.000000e+00 1.211990e-05 1.791445e-05 5.885563e-06 5.802080e-06 0.000000e+00 0.000000e+00 5.565261e-06 5.490559e-06 0.000000e+00 0.000000e+00 5.278021e-06 0.000000e+00 0.000000e+00 1.016265e-05 0.000000e+00 0.000000e+00 0.000000e+00 0.000000e+00 0.000000e+00 4.728863e-06 0.000000e+00 4.621996e-06 0.000000e+00 0.000000e+00 0.000000e+00 0.000000e+00 0.000000e+00 4.328536e-06 0.000000e+00 0.000000e+00 0.000000e+00 4.152758e-06 4.111022e-06
SPEC km sel0 meanpt 0.5182 yield 0.10974 1.982616e-01 2.064467e-01 1.804362e-01 1.681196e-01 1.508688e-01 1.341862e-01 1.156409e-01 9.864575e-02 8.286757e-02 7.151203e-02 5.829185e-02 4.705450e-02 3.816081e-02 2.819316e-02 2.245418e-02 1.827715e-02 1.529541e-02 1.221271e-02 9.389527e-03 7.322293e-03 5.700742e-03 4.843386e-03 3.637827e-03 2.825121e-03 2.375724e-03 2.175563e-03 1.904711e-03 1.637022e-03 9.732783e-04 9.402859e-04 8.200020e-04 4.763821e-04 6.576072e-04 6.108292e-04 5.272213e-04 2.689943e-04 2.242496e-04 3.152784e-04 1.889780e-04 1.151211e-04 2.021015e-04 7.670118e-05 1.390934e-04 1.045353e-04 1.328420e-04 4.997015e-05 5.867463e-05 3.829292e-05 7.500675e-05 3.674573e-05 2.701357e-05 2.648903e-05 3.464597e-05 0.000000e+00 5.006184e-05 1.638661e-05 2.414487e-05 7.908320e-06 1.554627e-05 1.528499e-05 1.503234e-05 1.478792e-05 0.000000e+00 7.161077e-06 1.410011e-05 2.082726e-05 2.735208e-05 6.736717e-06 6.638371e-06 0.000000e+00 1.935015e-05 0.000000e+00 6.272116e-06 0.000000e+00 0.000000e+00 6.022893e-06 0.000000e+00 0.000000e+00 0.000000e+00 0.000000e+00 5.648800e-06 0.000000e+00 0.000000e+00 0.000000e+00 0.000000e+00 0.000000e+00 0.000000e+00 0.000000e+00 0.000000e+00 5.080764e-06 0.000000e+00 4.969709e-06 0.000000e+00 0.000000e+00 0.000000e+00 0.000000e+00 0.000000e+00 0.000000e+00 0.000000e+00 0.000000e+00
SPEC km sel1 meanpt 0.5207 yield 0.18639 2.307023e-01 2.342474e-01 2.086138e-01 2.068607e-01 1.803441e-01 1.573714e-01 1.381948e-01 1.170419e-01 9.720874e-02 8.310106e-02 6.692783e-02 5.552364e-02 4.666404e-02 3.472352e-02 2.702529e-02 2.113848e-02 1.827075e-02 1.507629e-02 1.132064e-02 8.957073e-03 7.143351e-03 5.993009e-03 4.490423e-03 3.620498e-03 2.938458e-03 2.598649e-03 2.114694e-03 2.037796e-03 1.306079e-03 1.150877e-03 9.790297e-04 6.233092e-04 6.922328e-04 7.448312e-04 5.928212e-04 4.032854e-04 2.577554e-04 3.272373e-04 2.337409e-04 1.449786e-04 2.524979e-04 7.885237e-05 1.539940e-04 1.410506e-04 1.470730e-04 7.192029e-05 7.037362e-05 5.166905e-05 8.433952e-05 4.958141e-05 2.429980e-05 2.382796e-05 3.895682e-05 0.000000e+00 5.253810e-05 1.474042e-05 2.895906e-05 1.422771e-05 1.398450e-05 2.062420e-05 1.352220e-05 1.330233e-05 0.000000e+00 6.441680e-06 1.268362e-05 1.873496e-05 2.460431e-05 1.211990e-05 5.971484e-06 0.000000e+00 1.740624e-05 0.000000e+00 5.642023e-06 5.565261e-06 0.000000e+00 5.417837e-06 0.000000e+00 0.000000e+00 0.000000e+00 0.000000e+00 5.081325e-06 0.000000e+00 0.000000e+00 0.000000e+00 0.000000e+00 0.000000e+00 0.000000e+00 0.000000e+00 0.000000e+00 4.570354e-06 0.000000e+00 4.470455e-06 0.000000e+00 0.000000e+00 0.000000e+00 0.000000e+00 0.000000e+00 0.000000e+00 0.000000e+00 0.000000e+00
SPEC p sel0 meanpt 0.5884 yield 0.06214 7.912274e-02 8.579209e-02 7.821329e-02 7.821329e-02 7.316075e-02 6.126432e-02 5.582666e-02 4.626104e-02 4.194201e-02 3.910664e-02 3.364990e-02 2.795591e-02 2.197248e-02 1.967121e-02 1.627614e-02 1.308444e-02 1.050009e-02 8.886692e-03 7.079015e-03 5.829851e-03 4.547284e-03 3.828179e-03 2.829421e-03 2.496169e-03 1.856034e-03 1.480096e-03 1.561520e-03 9.755991e-04 1.021144e-03 9.402859e-04 5.963651e-04 7.650986e-04 4.057577e-04 4.207935e-04 3.954160e-04 2.946128e-04 2.740829e-04 3.395305e-04 9.448902e-05 1.151211e-04 1.459622e-04 1.424450e-04 1.176944e-04 6.272116e-05 1.021862e-04 1.099343e-04 3.911642e-05 5.743938e-05 3.750337e-05 6.430503e-05 6.303166e-05 8.829678e-06 1.732299e-05 8.499596e-06 8.343641e-06 0.000000e+00 2.414487e-05 7.908320e-06 1.554627e-05 7.642494e-06 7.516172e-06 0.000000e+00 0.000000e+00 7.161077e-06 7.050053e-06 2.082726e-05 6.838021e-06 0.000000e+00 0.000000e+00 0.000000e+00 0.000000e+00 0.000000e+00 6.272116e-06 0.000000e+00 0.000000e+00 0.000000e+00 0.000000e+00 0.000000e+00 0.000000e+00 0.000000e+00 5.648800e-06 0.000000e+00 0.000000e+00 0.000000e+00 0.000000e+00 0.000000e+00 0.000000e+00 0.000000e+00 0.000000e+00 5.080764e-06 0.000000e+00 0.000000e+00 0.000000e+00 0.000000e+00 0.000000e+00 0.000000e+00 0.000000e+00 0.000000e+00 0.000000e+00 0.000000e+00
SPEC p sel1 meanpt 0.5939 yield 0.10739 8.999027e-02 9.817120e-02 9.031750e-02 9.174332e-02 8.680879e-02 7.444649e-02 6.670607e-02 5.797555e-02 5.153988e-02 4.719107e-02 4.102154e-02 3.325727e-02 2.722615e-02 2.333081e-02 1.904183e-02 1.559655e-02 1.266805e-02 1.089233e-02 8.822142e-03 6.985258e-03 6.006002e-03 4.870509e-03 3.454172e-03 2.941655e-03 2.521063e-03 1.860761e-03 1.775108e-03 1.249452e-03 1.263021e-03 1.220207e-03 8.717388e-04 8.700358e-04 5.286141e-04 5.494657e-04 4.386877e-04 4.263303e-04 3.137892e-04 3.708690e-04 1.381197e-04 1.656898e-04 1.716986e-04 1.478482e-04 1.636187e-04 9.403372e-05 9.192060e-05 1.168705e-04 3.518681e-05 5.166905e-05 5.060371e-05 8.263569e-05 6.479947e-05 3.177061e-05 2.337409e-05 2.293720e-05 7.505443e-06 0.000000e+00 2.171929e-05 1.422771e-05 6.992251e-06 1.374947e-05 6.761102e-06 6.651165e-06 0.000000e+00 1.288336e-05 6.341809e-06 1.873496e-05 1.845323e-05 0.000000e+00 0.000000e+00 0.000000e+00 0.000000e+00 0.000000e+00 5.642023e-06 0.000000e+00 1.098112e-05 0.000000e+00 0.000000e+00 0.000000e+00 0.000000e+00 0.000000e+00 5.081325e-06 5.018977e-06 0.000000e+00 0.000000e+00 0.000000e+00 0.000000e+00 0.000000e+00 0.000000e+00 0.000000e+00 9.140708e-06 0.000000e+00 0.000000e+00 0.000000e+00 0.000000e+00 0.000000e+00 0.000000e+00 0.000000e+00 0.000000e+00 0.000000e+00 0.000000e+00
SPEC pbar sel0 meanpt 0.5759 yield 0.05695 7.457546e-02 7.700068e-02 7.621248e-02 6.729980e-02 6.901767e-02 6.076825e-02 5.456741e-02 4.680671e-02 4.130004e-02 3.293191e-02 3.009869e-02 2.546479e-02 2.164507e-02 1.808809e-02 1.329689e-02 1.147089e-02 8.846534e-03 7.691406e-03 6.317038e-03 4.967033e-03 3.992737e-03 2.812971e-03 2.667740e-03 2.225267e-03 1.856034e-03 1.390934e-03 1.407084e-03 9.921347e-04 1.100921e-03 8.015552e-04 5.665469e-04 4.763821e-04 4.617242e-04 2.850536e-04 2.899717e-04 2.433758e-04 1.868747e-04 2.425218e-04 1.063001e-04 1.496575e-04 1.235065e-04 1.205304e-04 6.419695e-05 1.358958e-04 5.109308e-05 4.997015e-05 6.845374e-05 9.573230e-06 5.625506e-05 0.000000e+00 1.800905e-05 1.765936e-05 1.732299e-05 8.499596e-06 3.337456e-05 1.638661e-05 8.048290e-06 0.000000e+00 7.773135e-06 1.528499e-05 1.503234e-05 0.000000e+00 0.000000e+00 7.161077e-06 0.000000e+00 6.942418e-06 0.000000e+00 0.000000e+00 0.000000e+00 0.000000e+00 0.000000e+00 6.359838e-06 6.272116e-06 0.000000e+00 0.000000e+00 0.000000e+00 0.000000e+00 5.867463e-06 5.792719e-06 0.000000e+00 0.000000e+00 0.000000e+00 0.000000e+00 0.000000e+00 0.000000e+00 0.000000e+00 0.000000e+00 0.000000e+00 0.000000e+00 0.000000e+00 0.000000e+00 0.000000e+00 0.000000e+00 0.000000e+00 0.000000e+00 0.000000e+00 0.000000e+00 0.000000e+00 0.000000e+00 0.000000e+00
SPEC pbar sel1 meanpt 0.5811 yield 0.09752 8.917217e-02 8.862678e-02 8.982665e-02 7.912131e-02 8.190023e-02 7.191784e-02 6.500695e-02 5.617574e-02 4.898935e-02 4.056021e-02 3.572341e-02 2.987819e-02 2.532817e-02 2.181582e-02 1.667218e-02 1.388120e-02 1.073438e-02 9.887242e-03 7.252287e-03 5.915444e-03 4.549397e-03 3.614831e-03 3.272373e-03 2.872030e-03 2.203843e-03 1.892843e-03 1.620751e-03 1.234577e-03 1.277374e-03 8.735573e-04 7.912706e-04 6.233092e-04 5.286141e-04 3.541001e-04 4.268313e-04 2.650161e-04 2.465487e-04 2.836057e-04 1.699934e-04 1.864010e-04 1.110991e-04 1.281351e-04 7.699702e-05 1.598573e-04 5.515236e-05 7.192029e-05 6.157692e-05 8.611509e-06 8.433952e-05 0.000000e+00 2.429980e-05 1.588531e-05 3.116546e-05 7.645732e-06 3.752722e-05 2.211063e-05 7.239764e-06 7.113855e-06 6.992251e-06 1.374947e-05 1.352220e-05 6.651165e-06 1.308949e-05 6.441680e-06 0.000000e+00 6.244987e-06 0.000000e+00 6.059951e-06 0.000000e+00 5.885563e-06 5.802080e-06 5.720932e-06 5.642023e-06 0.000000e+00 0.000000e+00 0.000000e+00 0.000000e+00 1.055604e-05 5.210786e-06 0.000000e+00 5.081325e-06 0.000000e+00 0.000000e+00 0.000000e+00 0.000000e+00 0.000000e+00 0.000000e+00 0.000000e+00 0.000000e+00 0.000000e+00 0.000000e+00 4.470455e-06 0.000000e+00 0.000000e+00 0.000000e+00 0.000000e+00 0.000000e+00 0.000000e+00 0.000000e+00 0.000000e+00
SPEC pinc sel0 meanpt 0.5674 yield 0.08743 1.118632e-01 1.327807e-01 1.213215e-01 1.153711e-01 1.094380e-01 9.152443e-02 8.443957e-02 6.942187e-02 6.178957e-02 5.581193e-02 4.599253e-02 3.839489e-02 3.037586e-02 2.691319e-02 2.170152e-02 1.672227e-02 1.383477e-02 1.104340e-02 9.266628e-03 7.695404e-03 6.144379e-03 4.970287e-03 3.637827e-03 3.096023e-03 2.449965e-03 2.015071e-03 2.144945e-03 1.289775e-03 1.276431e-03 1.217747e-03 7.305473e-04 1.010508e-03 5.456741e-04 5.565333e-04 4.481381e-04 4.098960e-04 3.363744e-04 3.516566e-04 1.299224e-04 1.611696e-04 1.796458e-04 2.081889e-04 1.390934e-04 6.272116e-05 1.328420e-04 1.199284e-04 6.845374e-05 5.743938e-05 3.750337e-05 6.430503e-05 7.203618e-05 1.765936e-05 3.464597e-05 8.499596e-06 8.343641e-06 8.193305e-06 2.414487e-05 7.908320e-06 1.554627e-05 7.642494e-06 7.516172e-06 0.000000e+00 0.000000e+00 7.161077e-06 7.050053e-06 2.082726e-05 6.838021e-06 0.000000e+00 0.000000e+00 6.542855e-06 0.000000e+00 0.000000e+00 6.272116e-06 0.000000e+00 0.000000e+00 0.000000e+00 0.000000e+00 0.000000e+00 0.000000e+00 0.000000e+00 5.648800e-06 0.000000e+00 0.000000e+00 0.000000e+00 0.000000e+00 0.000000e+00 0.000000e+00 0.000000e+00 0.000000e+00 5.080764e-06 0.000000e+00 0.000000e+00 0.000000e+00 0.000000e+00 0.000000e+00 0.000000e+00 0.000000e+00 0.000000e+00 0.000000e+00 0.000000e+00
SPEC pinc sel1 meanpt 0.5720 yield 0.15116 1.341673e-01 1.527108e-01 1.430027e-01 1.354529e-01 1.305313e-01 1.118557e-01 1.008772e-01 8.639066e-02 7.512022e-02 6.678225e-02 5.644844e-02 4.584880e-02 3.763229e-02 3.169354e-02 2.569941e-02 2.008287e-02 1.683289e-02 1.381409e-02 1.129853e-02 9.376608e-03 7.881631e-03 6.278391e-03 4.472244e-03 3.759748e-03 3.172199e-03 2.470321e-03 2.438844e-03 1.710559e-03 1.521367e-03 1.539125e-03 1.032675e-03 1.155719e-03 7.048189e-04 7.204105e-04 5.216827e-04 5.530772e-04 4.146500e-04 4.145006e-04 1.912426e-04 2.174678e-04 2.120983e-04 2.267006e-04 2.021172e-04 1.034371e-04 1.286888e-04 1.258605e-04 6.157692e-05 5.166905e-05 5.903766e-05 9.089926e-05 8.099934e-05 3.971327e-05 3.895682e-05 2.293720e-05 7.505443e-06 7.370210e-06 2.171929e-05 1.422771e-05 1.398450e-05 1.374947e-05 6.761102e-06 6.651165e-06 0.000000e+00 1.288336e-05 6.341809e-06 1.873496e-05 1.845323e-05 0.000000e+00 0.000000e+00 5.885563e-06 0.000000e+00 0.000000e+00 5.642023e-06 0.000000e+00 1.098112e-05 0.000000e+00 0.000000e+00 0.000000e+00 0.000000e+00 0.000000e+00 5.081325e-06 5.018977e-06 0.000000e+00 0.000000e+00 0.000000e+00 0.000000e+00 0.000000e+00 0.000000e+00 0.000000e+00 9.140708e-06 0.000000e+00 0.000000e+00 0.000000e+00 0.000000e+00 0.000000e+00 0.000000e+00 0.000000e+00 0.000000e+00 0.000000e+00 0.000000e+00
SPEC pbarinc sel0 meanpt 0.5553 yield 0.08116 1.091348e-01 1.218672e-01 1.175018e-01 1.058868e-01 1.016571e-01 9.044961e-02 8.094166e-02 7.039196e-02 5.986366e-02 4.824908e-02 4.270116e-02 3.629919e-02 2.990294e-02 2.425218e-02 1.903587e-02 1.519673e-02 1.179538e-02 1.057568e-02 8.135952e-03 6.109684e-03 5.412377e-03 3.701278e-03 3.617617e-03 2.825121e-03 2.449965e-03 1.694086e-03 1.818914e-03 1.355917e-03 1.404074e-03 9.865294e-04 6.858199e-04 6.207404e-04 6.016407e-04 3.393496e-04 3.822355e-04 2.689943e-04 3.239161e-04 2.789001e-04 1.653558e-04 1.726817e-04 1.459622e-04 1.643597e-04 7.489644e-05 1.672564e-04 6.131170e-05 7.995225e-05 7.823284e-05 9.573230e-06 5.625506e-05 9.186433e-06 1.800905e-05 2.648903e-05 1.732299e-05 8.499596e-06 3.337456e-05 1.638661e-05 8.048290e-06 0.000000e+00 7.773135e-06 1.528499e-05 1.503234e-05 0.000000e+00 0.000000e+00 7.161077e-06 0.000000e+00 6.942418e-06 0.000000e+00 0.000000e+00 0.000000e+00 0.000000e+00 6.450048e-06 6.359838e-06 6.272116e-06 0.000000e+00 0.000000e+00 0.000000e+00 0.000000e+00 5.867463e-06 5.792719e-06 0.000000e+00 0.000000e+00 0.000000e+00 0.000000e+00 0.000000e+00 0.000000e+00 0.000000e+00 0.000000e+00 0.000000e+00 0.000000e+00 0.000000e+00 0.000000e+00 0.000000e+00 0.000000e+00 0.000000e+00 0.000000e+00 0.000000e+00 0.000000e+00 0.000000e+00 0.000000e+00 0.000000e+00
SPEC pbarinc sel1 meanpt 0.5604 yield 0.13925 1.358035e-01 1.418028e-01 1.394031e-01 1.250514e-01 1.201688e-01 1.075421e-01 9.729018e-02 8.399091e-02 7.074101e-02 5.898883e-02 5.044909e-02 4.254085e-02 3.602883e-02 2.945136e-02 2.364008e-02 1.860503e-02 1.432903e-02 1.346348e-02 9.529682e-03 7.509677e-03 6.065863e-03 4.718306e-03 4.308625e-03 3.603092e-03 2.971849e-03 2.309911e-03 2.099258e-03 1.621312e-03 1.636187e-03 1.123145e-03 9.790297e-04 8.180933e-04 7.174049e-04 4.151518e-04 5.691084e-04 2.995835e-04 3.810298e-04 3.599611e-04 2.656147e-04 2.174678e-04 1.716986e-04 1.675613e-04 9.624627e-05 1.974708e-04 7.353648e-05 9.889040e-05 7.037362e-05 8.611509e-06 8.433952e-05 2.479071e-05 2.429980e-05 2.382796e-05 3.116546e-05 7.645732e-06 3.752722e-05 2.211063e-05 7.239764e-06 7.113855e-06 6.992251e-06 1.374947e-05 1.352220e-05 6.651165e-06 1.308949e-05 6.441680e-06 0.000000e+00 6.244987e-06 0.000000e+00 6.059951e-06 0.000000e+00 5.885563e-06 1.160416e-05 5.720932e-06 5.642023e-06 0.000000e+00 0.000000e+00 0.000000e+00 0.000000e+00 1.055604e-05 5.210786e-06 0.000000e+00 5.081325e-06 0.000000e+00 0.000000e+00 0.000000e+00 0.000000e+00 0.000000e+00 0.000000e+00 0.000000e+00 0.000000e+00 0.000000e+00 0.000000e+00 4.470455e-06 0.000000e+00 0.000000e+00 0.000000e+00 0.000000e+00 0.000000e+00 0.000000e+00 0.000000e+00 0.000000e+00
SPEC chpm sel0eta05 meanpt 0.4605 yield 2.49880 3.745234e+00 3.665444e+00 3.943732e+00 3.621184e+00 3.106563e+00 2.504173e+00 2.033168e+00 1.623083e+00 1.287769e+00 1.036853e+00 8.146308e-01 6.367582e-01 5.073605e-01 3.935961e-01 3.083654e-01 2.415459e-01 1.880922e-01 1.484052e-01 1.154863e-01 9.157531e-02 7.299389e-02 5.668877e-02 4.558198e-02 3.747930e-02 2.942742e-02 2.426645e-02 2.001148e-02 1.717716e-02 1.339135e-02 1.125414e-02 9.298823e-03 7.649542e-03 6.464139e-03 5.406517e-03 4.244132e-03 3.658322e-03 3.270307e-03 2.809615e-03 2.182696e-03 1.925976e-03 1.674074e-03 1.511013e-03 1.220812e-03 1.192747e-03 8.655168e-04 8.045195e-04 6.503105e-04 4.623870e-04 5.381734e-04 4.308437e-04 4.412216e-04 3.214003e-04 2.789001e-04 1.903910e-04 2.745058e-04 1.835300e-04 2.366197e-04 1.162523e-04 1.197063e-04 1.390934e-04 1.104877e-04 9.833964e-05 7.130141e-05 9.524233e-05 9.870074e-05 7.775509e-05 6.701261e-05 5.658842e-05 3.717488e-05 3.663999e-05 8.127061e-05 2.225943e-05 2.195241e-05 1.732299e-05 1.709046e-05 1.264807e-05 2.912639e-05 2.464335e-05 8.109806e-06 1.201169e-05 2.372496e-05 1.171693e-05 1.543321e-05 3.812094e-06 0.000000e+00 3.722923e-06 7.359766e-06 0.000000e+00 3.596722e-06 1.066961e-05 3.517236e-06 6.957593e-06 0.000000e+00 0.000000e+00 3.368359e-06 6.666176e-06 0.000000e+00 0.000000e+00 6.463145e-06 3.199094e-06
