# gen_world hyb_H1_det_pdf13_p1.40 mode cfgset ../../island_post/official_pp_mb_mdc2.cfg|PDF:pSet=13;MultipartonInteractions:pT0Ref=1.40;StringFlav:probStoUD=0.27;StringFlav:probQQtoQ=0.11 nev 200000 seed 20260971
SUMMARY nev 200000 nnsd 156148 dnde 1.3727 eps 0.4602 classN 5.5306 11.9791 6.3124 0.9416 meanpt_ch05 0.4685
SPEC pip sel0 meanpt 0.4085 yield 0.47762 1.480596e+00 1.419359e+00 1.290337e+00 1.131364e+00 9.300712e-01 7.545184e-01 5.825421e-01 4.630954e-01 3.578980e-01 2.658965e-01 2.078325e-01 1.590363e-01 1.234315e-01 9.104673e-02 6.664123e-02 4.993211e-02 4.084288e-02 3.040184e-02 2.204818e-02 1.690657e-02 1.395240e-02 1.059623e-02 8.609525e-03 6.714500e-03 5.530982e-03 4.065807e-03 3.002923e-03 2.298445e-03 2.393307e-03 2.019302e-03 1.565458e-03 1.198173e-03 1.007398e-03 8.687349e-04 8.171931e-04 7.685551e-04 5.232491e-04 3.152784e-04 3.779561e-04 2.532665e-04 3.480637e-04 2.629755e-04 2.781868e-04 1.672564e-04 2.145909e-04 2.098747e-04 9.779106e-05 1.148788e-04 7.500675e-05 7.349146e-05 4.502261e-05 7.946710e-05 6.929195e-05 5.949717e-05 3.337456e-05 2.457991e-05 3.219316e-05 2.372496e-05 3.109254e-05 4.585497e-05 7.516172e-06 2.218187e-05 2.182696e-05 3.580539e-05 2.115016e-05 6.942418e-06 6.838021e-06 0.000000e+00 0.000000e+00 6.542855e-06 6.450048e-06 0.000000e+00 0.000000e+00 0.000000e+00 0.000000e+00 0.000000e+00 0.000000e+00 5.867463e-06 0.000000e+00 0.000000e+00 5.648800e-06 5.579490e-06 0.000000e+00 5.445849e-06 5.381401e-06 0.000000e+00 1.051395e-05 0.000000e+00 0.000000e+00 0.000000e+00 1.507387e-05 0.000000e+00 0.000000e+00 0.000000e+00 9.623882e-06 0.000000e+00 4.712211e-06 0.000000e+00 0.000000e+00 0.000000e+00
SPEC pip sel1 meanpt 0.4104 yield 0.79680 1.740891e+00 1.639237e+00 1.499531e+00 1.313269e+00 1.094093e+00 8.710756e-01 6.711415e-01 5.402878e-01 4.214208e-01 3.158624e-01 2.423696e-01 1.871888e-01 1.426634e-01 1.059121e-01 7.827894e-02 6.023480e-02 4.687347e-02 3.569147e-02 2.571833e-02 2.025969e-02 1.626834e-02 1.230694e-02 9.821108e-03 8.015264e-03 6.539886e-03 4.748539e-03 3.938563e-03 2.831681e-03 2.832462e-03 2.487678e-03 1.991728e-03 1.553154e-03 1.191747e-03 9.614484e-04 1.004485e-03 8.613439e-04 7.372160e-04 4.783713e-04 4.553564e-04 2.890045e-04 4.630698e-04 3.143732e-04 2.781972e-04 1.874496e-04 2.656940e-04 2.777755e-04 1.578204e-04 1.201650e-04 1.176874e-04 1.070735e-04 8.073323e-05 9.499871e-05 6.989191e-05 6.096491e-05 2.992314e-05 3.672998e-05 4.329587e-05 2.127145e-05 2.787711e-05 4.111289e-05 3.369445e-05 3.314657e-05 2.609298e-05 2.568207e-05 2.528389e-05 6.224470e-06 6.130869e-06 6.040042e-06 5.951866e-06 1.173245e-05 5.783018e-06 0.000000e+00 0.000000e+00 0.000000e+00 0.000000e+00 0.000000e+00 5.329448e-06 5.260681e-06 0.000000e+00 0.000000e+00 5.064631e-06 5.002488e-06 0.000000e+00 4.882668e-06 9.649770e-06 0.000000e+00 9.426654e-06 0.000000e+00 0.000000e+00 0.000000e+00 1.351501e-05 0.000000e+00 0.000000e+00 0.000000e+00 1.725726e-05 0.000000e+00 4.224900e-06 0.000000e+00 0.000000e+00 0.000000e+00
SPEC pim sel0 meanpt 0.4120 yield 0.46311 1.375099e+00 1.351150e+00 1.267601e+00 1.094336e+00 8.800510e-01 7.116086e-01 5.689702e-01 4.433905e-01 3.393344e-01 2.689599e-01 1.997340e-01 1.587595e-01 1.195390e-01 9.108042e-02 6.626491e-02 5.204440e-02 3.830742e-02 2.962231e-02 2.224482e-02 1.884208e-02 1.308731e-02 1.013093e-02 7.700068e-03 6.772551e-03 5.215456e-03 4.832604e-03 3.208838e-03 2.844120e-03 2.169932e-03 1.865157e-03 1.520731e-03 1.198173e-03 1.077357e-03 1.018049e-03 5.799435e-04 5.379885e-04 5.107908e-04 5.456741e-04 4.606340e-04 3.453633e-04 4.042030e-04 3.615913e-04 1.818914e-04 1.149888e-04 1.430606e-04 1.698985e-04 6.845374e-05 5.743938e-05 1.031343e-04 2.755930e-05 8.104071e-05 5.297807e-05 4.330747e-05 1.104948e-04 4.171820e-05 7.373974e-05 2.414487e-05 3.163328e-05 2.331941e-05 3.056998e-05 3.006469e-05 1.478792e-05 1.455131e-05 2.148323e-05 2.115016e-05 6.942418e-06 1.367604e-05 0.000000e+00 6.638371e-06 1.962856e-05 0.000000e+00 6.359838e-06 0.000000e+00 6.186781e-06 0.000000e+00 0.000000e+00 5.944162e-06 5.867463e-06 0.000000e+00 0.000000e+00 0.000000e+00 0.000000e+00 0.000000e+00 0.000000e+00 0.000000e+00 5.318461e-06 5.256976e-06 0.000000e+00 0.000000e+00 0.000000e+00 0.000000e+00 0.000000e+00 4.915983e-06 0.000000e+00 4.811941e-06 0.000000e+00 0.000000e+00 0.000000e+00 0.000000e+00 0.000000e+00
SPEC pim sel1 meanpt 0.4130 yield 0.76908 1.617765e+00 1.577266e+00 1.473927e+00 1.262248e+00 1.022700e+00 8.236338e-01 6.625484e-01 5.126183e-01 3.971505e-01 3.108841e-01 2.335166e-01 1.836790e-01 1.391408e-01 1.060027e-01 7.709801e-02 6.041893e-02 4.561330e-02 3.473628e-02 2.578445e-02 2.159779e-02 1.549271e-02 1.183286e-02 9.023822e-03 7.772377e-03 5.990735e-03 5.308131e-03 3.615478e-03 3.246797e-03 2.574965e-03 2.280372e-03 1.951627e-03 1.307238e-03 1.229381e-03 1.083151e-03 7.917707e-04 7.350135e-04 6.031767e-04 5.653479e-04 5.506635e-04 5.264011e-04 4.630698e-04 3.733182e-04 2.590112e-04 1.780771e-04 1.557516e-04 2.329730e-04 1.227492e-04 1.115818e-04 1.513124e-04 8.236420e-05 9.687987e-05 7.124903e-05 6.212614e-05 1.143092e-04 6.732707e-05 8.080596e-05 3.607989e-05 2.836193e-05 2.787711e-05 4.796504e-05 3.369445e-05 1.988794e-05 1.304649e-05 2.568207e-05 2.528389e-05 6.224470e-06 1.226174e-05 1.208008e-05 5.951866e-06 1.759868e-05 5.783018e-06 5.702137e-06 0.000000e+00 5.546977e-06 0.000000e+00 0.000000e+00 5.329448e-06 1.052136e-05 0.000000e+00 0.000000e+00 0.000000e+00 0.000000e+00 4.941852e-06 0.000000e+00 0.000000e+00 4.768454e-06 4.713327e-06 0.000000e+00 0.000000e+00 0.000000e+00 0.000000e+00 0.000000e+00 4.407598e-06 0.000000e+00 4.314315e-06 0.000000e+00 0.000000e+00 0.000000e+00 0.000000e+00 0.000000e+00
SPEC kp sel0 meanpt 0.4937 yield 0.07412 1.555171e-01 1.470289e-01 1.260507e-01 1.255050e-01 1.072149e-01 9.532761e-02 8.471940e-02 7.014944e-02 5.788425e-02 4.681309e-02 3.876018e-02 3.084245e-02 2.368226e-02 1.903123e-02 1.495900e-02 1.155890e-02 9.783551e-03 6.314229e-03 5.800860e-03 4.523965e-03 3.438190e-03 3.045623e-03 2.546479e-03 1.548012e-03 1.726112e-03 1.123447e-03 8.236590e-04 8.433145e-04 6.541707e-04 5.549228e-04 3.876373e-04 2.887165e-04 3.497911e-04 2.443317e-04 2.504301e-04 2.305665e-04 2.117913e-04 1.697653e-04 1.299224e-04 1.611696e-04 6.736717e-05 5.478656e-05 3.209848e-05 9.408174e-05 3.065585e-05 1.998806e-05 1.955821e-05 3.829292e-05 2.812753e-05 2.755930e-05 9.004523e-06 4.414839e-05 2.598448e-05 0.000000e+00 8.343641e-06 0.000000e+00 0.000000e+00 0.000000e+00 7.773135e-06 0.000000e+00 2.254852e-05 7.393958e-06 7.275655e-06 0.000000e+00 0.000000e+00 0.000000e+00 0.000000e+00 0.000000e+00 0.000000e+00 0.000000e+00 0.000000e+00 6.359838e-06 0.000000e+00 0.000000e+00 0.000000e+00 0.000000e+00 0.000000e+00 0.000000e+00 0.000000e+00 0.000000e+00 0.000000e+00 0.000000e+00 0.000000e+00 5.445849e-06 0.000000e+00 0.000000e+00 0.000000e+00 0.000000e+00 0.000000e+00 0.000000e+00 0.000000e+00 0.000000e+00 0.000000e+00 0.000000e+00 0.000000e+00 0.000000e+00 0.000000e+00 0.000000e+00 0.000000e+00 0.000000e+00
SPEC kp sel1 meanpt 0.4939 yield 0.12361 1.720506e-01 1.736814e-01 1.484038e-01 1.461906e-01 1.290153e-01 1.123777e-01 9.816229e-02 8.148620e-02 6.719901e-02 5.626299e-02 4.601217e-02 3.506244e-02 2.690838e-02 2.165355e-02 1.757340e-02 1.296758e-02 1.094620e-02 7.175569e-03 6.501207e-03 5.686931e-03 4.077028e-03 3.470215e-03 2.917340e-03 1.821651e-03 2.030194e-03 1.343021e-03 1.015411e-03 9.933123e-04 7.438788e-04 6.357400e-04 4.812230e-04 4.012313e-04 4.139752e-04 2.555749e-04 3.308892e-04 2.985992e-04 2.345687e-04 1.956973e-04 1.058968e-04 1.548238e-04 7.046715e-05 8.841748e-05 5.755804e-05 9.372478e-05 2.748558e-05 2.688150e-05 3.507121e-05 3.433287e-05 2.521873e-05 3.294568e-05 1.614665e-05 6.333247e-05 3.106307e-05 7.620613e-06 7.480785e-06 0.000000e+00 7.215979e-06 7.090484e-06 2.090784e-05 6.852148e-06 2.695556e-05 1.325863e-05 6.523245e-06 0.000000e+00 6.320974e-06 0.000000e+00 0.000000e+00 0.000000e+00 0.000000e+00 0.000000e+00 0.000000e+00 1.710641e-05 0.000000e+00 0.000000e+00 0.000000e+00 0.000000e+00 0.000000e+00 0.000000e+00 0.000000e+00 5.128337e-06 0.000000e+00 0.000000e+00 0.000000e+00 4.882668e-06 0.000000e+00 0.000000e+00 0.000000e+00 0.000000e+00 0.000000e+00 0.000000e+00 0.000000e+00 0.000000e+00 0.000000e+00 0.000000e+00 0.000000e+00 0.000000e+00 0.000000e+00 0.000000e+00 0.000000e+00 0.000000e+00
SPEC km sel0 meanpt 0.4872 yield 0.06897 1.482415e-01 1.443005e-01 1.304161e-01 1.161506e-01 9.892869e-02 9.532761e-02 7.674416e-02 6.578404e-02 5.488839e-02 4.480271e-02 3.598851e-02 2.843041e-02 2.095389e-02 1.687548e-02 1.408090e-02 1.003336e-02 7.937078e-03 6.028399e-03 4.694764e-03 3.707785e-03 2.817098e-03 2.961022e-03 1.738073e-03 1.915664e-03 1.039379e-03 1.355269e-03 9.437759e-04 7.110299e-04 4.786615e-04 4.624357e-04 4.323647e-04 2.887165e-04 3.497911e-04 2.307577e-04 2.372496e-04 2.305665e-04 1.121248e-04 1.455131e-04 1.299224e-04 1.036090e-04 1.122786e-04 9.861580e-05 3.209848e-05 3.136058e-05 6.131170e-05 4.997015e-05 9.779106e-06 2.871969e-05 1.875169e-05 3.674573e-05 9.004523e-06 3.531871e-05 8.661494e-06 0.000000e+00 2.503092e-05 0.000000e+00 8.048290e-06 1.581664e-05 7.773135e-06 7.642494e-06 7.516172e-06 7.393958e-06 0.000000e+00 0.000000e+00 0.000000e+00 0.000000e+00 6.838021e-06 0.000000e+00 1.991511e-05 0.000000e+00 0.000000e+00 6.359838e-06 0.000000e+00 0.000000e+00 0.000000e+00 0.000000e+00 0.000000e+00 5.867463e-06 0.000000e+00 0.000000e+00 5.648800e-06 0.000000e+00 0.000000e+00 5.445849e-06 0.000000e+00 0.000000e+00 0.000000e+00 0.000000e+00 5.138174e-06 0.000000e+00 0.000000e+00 0.000000e+00 0.000000e+00 0.000000e+00 0.000000e+00 0.000000e+00 0.000000e+00 0.000000e+00 0.000000e+00 0.000000e+00
SPEC km sel1 meanpt 0.4904 yield 0.11539 1.679736e-01 1.641683e-01 1.555794e-01 1.331441e-01 1.178714e-01 1.084489e-01 9.088636e-02 7.740917e-02 6.360164e-02 5.257220e-02 4.108091e-02 3.282894e-02 2.364676e-02 2.053614e-02 1.591447e-02 1.178393e-02 9.636612e-03 7.478434e-03 6.104523e-03 4.704263e-03 3.758821e-03 3.470215e-03 1.956973e-03 2.133934e-03 1.364556e-03 1.486916e-03 1.030796e-03 8.895334e-04 6.151305e-04 5.942787e-04 5.213249e-04 3.235737e-04 4.641540e-04 2.068940e-04 2.836193e-04 2.641455e-04 1.340393e-04 1.848253e-04 1.376659e-04 1.135375e-04 1.208008e-04 1.277141e-04 5.755804e-05 5.623487e-05 9.161861e-05 6.272351e-05 8.767802e-06 2.574965e-05 8.406243e-06 5.765494e-05 8.073323e-06 3.958280e-05 1.553154e-05 7.620613e-06 2.244236e-05 0.000000e+00 7.215979e-06 1.418097e-05 6.969279e-06 0.000000e+00 1.347778e-05 1.325863e-05 6.523245e-06 0.000000e+00 0.000000e+00 1.244894e-05 6.130869e-06 0.000000e+00 1.785560e-05 0.000000e+00 0.000000e+00 5.702137e-06 0.000000e+00 0.000000e+00 0.000000e+00 0.000000e+00 0.000000e+00 5.260681e-06 0.000000e+00 0.000000e+00 5.064631e-06 0.000000e+00 0.000000e+00 4.882668e-06 0.000000e+00 0.000000e+00 0.000000e+00 0.000000e+00 4.606811e-06 0.000000e+00 0.000000e+00 0.000000e+00 0.000000e+00 0.000000e+00 0.000000e+00 0.000000e+00 0.000000e+00 0.000000e+00 0.000000e+00 0.000000e+00
SPEC p sel0 meanpt 0.5457 yield 0.03943 6.184306e-02 6.002415e-02 5.438552e-02 5.404772e-02 4.698860e-02 4.324054e-02 4.302430e-02 3.649953e-02 2.830016e-02 2.551266e-02 2.161043e-02 1.644931e-02 1.393288e-02 1.151979e-02 9.125929e-03 8.009087e-03 6.476435e-03 4.391377e-03 3.686987e-03 2.635093e-03 2.550915e-03 1.988115e-03 1.374290e-03 1.431911e-03 1.150741e-03 9.094568e-04 7.378612e-04 5.952808e-04 7.339476e-04 2.466324e-04 1.938187e-04 1.732299e-04 2.658412e-04 1.628878e-04 1.318053e-04 1.537110e-04 1.245831e-04 7.275655e-05 5.905564e-05 8.058478e-05 6.736717e-05 3.287193e-05 4.279797e-05 2.090705e-05 3.065585e-05 2.998209e-05 9.779106e-06 2.871969e-05 7.500675e-05 9.186433e-06 9.004523e-06 1.765936e-05 1.732299e-05 8.499596e-06 8.343641e-06 1.638661e-05 0.000000e+00 7.908320e-06 7.773135e-06 7.642494e-06 0.000000e+00 7.393958e-06 0.000000e+00 2.148323e-05 0.000000e+00 6.942418e-06 0.000000e+00 0.000000e+00 1.327674e-05 6.542855e-06 0.000000e+00 0.000000e+00 6.272116e-06 0.000000e+00 0.000000e+00 0.000000e+00 0.000000e+00 0.000000e+00 0.000000e+00 0.000000e+00 0.000000e+00 0.000000e+00 0.000000e+00 0.000000e+00 0.000000e+00 0.000000e+00 0.000000e+00 0.000000e+00 0.000000e+00 0.000000e+00 0.000000e+00 0.000000e+00 0.000000e+00 0.000000e+00 0.000000e+00 0.000000e+00 0.000000e+00 0.000000e+00 0.000000e+00 0.000000e+00
SPEC p sel1 meanpt 0.5481 yield 0.06706 7.827894e-02 7.393011e-02 6.718942e-02 6.243677e-02 5.508518e-02 5.099991e-02 5.093149e-02 4.294470e-02 3.376739e-02 3.098541e-02 2.531640e-02 1.971154e-02 1.588410e-02 1.380149e-02 1.065651e-02 9.337709e-03 7.709289e-03 5.544758e-03 4.561864e-03 3.303438e-03 3.122407e-03 2.389328e-03 1.775772e-03 1.596113e-03 1.347915e-03 8.793590e-04 8.923307e-04 6.968012e-04 8.726271e-04 3.869722e-04 2.272442e-04 2.200301e-04 3.387069e-04 2.068940e-04 1.772621e-04 1.607842e-04 1.563792e-04 1.304649e-04 6.353810e-05 1.135375e-04 8.053389e-05 3.929666e-05 5.755804e-05 3.748991e-05 3.664744e-05 5.376301e-05 8.767802e-06 2.574965e-05 8.406243e-05 1.647284e-05 2.421997e-05 1.583312e-05 1.553154e-05 7.620613e-06 7.480785e-06 2.203799e-05 7.215979e-06 7.090484e-06 6.969279e-06 6.852148e-06 0.000000e+00 6.629314e-06 0.000000e+00 3.210258e-05 0.000000e+00 6.224470e-06 0.000000e+00 0.000000e+00 1.785560e-05 5.866227e-06 0.000000e+00 0.000000e+00 5.623487e-06 0.000000e+00 0.000000e+00 0.000000e+00 0.000000e+00 0.000000e+00 0.000000e+00 0.000000e+00 0.000000e+00 0.000000e+00 0.000000e+00 0.000000e+00 0.000000e+00 0.000000e+00 0.000000e+00 0.000000e+00 0.000000e+00 0.000000e+00 0.000000e+00 0.000000e+00 0.000000e+00 4.360458e-06 0.000000e+00 0.000000e+00 0.000000e+00 0.000000e+00 0.000000e+00 0.000000e+00
SPEC pbar sel0 meanpt 0.5277 yield 0.03640 6.366198e-02 5.456741e-02 5.347606e-02 5.040989e-02 4.900962e-02 4.381928e-02 3.609844e-02 3.437747e-02 2.888863e-02 2.254496e-02 1.983482e-02 1.561893e-02 1.356910e-02 1.020613e-02 8.655520e-03 6.688908e-03 5.401622e-03 4.105548e-03 2.802110e-03 2.775009e-03 2.129460e-03 1.607412e-03 1.131768e-03 1.180359e-03 9.465775e-04 6.063045e-04 5.662656e-04 6.283520e-04 3.988846e-04 2.928759e-04 2.087278e-04 1.587940e-04 2.518496e-04 1.357398e-04 1.449859e-04 1.409018e-04 7.474988e-05 6.063045e-05 1.181113e-05 2.302422e-05 7.859503e-05 2.191462e-05 4.279797e-05 5.226763e-05 6.131170e-05 2.998209e-05 2.933732e-05 1.914646e-05 1.875169e-05 9.186433e-06 0.000000e+00 8.829678e-06 8.661494e-06 0.000000e+00 0.000000e+00 0.000000e+00 8.048290e-06 0.000000e+00 0.000000e+00 0.000000e+00 0.000000e+00 0.000000e+00 0.000000e+00 7.161077e-06 0.000000e+00 0.000000e+00 0.000000e+00 0.000000e+00 0.000000e+00 0.000000e+00 0.000000e+00 0.000000e+00 0.000000e+00 6.186781e-06 0.000000e+00 6.022893e-06 0.000000e+00 0.000000e+00 0.000000e+00 0.000000e+00 0.000000e+00 0.000000e+00 0.000000e+00 0.000000e+00 5.381401e-06 0.000000e+00 0.000000e+00 0.000000e+00 0.000000e+00 0.000000e+00 0.000000e+00 0.000000e+00 0.000000e+00 0.000000e+00 0.000000e+00 0.000000e+00 0.000000e+00 0.000000e+00 0.000000e+00 0.000000e+00
SPEC pbar sel1 meanpt 0.5287 yield 0.06052 7.338650e-02 6.767867e-02 5.985077e-02 5.824326e-02 5.653479e-02 4.936910e-02 4.415735e-02 3.837842e-02 3.285605e-02 2.643631e-02 2.399622e-02 1.857707e-02 1.585148e-02 1.220088e-02 9.700515e-03 7.549078e-03 6.103187e-03 4.752650e-03 3.614230e-03 3.261622e-03 2.426329e-03 1.896292e-03 1.304649e-03 1.301179e-03 1.114942e-03 7.834289e-04 6.307855e-04 7.264523e-04 4.720769e-04 4.146130e-04 3.208153e-04 1.553154e-04 2.885281e-04 1.825535e-04 1.654446e-04 1.378150e-04 8.935952e-05 6.523245e-05 2.117937e-05 4.128636e-05 8.053389e-05 1.964833e-05 2.877902e-05 4.686239e-05 6.413303e-05 4.480251e-05 3.507121e-05 1.716643e-05 1.681249e-05 1.647284e-05 0.000000e+00 7.916559e-06 1.553154e-05 7.620613e-06 0.000000e+00 0.000000e+00 7.215979e-06 7.090484e-06 0.000000e+00 0.000000e+00 0.000000e+00 0.000000e+00 0.000000e+00 6.420517e-06 0.000000e+00 0.000000e+00 0.000000e+00 0.000000e+00 0.000000e+00 0.000000e+00 0.000000e+00 0.000000e+00 0.000000e+00 5.546977e-06 0.000000e+00 5.400037e-06 0.000000e+00 0.000000e+00 0.000000e+00 0.000000e+00 0.000000e+00 0.000000e+00 0.000000e+00 0.000000e+00 4.824885e-06 0.000000e+00 0.000000e+00 0.000000e+00 0.000000e+00 0.000000e+00 0.000000e+00 0.000000e+00 0.000000e+00 0.000000e+00 0.000000e+00 0.000000e+00 0.000000e+00 0.000000e+00 0.000000e+00 0.000000e+00
SPEC pinc sel0 meanpt 0.5457 yield 0.03943 6.184306e-02 6.002415e-02 5.438552e-02 5.404772e-02 4.698860e-02 4.324054e-02 4.302430e-02 3.649953e-02 2.830016e-02 2.551266e-02 2.161043e-02 1.644931e-02 1.393288e-02 1.151979e-02 9.125929e-03 8.009087e-03 6.476435e-03 4.391377e-03 3.686987e-03 2.635093e-03 2.550915e-03 1.988115e-03 1.374290e-03 1.431911e-03 1.150741e-03 9.094568e-04 7.378612e-04 5.952808e-04 7.339476e-04 2.466324e-04 1.938187e-04 1.732299e-04 2.658412e-04 1.628878e-04 1.318053e-04 1.537110e-04 1.245831e-04 7.275655e-05 5.905564e-05 8.058478e-05 6.736717e-05 3.287193e-05 4.279797e-05 2.090705e-05 3.065585e-05 2.998209e-05 9.779106e-06 2.871969e-05 7.500675e-05 9.186433e-06 9.004523e-06 1.765936e-05 1.732299e-05 8.499596e-06 8.343641e-06 1.638661e-05 0.000000e+00 7.908320e-06 7.773135e-06 7.642494e-06 0.000000e+00 7.393958e-06 0.000000e+00 2.148323e-05 0.000000e+00 6.942418e-06 0.000000e+00 0.000000e+00 1.327674e-05 6.542855e-06 0.000000e+00 0.000000e+00 6.272116e-06 0.000000e+00 0.000000e+00 0.000000e+00 0.000000e+00 0.000000e+00 0.000000e+00 0.000000e+00 0.000000e+00 0.000000e+00 0.000000e+00 0.000000e+00 0.000000e+00 0.000000e+00 0.000000e+00 0.000000e+00 0.000000e+00 0.000000e+00 0.000000e+00 0.000000e+00 0.000000e+00 0.000000e+00 0.000000e+00 0.000000e+00 0.000000e+00 0.000000e+00 0.000000e+00 0.000000e+00
SPEC pinc sel1 meanpt 0.5481 yield 0.06706 7.827894e-02 7.393011e-02 6.718942e-02 6.243677e-02 5.508518e-02 5.099991e-02 5.093149e-02 4.294470e-02 3.376739e-02 3.098541e-02 2.531640e-02 1.971154e-02 1.588410e-02 1.380149e-02 1.065651e-02 9.337709e-03 7.709289e-03 5.544758e-03 4.561864e-03 3.303438e-03 3.122407e-03 2.389328e-03 1.775772e-03 1.596113e-03 1.347915e-03 8.793590e-04 8.923307e-04 6.968012e-04 8.726271e-04 3.869722e-04 2.272442e-04 2.200301e-04 3.387069e-04 2.068940e-04 1.772621e-04 1.607842e-04 1.563792e-04 1.304649e-04 6.353810e-05 1.135375e-04 8.053389e-05 3.929666e-05 5.755804e-05 3.748991e-05 3.664744e-05 5.376301e-05 8.767802e-06 2.574965e-05 8.406243e-05 1.647284e-05 2.421997e-05 1.583312e-05 1.553154e-05 7.620613e-06 7.480785e-06 2.203799e-05 7.215979e-06 7.090484e-06 6.969279e-06 6.852148e-06 0.000000e+00 6.629314e-06 0.000000e+00 3.210258e-05 0.000000e+00 6.224470e-06 0.000000e+00 0.000000e+00 1.785560e-05 5.866227e-06 0.000000e+00 0.000000e+00 5.623487e-06 0.000000e+00 0.000000e+00 0.000000e+00 0.000000e+00 0.000000e+00 0.000000e+00 0.000000e+00 0.000000e+00 0.000000e+00 0.000000e+00 0.000000e+00 0.000000e+00 0.000000e+00 0.000000e+00 0.000000e+00 0.000000e+00 0.000000e+00 0.000000e+00 0.000000e+00 0.000000e+00 4.360458e-06 0.000000e+00 0.000000e+00 0.000000e+00 0.000000e+00 0.000000e+00 0.000000e+00
SPEC pbarinc sel0 meanpt 0.5277 yield 0.03640 6.366198e-02 5.456741e-02 5.347606e-02 5.040989e-02 4.900962e-02 4.381928e-02 3.609844e-02 3.437747e-02 2.888863e-02 2.254496e-02 1.983482e-02 1.561893e-02 1.356910e-02 1.020613e-02 8.655520e-03 6.688908e-03 5.401622e-03 4.105548e-03 2.802110e-03 2.775009e-03 2.129460e-03 1.607412e-03 1.131768e-03 1.180359e-03 9.465775e-04 6.063045e-04 5.662656e-04 6.283520e-04 3.988846e-04 2.928759e-04 2.087278e-04 1.587940e-04 2.518496e-04 1.357398e-04 1.449859e-04 1.409018e-04 7.474988e-05 6.063045e-05 1.181113e-05 2.302422e-05 7.859503e-05 2.191462e-05 4.279797e-05 5.226763e-05 6.131170e-05 2.998209e-05 2.933732e-05 1.914646e-05 1.875169e-05 9.186433e-06 0.000000e+00 8.829678e-06 8.661494e-06 0.000000e+00 0.000000e+00 0.000000e+00 8.048290e-06 0.000000e+00 0.000000e+00 0.000000e+00 0.000000e+00 0.000000e+00 0.000000e+00 7.161077e-06 0.000000e+00 0.000000e+00 0.000000e+00 0.000000e+00 0.000000e+00 0.000000e+00 0.000000e+00 0.000000e+00 0.000000e+00 6.186781e-06 0.000000e+00 6.022893e-06 0.000000e+00 0.000000e+00 0.000000e+00 0.000000e+00 0.000000e+00 0.000000e+00 0.000000e+00 0.000000e+00 5.381401e-06 0.000000e+00 0.000000e+00 0.000000e+00 0.000000e+00 0.000000e+00 0.000000e+00 0.000000e+00 0.000000e+00 0.000000e+00 0.000000e+00 0.000000e+00 0.000000e+00 0.000000e+00 0.000000e+00 0.000000e+00
SPEC pbarinc sel1 meanpt 0.5287 yield 0.06052 7.338650e-02 6.767867e-02 5.985077e-02 5.824326e-02 5.653479e-02 4.936910e-02 4.415735e-02 3.837842e-02 3.285605e-02 2.643631e-02 2.399622e-02 1.857707e-02 1.585148e-02 1.220088e-02 9.700515e-03 7.549078e-03 6.103187e-03 4.752650e-03 3.614230e-03 3.261622e-03 2.426329e-03 1.896292e-03 1.304649e-03 1.301179e-03 1.114942e-03 7.834289e-04 6.307855e-04 7.264523e-04 4.720769e-04 4.146130e-04 3.208153e-04 1.553154e-04 2.885281e-04 1.825535e-04 1.654446e-04 1.378150e-04 8.935952e-05 6.523245e-05 2.117937e-05 4.128636e-05 8.053389e-05 1.964833e-05 2.877902e-05 4.686239e-05 6.413303e-05 4.480251e-05 3.507121e-05 1.716643e-05 1.681249e-05 1.647284e-05 0.000000e+00 7.916559e-06 1.553154e-05 7.620613e-06 0.000000e+00 0.000000e+00 7.215979e-06 7.090484e-06 0.000000e+00 0.000000e+00 0.000000e+00 0.000000e+00 0.000000e+00 6.420517e-06 0.000000e+00 0.000000e+00 0.000000e+00 0.000000e+00 0.000000e+00 0.000000e+00 0.000000e+00 0.000000e+00 0.000000e+00 5.546977e-06 0.000000e+00 5.400037e-06 0.000000e+00 0.000000e+00 0.000000e+00 0.000000e+00 0.000000e+00 0.000000e+00 0.000000e+00 0.000000e+00 4.824885e-06 0.000000e+00 0.000000e+00 0.000000e+00 0.000000e+00 0.000000e+00 0.000000e+00 0.000000e+00 0.000000e+00 0.000000e+00 0.000000e+00 0.000000e+00 0.000000e+00 0.000000e+00 0.000000e+00 0.000000e+00
SPEC chpm sel0eta05 meanpt 0.4685 yield 1.37269 7.282930e-01 1.438336e+00 1.830027e+00 1.871480e+00 1.684779e+00 1.446284e+00 1.189793e+00 9.680016e-01 7.748786e-01 6.109539e-01 4.781318e-01 3.783182e-01 2.935836e-01 2.246560e-01 1.698458e-01 1.322937e-01 1.047722e-01 7.848612e-02 5.982505e-02 4.812193e-02 3.745188e-02 2.983230e-02 2.274855e-02 1.901732e-02 1.546077e-02 1.234543e-02 9.561308e-03 7.975110e-03 6.879961e-03 5.772739e-03 4.644193e-03 3.415516e-03 3.408364e-03 2.546479e-03 2.361952e-03 2.107122e-03 1.718001e-03 1.366610e-03 1.215365e-03 1.104012e-03 1.076752e-03 8.207026e-04 7.264955e-04 5.049053e-04 5.507834e-04 5.876490e-04 3.491141e-04 3.082580e-04 3.609700e-04 2.958031e-04 1.890950e-04 2.348694e-04 1.940175e-04 2.141898e-04 1.401732e-04 1.261769e-04 1.014085e-04 8.303736e-05 8.705911e-05 1.123447e-04 9.470377e-05 7.246079e-05 5.092958e-05 8.521682e-05 5.428541e-05 2.915816e-05 1.914646e-05 1.886281e-05 5.111546e-05 2.747999e-05 9.030068e-06 2.225943e-05 4.390481e-06 2.165373e-05 4.272616e-06 4.216025e-06 8.321827e-06 1.642890e-05 4.054903e-06 1.201169e-05 7.908320e-06 3.905643e-06 3.858302e-06 1.143628e-05 1.506792e-05 3.722923e-06 1.103965e-05 0.000000e+00 3.596722e-06 0.000000e+00 1.055171e-05 0.000000e+00 3.441188e-06 3.404384e-06 1.684179e-05 3.333088e-06 3.298548e-06 0.000000e+00 3.231572e-06 0.000000e+00
