# gen_world mdc2 mode cfg ../../island_post/official_pp_mb_mdc2.cfg nev 300000 seed 20260904
SUMMARY nev 300000 nnsd 233691 dnde 1.7177 eps 0.4616 classN 5.9354 12.9140 7.0991 1.3643 meanpt_ch05 0.5007
SPEC pip sel0 meanpt 0.4438 yield 0.61019 1.737063e+00 1.684920e+00 1.555899e+00 1.352406e+00 1.106641e+00 8.912126e-01 7.211293e-01 5.666118e-01 4.368959e-01 3.469658e-01 2.655036e-01 2.075670e-01 1.615195e-01 1.238658e-01 9.516891e-02 7.496662e-02 5.559629e-02 4.477992e-02 3.595222e-02 2.789001e-02 2.252200e-02 1.845704e-02 1.413363e-02 1.123598e-02 9.131689e-03 8.000842e-03 6.429116e-03 5.578002e-03 4.701519e-03 4.059158e-03 3.170675e-03 2.790926e-03 2.164041e-03 1.954653e-03 1.520155e-03 1.468794e-03 1.121248e-03 1.131768e-03 1.000009e-03 7.828236e-04 8.158913e-04 6.355240e-04 5.349746e-04 4.948003e-04 4.087446e-04 3.064836e-04 3.650866e-04 2.680504e-04 2.437719e-04 1.837287e-04 1.980995e-04 1.765936e-04 2.309732e-04 1.586591e-04 1.390607e-04 7.647084e-05 8.048290e-05 7.908320e-05 8.291344e-05 5.604496e-05 6.012938e-05 3.450514e-05 7.760698e-05 6.206267e-05 5.170039e-05 1.851312e-05 1.823472e-05 3.143801e-05 2.212790e-05 3.489523e-05 2.150016e-05 2.967924e-05 2.926987e-05 2.062260e-05 1.627663e-05 2.810683e-05 2.377665e-05 3.911642e-06 7.723625e-06 0.000000e+00 1.129760e-05 7.439320e-06 0.000000e+00 3.630566e-06 1.076280e-05 1.418256e-05 7.009301e-06 3.464597e-06 1.027635e-05 0.000000e+00 6.699498e-06 3.313140e-06 0.000000e+00 6.484541e-06 3.207961e-06 9.523108e-06 9.424423e-06 3.109254e-06 0.000000e+00 3.046757e-06
SPEC pip sel1 meanpt 0.4476 yield 1.02989 2.063305e+00 2.003918e+00 1.822704e+00 1.580500e+00 1.299865e+00 1.057037e+00 8.442070e-01 6.649214e-01 5.129498e-01 4.097189e-01 3.122187e-01 2.422875e-01 1.924371e-01 1.464406e-01 1.121617e-01 8.896692e-02 6.694915e-02 5.397019e-02 4.321898e-02 3.312341e-02 2.776021e-02 2.228771e-02 1.695054e-02 1.388760e-02 1.130819e-02 9.849833e-03 7.843625e-03 6.805534e-03 5.725588e-03 5.005131e-03 4.046099e-03 3.545777e-03 2.782870e-03 2.431445e-03 1.942469e-03 1.703581e-03 1.358366e-03 1.372994e-03 1.344408e-03 9.862274e-04 9.753289e-04 7.417687e-04 6.473968e-04 5.949391e-04 5.081082e-04 4.430558e-04 4.511032e-04 3.211682e-04 3.426307e-04 2.311438e-04 2.643278e-04 2.062982e-04 2.542582e-04 1.985862e-04 1.749483e-04 1.178030e-04 1.301828e-04 1.137055e-04 1.210753e-04 9.156957e-05 9.005602e-05 4.872543e-05 8.717423e-05 6.435105e-05 6.757692e-05 2.911353e-05 4.096533e-05 4.843013e-05 3.976926e-05 3.919705e-05 2.704874e-05 3.048050e-05 3.006008e-05 2.223832e-05 2.559646e-05 3.608205e-05 2.848831e-05 7.030180e-06 1.041093e-05 3.426660e-06 2.030456e-05 6.685140e-06 6.604108e-06 6.525017e-06 1.289560e-05 1.274477e-05 6.298716e-06 6.226731e-06 1.231274e-05 0.000000e+00 9.030480e-06 5.954524e-06 2.945075e-06 5.827154e-06 2.882746e-06 8.557680e-06 8.468999e-06 5.588092e-06 0.000000e+00 2.737884e-06
SPEC pim sel0 meanpt 0.4417 yield 0.59606 1.729787e+00 1.668550e+00 1.508971e+00 1.324256e+00 1.101453e+00 8.772124e-01 7.049923e-01 5.441785e-01 4.293349e-01 3.398177e-01 2.592385e-01 2.006868e-01 1.518429e-01 1.223163e-01 9.502256e-02 7.351932e-02 5.566978e-02 4.240667e-02 3.464129e-02 2.617992e-02 2.119108e-02 1.748413e-02 1.381027e-02 1.139079e-02 9.317292e-03 7.537198e-03 6.268960e-03 5.059887e-03 4.722793e-03 3.802249e-03 2.822795e-03 2.617696e-03 2.285302e-03 1.927505e-03 1.625599e-03 1.468794e-03 9.717484e-04 9.700873e-04 1.047253e-03 7.981731e-04 6.212750e-04 5.697802e-04 4.422457e-04 4.738932e-04 4.700563e-04 3.864359e-04 2.933732e-04 2.489040e-04 2.875259e-04 2.755930e-04 2.041025e-04 1.412748e-04 1.443582e-04 1.246607e-04 9.456126e-05 1.529417e-04 8.584843e-05 7.908320e-05 6.736717e-05 4.585497e-05 6.514016e-05 4.436375e-05 4.365393e-05 4.774052e-05 3.760028e-05 3.702623e-05 4.558681e-05 1.796458e-05 8.851161e-06 1.744761e-05 8.600064e-06 1.695957e-05 1.672564e-05 1.649808e-05 2.034579e-05 4.015262e-06 1.981387e-05 1.173493e-05 3.861812e-06 3.813236e-06 1.506347e-05 1.115898e-05 7.349146e-06 3.630566e-06 1.076280e-05 1.418256e-05 1.051395e-05 0.000000e+00 6.850899e-06 3.387176e-06 3.349749e-06 3.313140e-06 3.277322e-06 3.242270e-06 0.000000e+00 3.174369e-06 0.000000e+00 0.000000e+00 0.000000e+00 0.000000e+00
SPEC pim sel1 meanpt 0.4449 yield 1.00649 2.057857e+00 1.967958e+00 1.774540e+00 1.548666e+00 1.283459e+00 1.038265e+00 8.268979e-01 6.420019e-01 5.071489e-01 4.002272e-01 3.076264e-01 2.374313e-01 1.805596e-01 1.443823e-01 1.123495e-01 8.756089e-02 6.604108e-02 5.179083e-02 4.092182e-02 3.218741e-02 2.574032e-02 2.136275e-02 1.633306e-02 1.400352e-02 1.141938e-02 9.390459e-03 7.586625e-03 6.221070e-03 5.706471e-03 4.497230e-03 3.644169e-03 3.277682e-03 2.799634e-03 2.325730e-03 2.029328e-03 1.864730e-03 1.216558e-03 1.278555e-03 1.323180e-03 9.310539e-04 8.138952e-04 6.433038e-04 5.320192e-04 6.137266e-04 5.693261e-04 4.729920e-04 3.866599e-04 3.498439e-04 3.313969e-04 2.696678e-04 2.427500e-04 1.798497e-04 1.712351e-04 1.425747e-04 1.249631e-04 1.521622e-04 1.060748e-04 9.001687e-05 8.382137e-05 5.036326e-05 8.105042e-05 6.201419e-05 6.538067e-05 6.435105e-05 4.645913e-05 4.159076e-05 4.915840e-05 2.421506e-05 2.783849e-05 1.959852e-05 1.545642e-05 1.905031e-05 2.254506e-05 2.594471e-05 1.828319e-05 7.216410e-06 2.136623e-05 1.406036e-05 3.470312e-06 6.853320e-06 2.368865e-05 1.337028e-05 6.604108e-06 3.262509e-06 9.671697e-06 1.593096e-05 1.574679e-05 0.000000e+00 6.156372e-06 6.087586e-06 3.010160e-06 2.977262e-06 5.890151e-06 2.913577e-06 0.000000e+00 5.705120e-06 2.823000e-06 0.000000e+00 0.000000e+00 0.000000e+00
SPEC kp sel0 meanpt 0.5343 yield 0.07541 1.261113e-01 1.350038e-01 1.336295e-01 1.179695e-01 1.096738e-01 9.243388e-02 7.760698e-02 6.483417e-02 5.613667e-02 4.560048e-02 3.684022e-02 3.005162e-02 2.478573e-02 1.937929e-02 1.593117e-02 1.290842e-02 9.921347e-03 7.829990e-03 6.521871e-03 5.643296e-03 4.229344e-03 3.186624e-03 2.883315e-03 2.567119e-03 1.856034e-03 1.402822e-03 1.418524e-03 1.124419e-03 9.360491e-04 8.221079e-04 7.454564e-04 5.678090e-04 5.503380e-04 5.158113e-04 3.690549e-04 3.330405e-04 2.989995e-04 1.293450e-04 2.440966e-04 9.977163e-05 1.871310e-04 1.095731e-04 8.559594e-05 7.665920e-05 1.021862e-04 1.199284e-04 4.563583e-05 5.743938e-05 6.250562e-05 4.899431e-05 3.001508e-05 2.943226e-05 2.887165e-05 5.099758e-05 3.893699e-05 1.092441e-05 3.219316e-05 3.690549e-05 2.591045e-05 2.547498e-05 2.004313e-05 2.464653e-05 1.940175e-05 0.000000e+00 0.000000e+00 4.628279e-06 2.279340e-05 0.000000e+00 0.000000e+00 1.308571e-05 4.300032e-06 4.239892e-06 0.000000e+00 0.000000e+00 0.000000e+00 4.015262e-06 3.962775e-06 3.911642e-06 3.861812e-06 0.000000e+00 3.765867e-06 0.000000e+00 0.000000e+00 0.000000e+00 0.000000e+00 0.000000e+00 3.504651e-06 3.464597e-06 0.000000e+00 3.387176e-06 0.000000e+00 0.000000e+00 0.000000e+00 0.000000e+00 0.000000e+00 0.000000e+00 0.000000e+00 0.000000e+00 0.000000e+00 0.000000e+00
SPEC kp sel1 meanpt 0.5390 yield 0.12791 1.580033e-01 1.612723e-01 1.536446e-01 1.361319e-01 1.276134e-01 1.106023e-01 9.061091e-02 7.794829e-02 6.611781e-02 5.462727e-02 4.317200e-02 3.633839e-02 2.870211e-02 2.312539e-02 1.865604e-02 1.543124e-02 1.183786e-02 9.402363e-03 7.922253e-03 6.761591e-03 5.235769e-03 4.206663e-03 3.523292e-03 3.129926e-03 2.201594e-03 1.858862e-03 1.644797e-03 1.436394e-03 1.099236e-03 1.071209e-03 9.378375e-04 6.486178e-04 6.202782e-04 6.017624e-04 4.184995e-04 4.067108e-04 4.328857e-04 1.525549e-04 2.830332e-04 1.586240e-04 1.883394e-04 1.641081e-04 1.153777e-04 8.141271e-05 1.101921e-04 1.317193e-04 5.858483e-05 8.029205e-05 6.740275e-05 5.503424e-05 4.315556e-05 4.231759e-05 3.632260e-05 5.091953e-05 3.998818e-05 2.454229e-05 4.821583e-05 3.316411e-05 2.328371e-05 4.120631e-05 1.801120e-05 2.657751e-05 2.615227e-05 4.290070e-06 4.223558e-06 4.159076e-06 2.867573e-05 0.000000e+00 0.000000e+00 1.567882e-05 3.864106e-06 7.620125e-06 0.000000e+00 0.000000e+00 0.000000e+00 3.608205e-06 3.561039e-06 3.515090e-06 3.470312e-06 0.000000e+00 6.768185e-06 0.000000e+00 3.302054e-06 0.000000e+00 0.000000e+00 3.186193e-06 3.149358e-06 3.113365e-06 0.000000e+00 3.043793e-06 0.000000e+00 0.000000e+00 0.000000e+00 0.000000e+00 0.000000e+00 0.000000e+00 2.823000e-06 0.000000e+00 0.000000e+00 0.000000e+00
SPEC km sel0 meanpt 0.5308 yield 0.07088 1.182294e-01 1.277282e-01 1.185932e-01 1.131191e-01 1.040149e-01 8.813463e-02 7.345613e-02 6.115592e-02 5.342613e-02 4.199457e-02 3.634940e-02 2.791637e-02 2.354887e-02 1.753792e-02 1.448859e-02 1.234123e-02 8.892467e-03 7.708729e-03 6.144978e-03 4.741612e-03 4.125828e-03 3.327625e-03 2.586899e-03 2.257517e-03 1.682804e-03 1.509817e-03 1.487162e-03 1.234657e-03 8.722276e-04 6.987917e-04 6.063045e-04 5.196896e-04 5.783213e-04 4.434168e-04 3.339069e-04 2.903430e-04 2.989995e-04 2.344378e-04 1.574817e-04 1.458201e-04 1.047934e-04 1.241829e-04 1.212609e-04 9.756625e-05 6.131170e-05 5.330150e-05 7.171344e-05 4.467507e-05 8.125731e-05 3.062144e-05 3.601809e-05 3.531871e-05 1.732299e-05 1.133280e-05 2.224971e-05 2.184881e-05 1.609658e-05 1.581664e-05 1.036418e-05 0.000000e+00 0.000000e+00 0.000000e+00 4.850436e-06 4.774052e-06 0.000000e+00 0.000000e+00 4.558681e-06 0.000000e+00 4.425581e-06 0.000000e+00 8.600064e-06 0.000000e+00 4.181411e-06 4.124521e-06 4.069158e-06 4.015262e-06 0.000000e+00 3.911642e-06 0.000000e+00 0.000000e+00 0.000000e+00 0.000000e+00 0.000000e+00 0.000000e+00 0.000000e+00 0.000000e+00 0.000000e+00 0.000000e+00 3.425449e-06 3.387176e-06 3.349749e-06 0.000000e+00 0.000000e+00 0.000000e+00 0.000000e+00 6.348739e-06 0.000000e+00 3.109254e-06 0.000000e+00 0.000000e+00
SPEC km sel1 meanpt 0.5334 yield 0.12019 1.541894e-01 1.521917e-01 1.364277e-01 1.353536e-01 1.210753e-01 1.057978e-01 8.667130e-02 7.170080e-02 6.233598e-02 4.952299e-02 4.374278e-02 3.323517e-02 2.791755e-02 2.078460e-02 1.751000e-02 1.476338e-02 1.058308e-02 9.386796e-03 7.244885e-03 5.546181e-03 4.837107e-03 4.029274e-03 3.002668e-03 2.666233e-03 1.945853e-03 1.858862e-03 1.922356e-03 1.416581e-03 1.099236e-03 8.957521e-04 7.413382e-04 6.832107e-04 7.040995e-04 5.041793e-04 4.027070e-04 3.683418e-04 3.433232e-04 2.615227e-04 1.910474e-04 1.724174e-04 1.278017e-04 1.444151e-04 1.346073e-04 1.064628e-04 9.182679e-05 7.783413e-05 8.787725e-05 4.588117e-05 8.987034e-05 3.852396e-05 4.315556e-05 4.231759e-05 3.113365e-05 2.036781e-05 3.498966e-05 2.945075e-05 1.928633e-05 1.895092e-05 9.313486e-06 4.578478e-06 0.000000e+00 4.429585e-06 8.717423e-06 1.716028e-05 0.000000e+00 0.000000e+00 4.096533e-06 4.035844e-06 3.976926e-06 0.000000e+00 7.728212e-06 3.810062e-06 3.757510e-06 3.706387e-06 3.656637e-06 3.608205e-06 3.561039e-06 3.515090e-06 0.000000e+00 0.000000e+00 0.000000e+00 0.000000e+00 0.000000e+00 0.000000e+00 0.000000e+00 0.000000e+00 3.149358e-06 0.000000e+00 3.078186e-06 3.043793e-06 3.010160e-06 0.000000e+00 0.000000e+00 0.000000e+00 0.000000e+00 5.705120e-06 0.000000e+00 2.794046e-06 0.000000e+00 0.000000e+00
SPEC p sel0 meanpt 0.6024 yield 0.04066 7.396915e-02 4.607915e-02 5.080832e-02 5.049651e-02 4.769596e-02 4.189013e-02 3.670474e-02 3.298297e-02 2.942360e-02 2.383734e-02 2.035451e-02 1.763555e-02 1.413902e-02 1.253029e-02 9.617245e-03 8.097099e-03 5.787452e-03 6.011076e-03 4.145812e-03 3.529003e-03 3.253341e-03 2.679020e-03 1.994068e-03 1.702813e-03 1.447707e-03 9.629543e-04 1.086772e-03 7.937078e-04 6.063045e-04 6.063045e-04 5.466680e-04 3.657075e-04 3.544550e-04 3.619729e-04 3.954160e-04 4.013565e-04 1.910275e-04 1.535972e-04 1.653558e-04 1.304706e-04 9.730814e-05 1.241829e-04 5.706396e-05 1.184733e-04 1.089986e-04 6.662687e-05 1.955821e-05 4.467507e-05 1.875169e-05 4.899431e-05 3.001508e-05 4.709162e-05 1.732299e-05 3.399839e-05 5.562427e-06 1.638661e-05 1.609658e-05 0.000000e+00 5.182090e-06 3.056998e-05 2.004313e-05 9.858610e-06 1.455131e-05 4.774052e-06 0.000000e+00 0.000000e+00 4.558681e-06 0.000000e+00 4.425581e-06 4.361903e-06 0.000000e+00 4.239892e-06 0.000000e+00 0.000000e+00 0.000000e+00 4.015262e-06 0.000000e+00 0.000000e+00 0.000000e+00 0.000000e+00 7.531733e-06 3.719660e-06 3.674573e-06 0.000000e+00 0.000000e+00 0.000000e+00 0.000000e+00 3.464597e-06 0.000000e+00 0.000000e+00 3.349749e-06 0.000000e+00 0.000000e+00 0.000000e+00 0.000000e+00 0.000000e+00 0.000000e+00 0.000000e+00 0.000000e+00 0.000000e+00
SPEC p sel1 meanpt 0.6057 yield 0.06972 8.227068e-02 5.829777e-02 6.036815e-02 6.039929e-02 5.654217e-02 4.967940e-02 4.346138e-02 3.926473e-02 3.522223e-02 2.919190e-02 2.441397e-02 2.063281e-02 1.641055e-02 1.467029e-02 1.208039e-02 9.807101e-03 7.148947e-03 7.145173e-03 5.036079e-03 4.316801e-03 3.880316e-03 3.332387e-03 2.506259e-03 2.086617e-03 1.756828e-03 1.281974e-03 1.264438e-03 9.509916e-04 7.551276e-04 8.218757e-04 6.341568e-04 4.670048e-04 4.274890e-04 4.391239e-04 4.421881e-04 4.834486e-04 2.612241e-04 2.687872e-04 1.839716e-04 1.655207e-04 1.345281e-04 1.312865e-04 6.409870e-05 1.315128e-04 1.101921e-04 7.783413e-05 4.686786e-05 5.735147e-05 1.685069e-05 4.953081e-05 4.315556e-05 6.347638e-05 1.556683e-05 3.055172e-05 9.997045e-06 2.454229e-05 1.446475e-05 0.000000e+00 4.656743e-06 3.204935e-05 2.251401e-05 8.859170e-06 1.307613e-05 8.580141e-06 0.000000e+00 0.000000e+00 4.096533e-06 4.035844e-06 3.976926e-06 3.919705e-06 0.000000e+00 3.810062e-06 0.000000e+00 0.000000e+00 0.000000e+00 3.608205e-06 0.000000e+00 3.515090e-06 0.000000e+00 0.000000e+00 6.768185e-06 3.342570e-06 3.302054e-06 0.000000e+00 0.000000e+00 0.000000e+00 0.000000e+00 3.113365e-06 0.000000e+00 0.000000e+00 3.010160e-06 0.000000e+00 0.000000e+00 0.000000e+00 0.000000e+00 0.000000e+00 0.000000e+00 0.000000e+00 2.765680e-06 0.000000e+00
SPEC pbar sel0 meanpt 0.5955 yield 0.03605 4.789806e-02 4.749386e-02 4.510906e-02 4.417362e-02 4.149818e-02 3.726017e-02 3.255389e-02 2.833463e-02 2.575011e-02 2.173123e-02 1.905529e-02 1.586936e-02 1.202908e-02 1.138505e-02 9.115475e-03 6.767141e-03 5.511860e-03 4.798467e-03 4.113039e-03 3.482365e-03 2.839280e-03 2.086816e-03 2.169223e-03 1.496411e-03 1.138368e-03 1.046173e-03 9.380561e-04 8.488264e-04 5.318461e-04 3.905012e-04 4.075162e-04 4.908180e-04 3.917660e-04 3.348249e-04 1.845275e-04 1.280925e-04 1.578053e-04 1.293450e-04 1.417335e-04 1.458201e-04 8.233765e-05 6.574387e-05 4.993096e-05 2.090705e-05 3.406205e-05 3.997612e-05 3.259702e-05 4.467507e-05 4.375394e-05 2.449715e-05 4.802412e-05 2.354581e-05 2.309732e-05 2.833199e-05 5.562427e-06 0.000000e+00 1.073105e-05 1.054443e-05 1.554627e-05 1.018999e-05 0.000000e+00 0.000000e+00 9.700873e-06 0.000000e+00 0.000000e+00 9.256558e-06 0.000000e+00 0.000000e+00 4.425581e-06 0.000000e+00 0.000000e+00 0.000000e+00 0.000000e+00 0.000000e+00 0.000000e+00 4.015262e-06 0.000000e+00 0.000000e+00 0.000000e+00 0.000000e+00 0.000000e+00 0.000000e+00 0.000000e+00 3.630566e-06 0.000000e+00 0.000000e+00 0.000000e+00 0.000000e+00 0.000000e+00 0.000000e+00 0.000000e+00 0.000000e+00 0.000000e+00 0.000000e+00 0.000000e+00 3.174369e-06 0.000000e+00 3.109254e-06 0.000000e+00 0.000000e+00
SPEC pbar sel1 meanpt 0.5993 yield 0.06169 6.047712e-02 6.174841e-02 5.372112e-02 5.105919e-02 4.830905e-02 4.328993e-02 3.784535e-02 3.421588e-02 3.019049e-02 2.549273e-02 2.275351e-02 1.861928e-02 1.523370e-02 1.327793e-02 1.149798e-02 8.348338e-03 6.752701e-03 5.977661e-03 4.844649e-03 4.163128e-03 3.455076e-03 2.698853e-03 2.530474e-03 1.993879e-03 1.523325e-03 1.249925e-03 1.069118e-03 8.717423e-04 6.691004e-04 5.079007e-04 4.912482e-04 5.621354e-04 4.610176e-04 4.228601e-04 2.447827e-04 1.534758e-04 2.089793e-04 1.670839e-04 1.485924e-04 2.137976e-04 8.071688e-05 9.190054e-05 6.409870e-05 3.131258e-05 4.897429e-05 4.191069e-05 3.515090e-05 5.161632e-05 5.616896e-05 3.302054e-05 3.776111e-05 2.644849e-05 2.075577e-05 2.545976e-05 9.997045e-06 0.000000e+00 9.643167e-06 9.475460e-06 1.862697e-05 9.156957e-06 0.000000e+00 0.000000e+00 8.717423e-06 4.290070e-06 0.000000e+00 1.247723e-05 4.096533e-06 0.000000e+00 3.976926e-06 0.000000e+00 0.000000e+00 3.810062e-06 0.000000e+00 0.000000e+00 0.000000e+00 3.608205e-06 0.000000e+00 3.515090e-06 0.000000e+00 0.000000e+00 0.000000e+00 3.342570e-06 0.000000e+00 3.262509e-06 0.000000e+00 0.000000e+00 0.000000e+00 0.000000e+00 0.000000e+00 0.000000e+00 0.000000e+00 0.000000e+00 0.000000e+00 0.000000e+00 0.000000e+00 2.852560e-06 0.000000e+00 2.794046e-06 0.000000e+00 0.000000e+00
SPEC chpm sel0eta05 meanpt 0.5007 yield 1.71774 8.407625e-01 1.715478e+00 2.178598e+00 2.220166e+00 2.005824e+00 1.715555e+00 1.426975e+00 1.154319e+00 9.256951e-01 7.475703e-01 5.850030e-01 4.615217e-01 3.622791e-01 2.861488e-01 2.266513e-01 1.789791e-01 1.357351e-01 1.105778e-01 8.836971e-02 6.912494e-02 5.694383e-02 4.627091e-02 3.610341e-02 3.032297e-02 2.429549e-02 2.063813e-02 1.733688e-02 1.426800e-02 1.235266e-02 1.039453e-02 8.523052e-03 7.390179e-03 6.379257e-03 5.454026e-03 4.490168e-03 4.011003e-03 3.156936e-03 2.857715e-03 2.794513e-03 2.100577e-03 1.912479e-03 1.600498e-03 1.273240e-03 1.287874e-03 1.206478e-03 9.980706e-04 8.625171e-04 7.326712e-04 7.656939e-04 5.787452e-04 5.462744e-04 4.738594e-04 4.365393e-04 3.926814e-04 3.192833e-04 2.944127e-04 2.741784e-04 2.361952e-04 2.103929e-04 1.925909e-04 1.753773e-04 1.414711e-04 1.833465e-04 1.303316e-04 9.541072e-05 8.099488e-05 1.021144e-04 7.545123e-05 7.125185e-05 6.717331e-05 4.515034e-05 5.342264e-05 4.975879e-05 4.330747e-05 3.987775e-05 4.497093e-05 4.438308e-05 2.738150e-05 1.892288e-05 1.067706e-05 4.481381e-05 2.083009e-05 1.800541e-05 1.270698e-05 1.757924e-05 2.481948e-05 2.207930e-05 9.700873e-06 1.918252e-05 1.185512e-05 1.406895e-05 9.276791e-06 6.882376e-06 6.808768e-06 4.491145e-06 1.777647e-05 1.319419e-05 8.705911e-06 4.308763e-06 2.132730e-06
