# gen_world monash mode pt0 2.28 nev 300000 seed 20260903
SUMMARY nev 300000 nnsd 233411 dnde 2.6413 eps 0.5231 classN 20.6876 18.3336 7.6243 1.1813 meanpt_ch05 0.4485
SPEC pip sel0 meanpt 0.3971 yield 0.95032 3.724529e+00 3.443810e+00 2.913415e+00 2.373163e+00 1.861018e+00 1.454910e+00 1.116766e+00 8.622055e-01 6.610859e-01 5.102851e-01 3.921636e-01 2.949013e-01 2.197005e-01 1.704165e-01 1.290383e-01 1.008421e-01 7.525526e-02 5.645561e-02 4.417830e-02 3.465264e-02 2.641122e-02 2.191156e-02 1.673401e-02 1.323550e-02 1.125994e-02 8.654700e-03 6.978222e-03 5.974856e-03 4.786615e-03 3.781696e-03 2.912250e-03 2.251988e-03 2.210680e-03 1.999900e-03 1.608025e-03 1.212609e-03 1.154470e-03 8.973307e-04 7.007936e-04 5.986298e-04 5.389374e-04 5.916948e-04 3.352507e-04 2.787607e-04 3.406205e-04 2.665075e-04 1.955821e-04 2.042289e-04 1.750157e-04 1.224858e-04 1.620814e-04 1.177290e-04 9.816359e-05 1.416599e-04 1.334982e-04 9.285745e-05 4.292422e-05 4.744992e-05 5.700299e-05 4.585497e-05 4.509703e-05 1.971722e-05 1.940175e-05 3.819241e-05 2.350018e-05 1.388484e-05 2.279340e-05 3.143801e-05 8.851161e-06 8.723806e-06 1.290010e-05 2.119946e-05 1.672564e-05 1.649808e-05 3.255326e-05 0.000000e+00 1.188832e-05 3.911642e-06 7.723625e-06 3.813236e-06 0.000000e+00 0.000000e+00 7.349146e-06 3.630566e-06 3.587601e-06 0.000000e+00 3.504651e-06 0.000000e+00 0.000000e+00 0.000000e+00 0.000000e+00 0.000000e+00 0.000000e+00 0.000000e+00 6.415921e-06 3.174369e-06 0.000000e+00 0.000000e+00 0.000000e+00 0.000000e+00
SPEC pip sel1 meanpt 0.3988 yield 1.61931 4.436491e+00 4.081557e+00 3.473805e+00 2.817781e+00 2.214760e+00 1.724649e+00 1.325421e+00 1.029999e+00 7.899694e-01 6.064728e-01 4.647337e-01 3.517004e-01 2.651094e-01 2.035899e-01 1.571018e-01 1.202371e-01 9.215518e-02 6.846710e-02 5.356147e-02 4.196096e-02 3.189136e-02 2.620901e-02 2.064386e-02 1.593535e-02 1.345919e-02 1.054619e-02 8.254434e-03 7.200501e-03 5.617616e-03 4.558099e-03 3.514403e-03 2.900635e-03 2.761031e-03 2.369229e-03 1.905271e-03 1.728673e-03 1.374940e-03 1.141898e-03 9.492987e-04 7.733565e-04 6.397752e-04 6.966531e-04 3.978887e-04 3.385816e-04 4.167808e-04 3.356877e-04 2.522170e-04 2.239390e-04 2.024508e-04 1.928509e-04 1.890321e-04 1.588813e-04 1.298792e-04 1.529418e-04 1.451310e-04 1.081156e-04 6.758314e-05 7.115120e-05 5.128562e-05 4.583971e-05 4.959023e-05 4.434899e-05 3.054758e-05 4.724738e-05 2.537175e-05 2.082033e-05 2.460869e-05 2.828480e-05 1.194509e-05 1.569763e-05 1.547497e-05 2.288780e-05 1.881009e-05 2.226500e-05 2.928819e-05 1.083760e-05 1.426124e-05 3.519307e-06 6.948949e-06 3.430771e-06 0.000000e+00 6.693160e-06 6.612031e-06 3.266422e-06 3.227766e-06 0.000000e+00 3.153136e-06 0.000000e+00 0.000000e+00 0.000000e+00 0.000000e+00 2.980833e-06 0.000000e+00 0.000000e+00 5.772408e-06 2.855982e-06 0.000000e+00 0.000000e+00 0.000000e+00 0.000000e+00
SPEC pim sel0 meanpt 0.3966 yield 0.93788 3.693607e+00 3.439566e+00 2.894377e+00 2.344060e+00 1.825381e+00 1.421178e+00 1.102075e+00 8.524238e-01 6.553082e-01 4.980313e-01 3.772369e-01 2.923179e-01 2.238719e-01 1.693162e-01 1.311290e-01 9.783017e-02 7.441010e-02 5.700995e-02 4.389973e-02 3.311356e-02 2.652952e-02 2.127706e-02 1.588518e-02 1.340320e-02 1.059177e-02 8.214832e-03 7.001102e-03 5.511860e-03 4.680246e-03 3.987223e-03 3.081220e-03 2.367475e-03 2.257318e-03 1.846062e-03 1.476220e-03 1.263846e-03 1.245831e-03 9.377510e-04 6.771713e-04 5.832803e-04 5.239669e-04 4.455973e-04 3.495167e-04 3.414819e-04 3.338081e-04 2.798329e-04 2.086209e-04 2.297575e-04 1.187607e-04 1.776044e-04 1.320663e-04 1.059561e-04 1.212609e-04 7.366317e-05 7.787398e-05 7.100864e-05 3.755869e-05 3.690549e-05 5.182090e-05 4.075997e-05 2.505391e-05 2.957583e-05 2.425218e-05 2.864431e-05 1.410011e-05 9.256558e-06 3.191077e-05 1.796458e-05 8.851161e-06 4.361903e-06 1.720013e-05 8.479784e-06 8.362821e-06 0.000000e+00 4.069158e-06 1.204579e-05 0.000000e+00 0.000000e+00 7.723625e-06 7.626472e-06 7.531733e-06 7.439320e-06 0.000000e+00 0.000000e+00 1.076280e-05 0.000000e+00 3.504651e-06 0.000000e+00 3.425449e-06 0.000000e+00 0.000000e+00 0.000000e+00 0.000000e+00 0.000000e+00 0.000000e+00 0.000000e+00 0.000000e+00 3.109254e-06 0.000000e+00 0.000000e+00
SPEC pim sel1 meanpt 0.3981 yield 1.59717 4.453946e+00 4.095740e+00 3.440530e+00 2.780375e+00 2.173788e+00 1.693159e+00 1.310105e+00 1.013125e+00 7.754978e-01 5.923762e-01 4.507587e-01 3.489492e-01 2.656767e-01 2.029838e-01 1.555218e-01 1.181959e-01 8.934506e-02 6.924638e-02 5.188076e-02 3.947128e-02 3.213084e-02 2.601872e-02 1.962561e-02 1.588892e-02 1.335900e-02 1.028949e-02 8.851388e-03 6.754189e-03 5.751597e-03 5.001889e-03 3.845275e-03 2.770756e-03 2.735855e-03 2.173828e-03 1.818308e-03 1.628795e-03 1.472083e-03 1.061892e-03 8.572025e-04 7.043068e-04 6.397752e-04 5.520647e-04 4.492291e-04 4.200919e-04 4.412973e-04 3.656598e-04 2.756790e-04 2.641332e-04 1.743327e-04 2.314211e-04 1.242211e-04 1.218090e-04 1.350743e-04 9.176510e-05 7.006326e-05 7.371521e-05 4.827367e-05 8.063802e-05 6.527261e-05 5.042368e-05 2.704922e-05 4.434899e-05 2.618364e-05 4.295217e-05 2.537175e-05 1.665626e-05 3.691303e-05 2.424411e-05 1.990849e-05 3.924407e-06 2.321245e-05 7.629266e-06 1.128605e-05 0.000000e+00 7.322047e-06 1.445013e-05 7.130621e-06 1.055792e-05 1.042342e-05 3.430771e-06 6.776305e-06 6.693160e-06 3.306015e-06 0.000000e+00 1.291107e-05 0.000000e+00 6.306272e-06 0.000000e+00 3.081879e-06 0.000000e+00 0.000000e+00 0.000000e+00 0.000000e+00 0.000000e+00 0.000000e+00 0.000000e+00 0.000000e+00 5.594795e-06 0.000000e+00 0.000000e+00
SPEC kp sel0 meanpt 0.5089 yield 0.10502 1.897733e-01 1.970490e-01 1.806788e-01 1.637888e-01 1.544729e-01 1.333870e-01 1.169701e-01 9.826176e-02 8.049584e-02 6.694879e-02 5.424982e-02 4.159776e-02 3.431684e-02 2.847386e-02 2.090705e-02 1.611597e-02 1.302636e-02 1.042844e-02 8.308011e-03 6.747081e-03 5.190558e-03 4.653035e-03 3.570460e-03 3.134723e-03 2.462339e-03 1.818914e-03 1.544361e-03 1.311823e-03 1.170061e-03 9.454240e-04 8.050929e-04 5.196896e-04 5.689935e-04 4.253181e-04 4.042030e-04 2.732640e-04 2.823884e-04 2.586899e-04 2.283485e-04 2.148928e-04 1.272491e-04 1.095731e-04 5.706396e-05 9.756625e-05 5.449928e-05 5.330150e-05 6.519404e-05 7.658584e-05 3.750337e-05 5.511860e-05 3.601809e-05 3.531871e-05 2.309732e-05 3.966478e-05 5.562427e-06 2.731102e-05 2.146211e-05 2.636107e-05 1.036418e-05 5.094996e-06 0.000000e+00 2.957583e-05 0.000000e+00 9.548103e-06 1.410011e-05 4.628279e-06 4.558681e-06 4.491145e-06 0.000000e+00 8.723806e-06 4.300032e-06 0.000000e+00 4.181411e-06 8.249041e-06 4.069158e-06 4.015262e-06 0.000000e+00 0.000000e+00 3.861812e-06 0.000000e+00 0.000000e+00 0.000000e+00 0.000000e+00 0.000000e+00 0.000000e+00 3.545641e-06 0.000000e+00 0.000000e+00 0.000000e+00 3.387176e-06 0.000000e+00 0.000000e+00 3.277322e-06 0.000000e+00 0.000000e+00 0.000000e+00 0.000000e+00 0.000000e+00 0.000000e+00 0.000000e+00
SPEC kp sel1 meanpt 0.5114 yield 0.18011 2.427442e-01 2.347436e-01 2.180879e-01 1.985593e-01 1.831037e-01 1.593830e-01 1.370865e-01 1.181173e-01 9.703349e-02 7.906771e-02 6.496556e-02 5.054107e-02 4.075920e-02 3.321443e-02 2.516790e-02 2.009524e-02 1.624907e-02 1.245281e-02 1.001052e-02 8.028531e-03 6.199988e-03 5.556412e-03 4.388184e-03 3.864873e-03 3.039173e-03 2.427977e-03 1.718816e-03 1.606723e-03 1.435507e-03 1.146459e-03 9.300200e-04 7.446406e-04 6.881598e-04 5.373508e-04 5.059641e-04 3.841497e-04 3.512075e-04 3.127490e-04 2.337825e-04 2.900087e-04 1.616274e-04 1.314440e-04 9.626339e-05 1.254006e-04 1.103243e-04 5.994423e-05 8.211715e-05 8.038837e-05 5.623634e-05 6.612031e-05 4.320733e-05 3.707231e-05 3.117100e-05 5.098061e-05 2.502259e-05 3.440043e-05 3.861894e-05 2.371707e-05 1.398699e-05 9.167942e-06 9.016405e-06 2.660939e-05 4.363940e-06 8.590433e-06 1.268587e-05 4.164065e-06 8.202895e-06 8.081371e-06 0.000000e+00 7.848813e-06 7.737483e-06 0.000000e+00 3.762017e-06 7.421667e-06 7.322047e-06 3.612533e-06 0.000000e+00 0.000000e+00 3.474475e-06 0.000000e+00 0.000000e+00 0.000000e+00 0.000000e+00 0.000000e+00 0.000000e+00 3.190015e-06 0.000000e+00 0.000000e+00 0.000000e+00 3.047444e-06 0.000000e+00 0.000000e+00 2.948608e-06 0.000000e+00 0.000000e+00 0.000000e+00 0.000000e+00 0.000000e+00 0.000000e+00 0.000000e+00
SPEC km sel0 meanpt 0.5025 yield 0.10133 1.976553e-01 1.903796e-01 1.729181e-01 1.669936e-01 1.496899e-01 1.299696e-01 1.104873e-01 9.890848e-02 7.700068e-02 6.299185e-02 5.107394e-02 4.304762e-02 3.169760e-02 2.586899e-02 2.086524e-02 1.621376e-02 1.197911e-02 1.060167e-02 8.291624e-03 6.202962e-03 5.323650e-03 4.244132e-03 3.274045e-03 2.476819e-03 2.326230e-03 1.652477e-03 1.384205e-03 1.201585e-03 1.031781e-03 8.015552e-04 7.355170e-04 5.004418e-04 6.063045e-04 4.072195e-04 3.426939e-04 3.842775e-04 2.823884e-04 1.455131e-04 1.889780e-04 1.841938e-04 1.571901e-04 8.035361e-05 9.986193e-05 9.059723e-05 8.174893e-05 5.330150e-05 1.955821e-05 3.191077e-05 2.500225e-05 3.674573e-05 2.401206e-05 1.765936e-05 1.154866e-05 3.399839e-05 1.112485e-05 1.638661e-05 1.609658e-05 0.000000e+00 5.182090e-06 1.018999e-05 5.010781e-06 4.929305e-06 4.850436e-06 0.000000e+00 4.700035e-06 9.256558e-06 1.367604e-05 0.000000e+00 4.425581e-06 0.000000e+00 8.600064e-06 0.000000e+00 0.000000e+00 4.124521e-06 4.069158e-06 0.000000e+00 0.000000e+00 0.000000e+00 0.000000e+00 0.000000e+00 0.000000e+00 0.000000e+00 0.000000e+00 0.000000e+00 7.175202e-06 0.000000e+00 0.000000e+00 0.000000e+00 3.425449e-06 0.000000e+00 3.349749e-06 0.000000e+00 0.000000e+00 0.000000e+00 3.207961e-06 0.000000e+00 0.000000e+00 0.000000e+00 0.000000e+00 0.000000e+00
SPEC km sel1 meanpt 0.5063 yield 0.17275 2.383802e-01 2.245611e-01 2.076145e-01 1.997282e-01 1.789215e-01 1.555645e-01 1.317155e-01 1.149898e-01 9.122560e-02 7.349794e-02 5.974442e-02 5.177436e-02 3.822812e-02 3.127490e-02 2.460359e-02 1.930340e-02 1.467871e-02 1.256191e-02 9.892581e-03 7.511012e-03 6.492691e-03 5.251951e-03 4.133621e-03 3.029224e-03 2.682933e-03 2.000139e-03 1.729108e-03 1.527379e-03 1.215396e-03 1.007774e-03 9.210775e-04 6.234200e-04 7.385129e-04 5.943426e-04 4.506243e-04 4.917116e-04 3.512075e-04 2.545632e-04 2.550355e-04 2.140540e-04 1.818308e-04 1.051552e-04 1.411863e-04 1.065905e-04 8.580781e-05 6.593866e-05 5.278960e-05 4.593621e-05 3.374181e-05 5.510025e-05 3.240550e-05 1.588813e-05 2.597583e-05 3.568643e-05 2.001807e-05 2.457174e-05 1.930947e-05 4.743413e-06 4.662329e-06 1.833588e-05 4.508203e-06 8.869797e-06 8.727880e-06 0.000000e+00 4.228624e-06 8.328130e-06 8.202895e-06 4.040685e-06 7.963394e-06 3.924407e-06 7.737483e-06 0.000000e+00 0.000000e+00 3.710833e-06 7.322047e-06 0.000000e+00 3.565311e-06 0.000000e+00 0.000000e+00 0.000000e+00 0.000000e+00 0.000000e+00 0.000000e+00 0.000000e+00 6.455533e-06 0.000000e+00 0.000000e+00 0.000000e+00 3.081879e-06 0.000000e+00 3.013771e-06 0.000000e+00 0.000000e+00 0.000000e+00 2.886204e-06 0.000000e+00 0.000000e+00 0.000000e+00 0.000000e+00 0.000000e+00
SPEC p sel0 meanpt 0.5726 yield 0.05497 8.063850e-02 7.801118e-02 7.833455e-02 6.911872e-02 6.655877e-02 5.616585e-02 5.410102e-02 4.571536e-02 3.923147e-02 3.331484e-02 2.846744e-02 2.317138e-02 1.986254e-02 1.632531e-02 1.344324e-02 1.153934e-02 8.910840e-03 7.604791e-03 5.866406e-03 4.928168e-03 3.549100e-03 2.777721e-03 2.506059e-03 2.167216e-03 1.794167e-03 1.295827e-03 1.052453e-03 9.590636e-04 7.445845e-04 6.782390e-04 6.659411e-04 4.330747e-04 4.197493e-04 3.800715e-04 3.251198e-04 2.134875e-04 2.491663e-04 1.455131e-04 1.811040e-04 1.458201e-04 1.122786e-04 6.574387e-05 7.846294e-05 5.575214e-05 5.449928e-05 7.328956e-05 5.215523e-05 3.191077e-05 1.875169e-05 3.674573e-05 2.401206e-05 1.177290e-05 1.154866e-05 3.966478e-05 5.562427e-06 1.638661e-05 2.682763e-05 1.054443e-05 1.554627e-05 1.018999e-05 1.503234e-05 0.000000e+00 4.850436e-06 1.432215e-05 4.700035e-06 4.628279e-06 4.558681e-06 0.000000e+00 0.000000e+00 4.361903e-06 4.300032e-06 4.239892e-06 0.000000e+00 0.000000e+00 0.000000e+00 4.015262e-06 0.000000e+00 0.000000e+00 3.861812e-06 0.000000e+00 7.531733e-06 0.000000e+00 0.000000e+00 0.000000e+00 3.587601e-06 0.000000e+00 0.000000e+00 0.000000e+00 0.000000e+00 0.000000e+00 0.000000e+00 0.000000e+00 0.000000e+00 0.000000e+00 0.000000e+00 0.000000e+00 0.000000e+00 0.000000e+00 0.000000e+00 0.000000e+00
SPEC p sel1 meanpt 0.5767 yield 0.09509 9.927964e-02 8.946077e-02 9.480660e-02 8.252523e-02 7.849031e-02 6.803779e-02 6.562695e-02 5.440379e-02 4.758620e-02 4.096936e-02 3.426213e-02 2.888739e-02 2.437261e-02 1.901142e-02 1.630835e-02 1.358452e-02 1.104209e-02 8.696709e-03 7.047174e-03 6.056366e-03 4.350635e-03 3.552044e-03 3.139613e-03 2.831919e-03 2.159705e-03 1.764829e-03 1.358585e-03 1.200084e-03 9.857146e-04 9.245636e-04 8.137675e-04 6.407372e-04 5.203159e-04 4.803591e-04 3.557560e-04 2.765878e-04 2.839550e-04 1.672844e-04 1.912766e-04 1.726242e-04 1.414240e-04 7.229419e-05 1.219336e-04 6.897032e-05 6.129129e-05 6.593866e-05 7.038613e-05 3.445216e-05 2.811817e-05 4.408020e-05 3.240550e-05 2.118418e-05 1.558550e-05 3.568643e-05 2.001807e-05 1.965739e-05 2.413684e-05 9.486826e-06 1.398699e-05 9.167942e-06 1.803281e-05 0.000000e+00 1.309182e-05 1.718087e-05 4.228624e-06 4.164065e-06 8.202895e-06 0.000000e+00 0.000000e+00 3.924407e-06 3.868741e-06 7.629266e-06 3.762017e-06 0.000000e+00 0.000000e+00 3.612533e-06 0.000000e+00 0.000000e+00 3.474475e-06 0.000000e+00 6.776305e-06 0.000000e+00 0.000000e+00 0.000000e+00 3.227766e-06 3.190015e-06 0.000000e+00 0.000000e+00 0.000000e+00 0.000000e+00 0.000000e+00 0.000000e+00 0.000000e+00 0.000000e+00 0.000000e+00 0.000000e+00 0.000000e+00 0.000000e+00 0.000000e+00 0.000000e+00
SPEC pbar sel0 meanpt 0.5560 yield 0.04858 8.730785e-02 7.942590e-02 7.130141e-02 6.262260e-02 6.116939e-02 5.352016e-02 4.607915e-02 4.005652e-02 3.580763e-02 3.092153e-02 2.543592e-02 2.114158e-02 1.692802e-02 1.419202e-02 1.089257e-02 1.007248e-02 6.669350e-03 5.924462e-03 5.227328e-03 4.026484e-03 3.075886e-03 2.650820e-03 2.223117e-03 1.767313e-03 1.323971e-03 1.165056e-03 1.041013e-03 8.598501e-04 7.339476e-04 5.960282e-04 4.969709e-04 4.619463e-04 3.544550e-04 2.986276e-04 1.933145e-04 1.622505e-04 1.494998e-04 9.700873e-05 1.574817e-04 6.907267e-05 9.730814e-05 5.113412e-05 7.846294e-05 4.878312e-05 2.724964e-05 1.998806e-05 5.867463e-05 3.191077e-05 5.000450e-05 1.224858e-05 1.800905e-05 5.886452e-06 5.774329e-06 5.666398e-06 5.562427e-06 0.000000e+00 1.073105e-05 0.000000e+00 1.036418e-05 5.094996e-06 1.503234e-05 0.000000e+00 4.850436e-06 4.774052e-06 4.700035e-06 9.256558e-06 0.000000e+00 4.491145e-06 0.000000e+00 4.361903e-06 4.300032e-06 0.000000e+00 0.000000e+00 4.124521e-06 0.000000e+00 4.015262e-06 0.000000e+00 0.000000e+00 0.000000e+00 0.000000e+00 0.000000e+00 0.000000e+00 0.000000e+00 0.000000e+00 0.000000e+00 0.000000e+00 0.000000e+00 0.000000e+00 0.000000e+00 0.000000e+00 0.000000e+00 0.000000e+00 0.000000e+00 0.000000e+00 0.000000e+00 0.000000e+00 0.000000e+00 0.000000e+00 0.000000e+00 0.000000e+00
SPEC pbar sel1 meanpt 0.5637 yield 0.08392 1.041891e-01 9.564302e-02 8.433314e-02 7.403113e-02 7.079281e-02 6.342590e-02 5.425553e-02 4.971255e-02 4.139326e-02 3.738059e-02 3.124893e-02 2.606506e-02 2.123057e-02 1.707190e-02 1.344921e-02 1.168410e-02 8.364219e-03 7.216087e-03 6.368994e-03 4.979368e-03 3.791838e-03 3.247583e-03 2.691096e-03 2.240001e-03 1.758935e-03 1.465343e-03 1.286539e-03 1.031477e-03 9.282943e-04 7.766334e-04 6.438600e-04 5.195167e-04 4.867472e-04 4.315090e-04 3.004162e-04 2.074408e-04 2.017575e-04 1.090985e-04 2.337825e-04 1.104795e-04 1.144861e-04 8.543859e-05 1.090985e-04 5.643026e-05 3.677478e-05 3.596654e-05 6.452062e-05 5.167824e-05 4.498907e-05 1.653008e-05 2.700458e-05 5.296044e-06 5.195167e-06 2.549030e-05 5.004519e-06 4.914347e-06 1.448210e-05 4.743413e-06 9.324658e-06 0.000000e+00 1.352461e-05 0.000000e+00 8.727880e-06 4.295217e-06 4.228624e-06 8.328130e-06 0.000000e+00 4.040685e-06 0.000000e+00 3.924407e-06 3.868741e-06 0.000000e+00 0.000000e+00 3.710833e-06 0.000000e+00 3.612533e-06 0.000000e+00 0.000000e+00 0.000000e+00 0.000000e+00 0.000000e+00 0.000000e+00 0.000000e+00 0.000000e+00 0.000000e+00 0.000000e+00 0.000000e+00 0.000000e+00 0.000000e+00 0.000000e+00 3.013771e-06 0.000000e+00 0.000000e+00 0.000000e+00 0.000000e+00 0.000000e+00 0.000000e+00 0.000000e+00 0.000000e+00 0.000000e+00
SPEC chpm sel0eta05 meanpt 0.4485 yield 2.64127 3.944496e+00 3.865838e+00 4.194221e+00 3.941889e+00 3.371633e+00 2.765399e+00 2.231042e+00 1.783045e+00 1.403909e+00 1.101084e+00 8.580624e-01 6.700008e-01 5.134890e-01 4.011648e-01 3.105680e-01 2.414363e-01 1.840153e-01 1.426877e-01 1.108751e-01 8.648235e-02 6.840298e-02 5.554878e-02 4.404466e-02 3.512696e-02 2.897270e-02 2.283509e-02 1.861012e-02 1.548722e-02 1.283664e-02 1.070384e-02 8.578712e-03 6.615456e-03 6.327021e-03 5.232318e-03 4.336396e-03 3.789830e-03 3.302283e-03 2.438961e-03 2.182696e-03 1.799727e-03 1.524744e-03 1.349941e-03 1.038564e-03 8.976095e-04 9.155880e-04 7.368932e-04 6.343380e-04 5.629059e-04 4.375394e-04 4.887182e-04 3.487752e-04 3.090387e-04 2.748581e-04 3.173183e-04 2.297282e-04 2.102948e-04 1.652582e-04 1.513125e-04 1.342161e-04 1.105614e-04 9.821131e-05 9.661438e-05 6.790611e-05 9.357141e-05 5.922044e-05 5.183672e-05 7.339476e-05 5.658842e-05 3.097906e-05 3.358665e-05 4.816036e-05 2.967924e-05 2.926987e-05 2.887165e-05 3.987775e-05 2.810683e-05 1.941760e-05 1.095260e-05 1.892288e-05 8.007796e-06 1.054443e-05 1.041505e-05 7.716603e-06 2.541396e-06 2.009056e-05 4.963897e-06 7.359766e-06 0.000000e+00 7.193444e-06 2.371023e-06 4.689648e-06 2.319198e-06 2.294125e-06 0.000000e+00 6.736717e-06 4.444117e-06 0.000000e+00 4.352956e-06 2.154382e-06 2.132730e-06
