# gen_world ours mode pt0 1.85 nev 300000 seed 20260902
SUMMARY nev 300000 nnsd 233448 dnde 3.5122 eps 0.5222 classN 24.5477 21.7538 9.4973 1.7818 meanpt_ch05 0.4679
SPEC pip sel0 meanpt 0.4122 yield 1.25447 4.813452e+00 4.454115e+00 3.752783e+00 3.053263e+00 2.393421e+00 1.858379e+00 1.430366e+00 1.120774e+00 8.559594e-01 6.515540e-01 5.202382e-01 3.913564e-01 3.024247e-01 2.336967e-01 1.782117e-01 1.403693e-01 1.072608e-01 8.309837e-02 6.634938e-02 5.192454e-02 4.105125e-02 3.216234e-02 2.597678e-02 2.043375e-02 1.719925e-02 1.370724e-02 1.156555e-02 9.733944e-03 7.945781e-03 6.206914e-03 5.367286e-03 4.677206e-03 3.395305e-03 2.995325e-03 2.530662e-03 2.237349e-03 2.009941e-03 1.681485e-03 1.503950e-03 1.550298e-03 1.062904e-03 8.838898e-04 7.917624e-04 5.296453e-04 4.496191e-04 5.663284e-04 4.824359e-04 2.999612e-04 3.500315e-04 2.694687e-04 1.980995e-04 2.413445e-04 1.559069e-04 1.926575e-04 1.724352e-04 9.285745e-05 1.126761e-04 1.001721e-04 8.809553e-05 6.113995e-05 8.017250e-05 3.943444e-05 2.425218e-05 2.864431e-05 2.820021e-05 4.165451e-05 9.117362e-06 8.982290e-06 1.327674e-05 0.000000e+00 3.010023e-05 1.271968e-05 1.254423e-05 4.124521e-06 8.138316e-06 8.030524e-06 0.000000e+00 3.911642e-06 7.723625e-06 7.626472e-06 0.000000e+00 3.719660e-06 0.000000e+00 3.630566e-06 3.587601e-06 3.545641e-06 0.000000e+00 3.464597e-06 3.425449e-06 0.000000e+00 0.000000e+00 6.626279e-06 0.000000e+00 3.242270e-06 3.207961e-06 3.174369e-06 0.000000e+00 0.000000e+00 3.077688e-06 0.000000e+00
SPEC pip sel1 meanpt 0.4139 yield 2.16745 5.799848e+00 5.368795e+00 4.547705e+00 3.655078e+00 2.895561e+00 2.249750e+00 1.733259e+00 1.351698e+00 1.028090e+00 7.877673e-01 6.263859e-01 4.744321e-01 3.668619e-01 2.808437e-01 2.149276e-01 1.701315e-01 1.310297e-01 1.012585e-01 8.061691e-02 6.372860e-02 5.021727e-02 3.976391e-02 3.193655e-02 2.573852e-02 2.128197e-02 1.690759e-02 1.437608e-02 1.190969e-02 9.587664e-03 7.802080e-03 6.875693e-03 5.800350e-03 4.363248e-03 3.850404e-03 3.335672e-03 2.688621e-03 2.398292e-03 2.079815e-03 1.940796e-03 1.774296e-03 1.272614e-03 1.163095e-03 9.303986e-04 7.021319e-04 6.189440e-04 7.491842e-04 5.747290e-04 3.903959e-04 4.385739e-04 3.525857e-04 2.700030e-04 3.071219e-04 2.077737e-04 2.293764e-04 1.751304e-04 1.326663e-04 1.254917e-04 1.233092e-04 1.258629e-04 7.333191e-05 1.081797e-04 4.877615e-05 3.054274e-05 5.582897e-05 2.959568e-05 4.579746e-05 2.050399e-05 2.020022e-05 2.388640e-05 3.923785e-06 3.481315e-05 1.907014e-05 1.880711e-05 1.113074e-05 1.098133e-05 7.223921e-06 0.000000e+00 7.037498e-06 6.947848e-06 1.029068e-05 0.000000e+00 3.346049e-06 0.000000e+00 6.531809e-06 9.681764e-06 9.568527e-06 6.305272e-06 3.116606e-06 6.162780e-06 0.000000e+00 0.000000e+00 5.960722e-06 0.000000e+00 2.916610e-06 2.885746e-06 2.855529e-06 0.000000e+00 2.796954e-06 2.768559e-06 0.000000e+00
SPEC pim sel0 meanpt 0.4125 yield 1.24115 4.834066e+00 4.422587e+00 3.716404e+00 2.987089e+00 2.368630e+00 1.837819e+00 1.428220e+00 1.102585e+00 8.512872e-01 6.482353e-01 5.088627e-01 3.802848e-01 2.970892e-01 2.296996e-01 1.814314e-01 1.355580e-01 1.069484e-01 8.263065e-02 6.603804e-02 5.099177e-02 4.118435e-02 3.343135e-02 2.569384e-02 2.097556e-02 1.761995e-02 1.424221e-02 1.178290e-02 8.311884e-03 8.020239e-03 6.504928e-03 5.864257e-03 4.648335e-03 3.740433e-03 3.167263e-03 2.486727e-03 2.211731e-03 1.877052e-03 1.641064e-03 1.496076e-03 1.120512e-03 9.506256e-04 7.816215e-04 7.703634e-04 6.202426e-04 4.223695e-04 3.930986e-04 2.998926e-04 3.893113e-04 2.437719e-04 2.265987e-04 2.101055e-04 2.413445e-04 1.559069e-04 1.473263e-04 1.223734e-04 1.256307e-04 1.341382e-04 1.001721e-04 1.347343e-04 6.113995e-05 4.509703e-05 4.929305e-05 7.275655e-05 5.251457e-05 3.290025e-05 2.776967e-05 2.735208e-05 2.694687e-05 3.097906e-05 1.744761e-05 8.600064e-06 4.239892e-06 1.254423e-05 1.649808e-05 1.627663e-05 1.606105e-05 0.000000e+00 7.823284e-06 1.158544e-05 0.000000e+00 3.765867e-06 7.439320e-06 1.102372e-05 3.630566e-06 7.175202e-06 3.545641e-06 7.009301e-06 0.000000e+00 3.425449e-06 0.000000e+00 3.349749e-06 0.000000e+00 9.831966e-06 6.484541e-06 0.000000e+00 3.174369e-06 0.000000e+00 0.000000e+00 0.000000e+00 0.000000e+00
SPEC pim sel1 meanpt 0.4141 yield 2.14436 5.755125e+00 5.346979e+00 4.489455e+00 3.607160e+00 2.862473e+00 2.220051e+00 1.712911e+00 1.328500e+00 1.031138e+00 7.848106e-01 6.102315e-01 4.653974e-01 3.608188e-01 2.798741e-01 2.193097e-01 1.655219e-01 1.290133e-01 9.904574e-02 8.064639e-02 6.224621e-02 5.054983e-02 4.075325e-02 3.160931e-02 2.583136e-02 2.207225e-02 1.746369e-02 1.447899e-02 1.037263e-02 9.779035e-03 7.820568e-03 6.974045e-03 5.878265e-03 4.631756e-03 3.939948e-03 3.130157e-03 2.719349e-03 2.293694e-03 2.094359e-03 1.777882e-03 1.456717e-03 1.259147e-03 9.988159e-04 1.000981e-03 7.272081e-04 5.637905e-04 4.555040e-04 3.987915e-04 4.879949e-04 3.429873e-04 2.589302e-04 2.862032e-04 2.488746e-04 1.869964e-04 1.936956e-04 1.701267e-04 1.375799e-04 1.882375e-04 1.517652e-04 1.258629e-04 8.249840e-05 4.958237e-05 8.424972e-05 8.726497e-05 6.441804e-05 4.227954e-05 3.330724e-05 2.460478e-05 2.828031e-05 4.379173e-05 2.354271e-05 1.934064e-05 7.628057e-06 2.256853e-05 1.484098e-05 2.928355e-05 1.805980e-05 7.129491e-06 7.037498e-06 1.389570e-05 3.430227e-06 6.775231e-06 1.003815e-05 1.652746e-05 3.265905e-06 6.454510e-06 3.189509e-06 9.457909e-06 0.000000e+00 3.081390e-06 0.000000e+00 3.013293e-06 0.000000e+00 8.844423e-06 5.833220e-06 0.000000e+00 2.855529e-06 0.000000e+00 0.000000e+00 2.768559e-06 0.000000e+00
SPEC kp sel0 meanpt 0.5326 yield 0.13679 2.819316e-01 2.433302e-01 2.249390e-01 2.103011e-01 1.917270e-01 1.644739e-01 1.457929e-01 1.206546e-01 1.002186e-01 8.475499e-02 6.793498e-02 5.301211e-02 4.440574e-02 3.631091e-02 2.906080e-02 2.362632e-02 1.857497e-02 1.389304e-02 1.214248e-02 1.005844e-02 8.148142e-03 6.641150e-03 5.200746e-03 4.476334e-03 3.365609e-03 2.948304e-03 2.390899e-03 2.314981e-03 2.074200e-03 1.407860e-03 1.312003e-03 8.084061e-04 9.421040e-04 8.777842e-04 4.744992e-04 5.465280e-04 5.398602e-04 3.556987e-04 3.858302e-04 2.762907e-04 2.395277e-04 2.118413e-04 2.567878e-04 1.881635e-04 1.362482e-04 9.327762e-05 1.043105e-04 8.296799e-05 1.062596e-04 9.798861e-05 3.001508e-05 7.652387e-05 4.619463e-05 5.099758e-05 1.668728e-05 3.277322e-05 2.146211e-05 1.581664e-05 3.109254e-05 1.018999e-05 1.503234e-05 9.858610e-06 4.850436e-06 1.909621e-05 0.000000e+00 9.256558e-06 9.117362e-06 1.347343e-05 0.000000e+00 1.308571e-05 4.300032e-06 1.271968e-05 4.181411e-06 4.124521e-06 8.138316e-06 4.015262e-06 3.962775e-06 3.911642e-06 3.861812e-06 0.000000e+00 3.765867e-06 0.000000e+00 7.349146e-06 3.630566e-06 3.587601e-06 0.000000e+00 0.000000e+00 0.000000e+00 0.000000e+00 0.000000e+00 0.000000e+00 0.000000e+00 0.000000e+00 0.000000e+00 0.000000e+00 0.000000e+00 0.000000e+00 0.000000e+00 0.000000e+00 0.000000e+00
SPEC kp sel1 meanpt 0.5341 yield 0.23596 3.441512e-01 2.894288e-01 2.720485e-01 2.524451e-01 2.337974e-01 1.964949e-01 1.752432e-01 1.439872e-01 1.210160e-01 1.014742e-01 8.233034e-02 6.452391e-02 5.318800e-02 4.387489e-02 3.541378e-02 2.763977e-02 2.307233e-02 1.725041e-02 1.471122e-02 1.211081e-02 1.001685e-02 8.066936e-03 6.714555e-03 5.442456e-03 4.151765e-03 3.550487e-03 3.004879e-03 2.717114e-03 2.478249e-03 1.691683e-03 1.671983e-03 1.082155e-03 1.183112e-03 1.058251e-03 6.007371e-04 7.297687e-04 6.425332e-04 3.926924e-04 4.745741e-04 3.175782e-04 2.693363e-04 2.299905e-04 2.630782e-04 2.131472e-04 1.593321e-04 1.678172e-04 1.172916e-04 9.759898e-05 1.180776e-04 1.156922e-04 4.320048e-05 7.942807e-05 5.194343e-05 7.136154e-05 2.001490e-05 4.422211e-05 2.895961e-05 1.897065e-05 2.330795e-05 9.166488e-06 1.802995e-05 1.773678e-05 8.726497e-06 2.576722e-05 4.227954e-06 8.326810e-06 8.201595e-06 1.616018e-05 3.981066e-06 1.177135e-05 3.868128e-06 1.144209e-05 3.761421e-06 3.710245e-06 7.320887e-06 3.611961e-06 3.564746e-06 3.518749e-06 3.473924e-06 3.430227e-06 3.387615e-06 0.000000e+00 6.610983e-06 3.265905e-06 6.454510e-06 0.000000e+00 0.000000e+00 0.000000e+00 0.000000e+00 0.000000e+00 3.013293e-06 0.000000e+00 0.000000e+00 0.000000e+00 0.000000e+00 0.000000e+00 0.000000e+00 0.000000e+00 0.000000e+00 0.000000e+00
SPEC km sel0 meanpt 0.5299 yield 0.13360 2.625299e-01 2.407029e-01 2.226350e-01 2.051042e-01 1.852597e-01 1.642534e-01 1.406160e-01 1.188357e-01 9.968360e-02 8.485073e-02 6.819483e-02 5.274850e-02 4.215029e-02 3.521058e-02 2.728370e-02 2.284399e-02 1.772981e-02 1.391036e-02 1.135592e-02 9.110114e-03 8.296021e-03 5.795143e-03 5.039064e-03 4.295732e-03 3.625454e-03 2.437107e-03 2.539615e-03 2.094507e-03 1.552991e-03 1.274267e-03 1.441216e-03 1.174114e-03 9.700873e-04 5.701073e-04 5.623694e-04 6.063045e-04 3.903605e-04 4.527074e-04 4.252006e-04 2.839654e-04 2.994097e-04 2.118413e-04 1.783249e-04 1.393804e-04 1.430606e-04 1.199284e-04 8.475225e-05 9.573230e-05 6.875619e-05 5.511860e-05 6.603317e-05 6.475097e-05 2.887165e-05 4.533118e-05 7.231155e-05 1.638661e-05 2.682763e-05 1.054443e-05 1.554627e-05 3.056998e-05 3.006469e-05 1.971722e-05 4.850436e-06 1.909621e-05 0.000000e+00 0.000000e+00 1.367604e-05 8.982290e-06 4.425581e-06 4.361903e-06 8.600064e-06 4.239892e-06 4.181411e-06 0.000000e+00 8.138316e-06 4.015262e-06 0.000000e+00 3.911642e-06 0.000000e+00 0.000000e+00 0.000000e+00 0.000000e+00 3.674573e-06 0.000000e+00 0.000000e+00 0.000000e+00 0.000000e+00 3.464597e-06 0.000000e+00 0.000000e+00 0.000000e+00 0.000000e+00 0.000000e+00 3.242270e-06 0.000000e+00 0.000000e+00 3.141474e-06 0.000000e+00 0.000000e+00 0.000000e+00
SPEC km sel1 meanpt 0.5327 yield 0.22987 2.912468e-01 2.908832e-01 2.722667e-01 2.455106e-01 2.177382e-01 1.974370e-01 1.682787e-01 1.426782e-01 1.205668e-01 1.027947e-01 8.059024e-02 6.447648e-02 5.076640e-02 4.211747e-02 3.326977e-02 2.660174e-02 2.165097e-02 1.714133e-02 1.404789e-02 1.111789e-02 1.025629e-02 7.102963e-03 6.011587e-03 5.198764e-03 4.674909e-03 3.240354e-03 3.128367e-03 2.449369e-03 2.047665e-03 1.543776e-03 1.618336e-03 1.402473e-03 1.199893e-03 7.000735e-04 7.509214e-04 6.683145e-04 4.706929e-04 5.163177e-04 5.454061e-04 4.142325e-04 3.164702e-04 2.562751e-04 2.053293e-04 2.131472e-04 1.777166e-04 1.438434e-04 1.231562e-04 1.263046e-04 8.434114e-05 6.610983e-05 6.480072e-05 7.942807e-05 4.155475e-05 4.077802e-05 7.505588e-05 3.439498e-05 2.895961e-05 1.897065e-05 1.864636e-05 3.208271e-05 3.155242e-05 2.217098e-05 4.363248e-06 2.147268e-05 4.227954e-06 0.000000e+00 1.230239e-05 8.080090e-06 3.981066e-06 3.923785e-06 1.547251e-05 3.814028e-06 7.522842e-06 3.710245e-06 7.320887e-06 3.611961e-06 0.000000e+00 7.037498e-06 0.000000e+00 3.430227e-06 0.000000e+00 0.000000e+00 3.305491e-06 0.000000e+00 0.000000e+00 0.000000e+00 0.000000e+00 3.116606e-06 0.000000e+00 0.000000e+00 0.000000e+00 0.000000e+00 0.000000e+00 2.916610e-06 0.000000e+00 0.000000e+00 2.825938e-06 0.000000e+00 0.000000e+00 0.000000e+00
SPEC p sel0 meanpt 0.6112 yield 0.07733 1.000402e-01 9.781713e-02 9.191577e-02 9.042599e-02 8.124481e-02 7.584319e-02 6.846577e-02 6.063045e-02 5.635066e-02 4.668545e-02 3.877462e-02 3.274045e-02 2.820529e-02 2.250064e-02 1.864909e-02 1.580303e-02 1.317334e-02 1.080954e-02 9.553393e-03 7.446664e-03 6.551047e-03 5.047838e-03 3.812982e-03 3.612027e-03 3.019149e-03 2.579766e-03 2.299381e-03 1.752771e-03 1.595538e-03 1.161227e-03 1.172851e-03 6.351762e-04 7.462210e-04 6.967978e-04 4.305641e-04 5.209095e-04 3.737494e-04 3.233624e-04 2.677189e-04 2.762907e-04 2.021015e-04 1.753170e-04 1.355269e-04 1.533184e-04 1.703103e-04 9.994031e-05 5.867463e-05 7.658584e-05 6.250562e-05 4.287002e-05 6.003015e-05 3.531871e-05 3.464597e-05 2.266559e-05 2.781214e-05 3.277322e-05 5.365527e-06 2.108885e-05 1.036418e-05 1.528499e-05 1.002156e-05 4.929305e-06 9.700873e-06 9.548103e-06 1.880014e-05 1.388484e-05 4.558681e-06 1.347343e-05 8.851161e-06 0.000000e+00 0.000000e+00 4.239892e-06 8.362821e-06 8.249041e-06 0.000000e+00 0.000000e+00 3.962775e-06 3.911642e-06 3.861812e-06 0.000000e+00 0.000000e+00 0.000000e+00 3.674573e-06 0.000000e+00 0.000000e+00 0.000000e+00 0.000000e+00 0.000000e+00 3.425449e-06 0.000000e+00 0.000000e+00 0.000000e+00 3.277322e-06 0.000000e+00 0.000000e+00 0.000000e+00 0.000000e+00 0.000000e+00 0.000000e+00 0.000000e+00
SPEC p sel1 meanpt 0.6146 yield 0.13505 1.145353e-01 1.228982e-01 1.118082e-01 1.107174e-01 1.033241e-01 9.212404e-02 8.336322e-02 7.319349e-02 6.586580e-02 5.715281e-02 4.719061e-02 3.941152e-02 3.422968e-02 2.781571e-02 2.380980e-02 1.956424e-02 1.578372e-02 1.318324e-02 1.149775e-02 8.782436e-03 7.515962e-03 6.189725e-03 5.005616e-03 4.421270e-03 3.962542e-03 3.176188e-03 2.788774e-03 2.260956e-03 1.904137e-03 1.516044e-03 1.314339e-03 8.830384e-04 8.642588e-04 9.117236e-04 6.402593e-04 6.990416e-04 4.781642e-04 4.726853e-04 3.329102e-04 3.520976e-04 2.558695e-04 1.971347e-04 1.796632e-04 1.692640e-04 2.083574e-04 1.138760e-04 9.383330e-05 9.185786e-05 7.871840e-05 4.407322e-05 8.640096e-05 4.236164e-05 5.713778e-05 3.568077e-05 3.502608e-05 3.930855e-05 1.447981e-05 3.319863e-05 2.796954e-05 2.291622e-05 9.014976e-06 1.773678e-05 2.181624e-05 8.589072e-06 2.113977e-05 8.326810e-06 4.100797e-06 1.616018e-05 1.194320e-05 0.000000e+00 0.000000e+00 3.814028e-06 1.128426e-05 7.420491e-06 3.660443e-06 0.000000e+00 3.564746e-06 7.037498e-06 3.473924e-06 0.000000e+00 0.000000e+00 0.000000e+00 3.305491e-06 0.000000e+00 0.000000e+00 0.000000e+00 0.000000e+00 0.000000e+00 3.081390e-06 0.000000e+00 0.000000e+00 0.000000e+00 2.948141e-06 0.000000e+00 2.885746e-06 0.000000e+00 0.000000e+00 0.000000e+00 2.768559e-06 0.000000e+00
SPEC pbar sel0 meanpt 0.6067 yield 0.06313 9.276460e-02 8.023430e-02 8.197237e-02 7.682745e-02 6.905135e-02 6.316591e-02 5.769221e-02 4.935319e-02 4.283363e-02 3.506993e-02 3.320239e-02 2.688829e-02 2.301532e-02 1.744810e-02 1.513671e-02 1.281063e-02 1.107884e-02 8.592202e-03 7.341201e-03 6.125231e-03 5.027891e-03 3.948030e-03 3.206677e-03 2.941222e-03 2.660316e-03 2.104233e-03 1.544361e-03 1.245680e-03 1.329615e-03 1.037911e-03 7.951535e-04 8.661494e-04 6.995822e-04 4.524661e-04 4.569252e-04 4.525935e-04 3.737494e-04 3.071943e-04 2.834671e-04 1.841938e-04 1.796458e-04 1.095731e-04 1.497929e-04 7.665920e-05 1.158110e-04 5.330150e-05 6.519404e-05 3.829292e-05 6.250562e-05 3.674573e-05 4.202111e-05 3.531871e-05 1.154866e-05 2.266559e-05 2.781214e-05 1.638661e-05 5.365527e-06 1.581664e-05 1.554627e-05 2.037998e-05 1.002156e-05 4.929305e-06 9.700873e-06 4.774052e-06 1.880014e-05 4.628279e-06 9.117362e-06 4.491145e-06 8.851161e-06 4.361903e-06 0.000000e+00 0.000000e+00 0.000000e+00 0.000000e+00 0.000000e+00 4.015262e-06 0.000000e+00 3.911642e-06 0.000000e+00 3.813236e-06 0.000000e+00 0.000000e+00 0.000000e+00 0.000000e+00 0.000000e+00 0.000000e+00 0.000000e+00 0.000000e+00 0.000000e+00 0.000000e+00 0.000000e+00 0.000000e+00 0.000000e+00 0.000000e+00 0.000000e+00 0.000000e+00 0.000000e+00 0.000000e+00 0.000000e+00 0.000000e+00
SPEC pbar sel1 meanpt 0.6117 yield 0.11005 1.145353e-01 9.308263e-02 9.719136e-02 9.396567e-02 8.308352e-02 7.734850e-02 6.926657e-02 5.977650e-02 5.190982e-02 4.354637e-02 3.971076e-02 3.241609e-02 2.809932e-02 2.292725e-02 1.856261e-02 1.520099e-02 1.371779e-02 1.022247e-02 8.755978e-03 7.411929e-03 6.052677e-03 4.946706e-03 3.975404e-03 3.620568e-03 3.261306e-03 2.555923e-03 1.965520e-03 1.675884e-03 1.703198e-03 1.331161e-03 1.090812e-03 1.030211e-03 9.313857e-04 5.779676e-04 5.691194e-04 5.377243e-04 5.005782e-04 3.926924e-04 2.974942e-04 2.623472e-04 2.087357e-04 1.445655e-04 1.989128e-04 1.128426e-04 1.593321e-04 8.990210e-05 1.055625e-04 5.167005e-05 6.747291e-05 4.407322e-05 5.400060e-05 3.706643e-05 1.558303e-05 2.548626e-05 4.002980e-05 1.474070e-05 4.826602e-06 2.371331e-05 1.398477e-05 2.749947e-05 1.352246e-05 8.868391e-06 1.308975e-05 4.294536e-06 2.113977e-05 4.163405e-06 8.201595e-06 4.040045e-06 1.194320e-05 3.923785e-06 0.000000e+00 0.000000e+00 0.000000e+00 0.000000e+00 0.000000e+00 3.611961e-06 0.000000e+00 3.518749e-06 0.000000e+00 3.430227e-06 0.000000e+00 0.000000e+00 0.000000e+00 0.000000e+00 0.000000e+00 0.000000e+00 0.000000e+00 0.000000e+00 0.000000e+00 0.000000e+00 0.000000e+00 0.000000e+00 0.000000e+00 0.000000e+00 2.885746e-06 0.000000e+00 0.000000e+00 0.000000e+00 0.000000e+00 0.000000e+00
SPEC chpm sel0eta05 meanpt 0.4679 yield 3.51220 5.200759e+00 4.940028e+00 5.404308e+00 5.040028e+00 4.348349e+00 3.564453e+00 2.866487e+00 2.303460e+00 1.819310e+00 1.424733e+00 1.141752e+00 8.808972e-01 6.943060e-01 5.415827e-01 4.266523e-01 3.340132e-01 2.633162e-01 2.032939e-01 1.661406e-01 1.315572e-01 1.068383e-01 8.515900e-02 6.785895e-02 5.611284e-02 4.683270e-02 3.776445e-02 3.151868e-02 2.497864e-02 2.175676e-02 1.742971e-02 1.570329e-02 1.274587e-02 1.045362e-02 8.798655e-03 7.184270e-03 6.431952e-03 5.412722e-03 4.832651e-03 4.343345e-03 3.631687e-03 2.887058e-03 2.428871e-03 2.176990e-03 1.731801e-03 1.530749e-03 1.385173e-03 1.140896e-03 9.962541e-04 8.925803e-04 7.116423e-04 6.219124e-04 6.304390e-04 4.365393e-04 4.878768e-04 4.360943e-04 3.288246e-04 2.967136e-04 3.063156e-04 2.756872e-04 1.961574e-04 1.788849e-04 1.518226e-04 1.324169e-04 1.436990e-04 1.019908e-04 8.099488e-05 6.382153e-05 7.545123e-05 8.674138e-05 3.663999e-05 6.020045e-05 3.858302e-05 4.683180e-05 3.175881e-05 4.557457e-05 3.372820e-05 1.386971e-05 3.285779e-05 2.703269e-05 1.868486e-05 7.908320e-06 1.041505e-05 2.314981e-05 1.016559e-05 1.757924e-05 1.240974e-05 1.226628e-05 7.275655e-06 9.591258e-06 0.000000e+00 4.689648e-06 4.638395e-06 9.176501e-06 9.078357e-06 6.736717e-06 4.444117e-06 2.199032e-06 2.176478e-06 6.463145e-06 0.000000e+00
