# gen_world scan_p2.60_s0.380_k0.217_q0.110 mode set MultipartonInteractions:pT0Ref=2.60;StringPT:sigma=0.380;StringFlav:probStoUD=0.217;StringFlav:probQQtoQ=0.110 nev 100000 seed 20260925
SUMMARY nev 100000 nnsd 78071 dnde 2.1027 eps 0.5059 classN 17.0721 15.3985 7.1779 1.1222 meanpt_ch05 0.4625
SPEC pip sel0 meanpt 0.4072 yield 0.74288 2.943002e+00 2.718670e+00 2.271096e+00 1.778378e+00 1.416934e+00 1.088868e+00 8.462146e-01 6.573554e-01 4.912137e-01 3.883859e-01 3.174437e-01 2.372496e-01 1.821096e-01 1.373617e-01 1.110792e-01 8.801195e-02 6.575648e-02 5.056580e-02 3.977030e-02 2.970892e-02 2.457752e-02 1.810454e-02 1.345996e-02 1.211319e-02 9.168810e-03 7.560974e-03 6.074485e-03 4.563820e-03 3.414452e-03 2.867101e-03 2.862553e-03 1.847785e-03 1.874880e-03 1.194510e-03 1.318053e-03 1.178451e-03 1.146165e-03 8.973307e-04 5.669341e-04 6.446783e-04 4.491145e-04 3.944632e-04 2.781868e-04 2.717917e-04 2.656840e-04 3.597851e-04 2.346985e-04 1.914646e-04 9.375843e-05 9.186433e-05 9.004523e-05 1.059561e-04 0.000000e+00 5.099758e-05 6.674912e-05 3.277322e-05 4.828974e-05 9.489984e-05 7.773135e-05 3.056998e-05 4.509703e-05 5.915166e-05 4.365393e-05 4.296646e-05 1.410011e-05 2.776967e-05 2.735208e-05 1.347343e-05 1.327674e-05 0.000000e+00 1.290010e-05 0.000000e+00 1.254423e-05 1.237356e-05 1.220747e-05 0.000000e+00 0.000000e+00 1.173493e-05 0.000000e+00 0.000000e+00 2.259520e-05 0.000000e+00 0.000000e+00 0.000000e+00 0.000000e+00 0.000000e+00 1.051395e-05 0.000000e+00 0.000000e+00 0.000000e+00 0.000000e+00 0.000000e+00 0.000000e+00 0.000000e+00 0.000000e+00 9.523108e-06 0.000000e+00 0.000000e+00 0.000000e+00 0.000000e+00
SPEC pip sel1 meanpt 0.4093 yield 1.25527 3.447667e+00 3.198144e+00 2.696487e+00 2.094974e+00 1.657149e+00 1.282460e+00 9.998511e-01 7.721644e-01 5.811667e-01 4.612798e-01 3.757223e-01 2.788085e-01 2.154711e-01 1.654431e-01 1.315384e-01 1.035868e-01 7.759006e-02 6.201980e-02 4.791243e-02 3.642285e-02 2.943528e-02 2.313565e-02 1.663491e-02 1.467786e-02 1.178223e-02 8.506126e-03 6.769665e-03 5.159492e-03 4.091491e-03 3.482883e-03 3.475633e-03 2.407480e-03 2.258133e-03 1.606532e-03 1.701781e-03 1.332263e-03 1.362785e-03 1.108994e-03 6.565856e-04 6.812511e-04 6.040274e-04 4.322798e-04 3.837350e-04 3.374222e-04 3.848129e-04 4.121989e-04 2.981167e-04 1.888380e-04 1.681313e-04 9.884084e-05 9.688360e-05 1.266698e-04 3.106426e-05 4.572544e-05 5.984858e-05 4.407767e-05 7.216256e-05 1.134521e-04 9.757365e-05 2.740964e-05 5.391319e-05 5.303655e-05 3.914097e-05 3.852458e-05 1.264243e-05 2.489884e-05 3.678663e-05 2.416109e-05 1.190419e-05 0.000000e+00 2.313296e-05 2.280942e-05 1.124741e-05 3.328314e-05 2.189092e-05 1.080049e-05 0.000000e+00 1.052177e-05 0.000000e+00 0.000000e+00 2.025930e-05 0.000000e+00 0.000000e+00 0.000000e+00 0.000000e+00 0.000000e+00 9.427017e-06 0.000000e+00 0.000000e+00 0.000000e+00 0.000000e+00 0.000000e+00 0.000000e+00 0.000000e+00 0.000000e+00 1.707721e-05 0.000000e+00 0.000000e+00 0.000000e+00 0.000000e+00
SPEC pim sel0 meanpt 0.4064 yield 0.73665 2.862970e+00 2.704118e+00 2.220894e+00 1.782016e+00 1.420369e+00 1.065222e+00 8.431364e-01 6.454718e-01 5.004152e-01 3.916408e-01 3.047980e-01 2.320301e-01 1.837830e-01 1.447047e-01 1.063124e-01 8.572364e-02 6.520530e-02 4.937051e-02 3.863962e-02 2.844967e-02 2.351279e-02 1.772383e-02 1.616812e-02 1.164879e-02 9.057447e-03 6.812010e-03 6.177443e-03 4.596891e-03 3.159166e-03 3.514511e-03 2.832734e-03 2.511833e-03 1.399164e-03 1.493138e-03 8.699152e-04 9.991216e-04 7.225821e-04 7.760698e-04 7.559122e-04 5.295571e-04 3.368359e-04 5.259509e-04 2.995858e-04 4.599552e-04 1.839351e-04 1.599045e-04 1.955821e-04 1.723181e-04 5.625506e-05 1.653558e-04 1.440724e-04 1.412748e-04 8.661494e-05 5.099758e-05 6.674912e-05 1.638661e-05 1.609658e-05 1.581664e-05 0.000000e+00 1.528499e-05 4.509703e-05 2.957583e-05 0.000000e+00 2.864431e-05 1.410011e-05 5.553935e-05 0.000000e+00 1.347343e-05 0.000000e+00 0.000000e+00 1.290010e-05 3.815903e-05 2.508846e-05 1.237356e-05 0.000000e+00 0.000000e+00 0.000000e+00 0.000000e+00 0.000000e+00 1.143971e-05 0.000000e+00 0.000000e+00 1.102372e-05 0.000000e+00 0.000000e+00 0.000000e+00 0.000000e+00 0.000000e+00 0.000000e+00 0.000000e+00 0.000000e+00 0.000000e+00 0.000000e+00 0.000000e+00 0.000000e+00 0.000000e+00 0.000000e+00 0.000000e+00 0.000000e+00 0.000000e+00
SPEC pim sel1 meanpt 0.4087 yield 1.24019 3.348184e+00 3.151392e+00 2.629947e+00 2.097770e+00 1.659505e+00 1.253845e+00 9.732553e-01 7.567255e-01 5.946934e-01 4.654857e-01 3.570061e-01 2.751213e-01 2.158625e-01 1.684632e-01 1.290640e-01 1.020085e-01 7.867731e-02 5.950360e-02 4.659010e-02 3.529378e-02 2.824196e-02 2.059452e-02 1.953424e-02 1.405327e-02 1.065060e-02 8.442171e-03 7.046606e-03 6.019407e-03 3.748149e-03 4.035722e-03 3.368690e-03 2.951105e-03 1.630874e-03 2.020336e-03 1.134521e-03 1.171473e-03 8.266073e-04 9.567793e-04 9.742883e-04 6.812511e-04 5.637589e-04 6.287707e-04 3.453615e-04 4.873876e-04 1.649198e-04 1.792169e-04 2.455079e-04 1.545038e-04 6.725253e-05 1.812082e-04 1.291781e-04 1.741710e-04 1.087249e-04 4.572544e-05 8.977287e-05 1.469256e-05 4.329754e-05 1.418151e-05 0.000000e+00 4.111447e-05 4.043489e-05 3.977741e-05 0.000000e+00 3.852458e-05 2.528487e-05 4.979768e-05 0.000000e+00 2.416109e-05 1.190419e-05 0.000000e+00 1.156648e-05 3.421414e-05 3.374222e-05 2.218876e-05 0.000000e+00 0.000000e+00 0.000000e+00 0.000000e+00 1.038773e-05 1.025707e-05 0.000000e+00 1.000536e-05 9.884084e-06 0.000000e+00 0.000000e+00 0.000000e+00 0.000000e+00 0.000000e+00 0.000000e+00 0.000000e+00 0.000000e+00 0.000000e+00 0.000000e+00 0.000000e+00 0.000000e+00 0.000000e+00 0.000000e+00 0.000000e+00 0.000000e+00 0.000000e+00
SPEC kp sel0 meanpt 0.5253 yield 0.08215 1.273240e-01 1.479383e-01 1.295067e-01 1.135522e-01 1.121663e-01 9.772527e-02 8.982635e-02 7.615185e-02 6.034513e-02 4.930213e-02 4.564607e-02 3.392669e-02 2.917537e-02 2.378061e-02 1.806369e-02 1.478601e-02 1.179538e-02 9.354413e-03 7.373974e-03 6.342878e-03 4.125828e-03 3.891629e-03 2.869842e-03 1.973715e-03 1.781793e-03 1.676254e-03 1.029574e-03 1.190562e-03 6.063045e-04 1.017358e-03 6.261834e-04 5.485613e-04 4.197493e-04 3.800715e-04 1.581664e-04 2.561850e-04 3.239161e-04 1.455131e-04 1.653558e-04 1.151211e-04 1.347343e-04 0.000000e+00 8.559594e-05 6.272116e-05 4.087446e-05 5.996419e-05 1.955821e-05 0.000000e+00 1.125101e-04 5.511860e-05 5.402714e-05 0.000000e+00 3.464597e-05 3.399839e-05 3.337456e-05 0.000000e+00 0.000000e+00 0.000000e+00 3.109254e-05 1.528499e-05 0.000000e+00 1.478792e-05 0.000000e+00 1.432215e-05 0.000000e+00 0.000000e+00 2.735208e-05 0.000000e+00 0.000000e+00 0.000000e+00 0.000000e+00 0.000000e+00 0.000000e+00 0.000000e+00 1.220747e-05 0.000000e+00 0.000000e+00 0.000000e+00 0.000000e+00 0.000000e+00 1.129760e-05 0.000000e+00 0.000000e+00 0.000000e+00 0.000000e+00 0.000000e+00 1.051395e-05 0.000000e+00 0.000000e+00 0.000000e+00 0.000000e+00 0.000000e+00 0.000000e+00 0.000000e+00 0.000000e+00 0.000000e+00 0.000000e+00 0.000000e+00 0.000000e+00 0.000000e+00
SPEC kp sel1 meanpt 0.5298 yield 0.13762 1.663491e-01 1.625438e-01 1.519974e-01 1.369934e-01 1.281142e-01 1.126786e-01 1.046268e-01 8.687122e-02 7.214219e-02 5.914064e-02 5.133370e-02 3.878644e-02 3.477023e-02 2.730204e-02 2.114512e-02 1.772918e-02 1.403540e-02 1.034440e-02 9.080001e-03 7.694379e-03 5.369951e-03 4.437494e-03 3.877856e-03 2.741256e-03 2.229970e-03 2.078565e-03 1.138535e-03 1.601222e-03 8.583547e-04 1.022751e-03 8.020691e-04 6.730591e-04 4.516266e-04 4.138038e-04 1.890868e-04 3.215808e-04 3.351111e-04 1.739599e-04 1.694414e-04 1.857958e-04 2.013425e-04 9.824541e-05 9.593376e-05 5.623703e-05 5.497328e-05 7.168676e-05 5.260883e-05 0.000000e+00 1.008788e-04 4.942042e-05 6.458906e-05 0.000000e+00 3.106426e-05 3.048362e-05 2.992429e-05 0.000000e+00 0.000000e+00 0.000000e+00 2.787819e-05 1.370482e-05 1.347830e-05 1.325914e-05 0.000000e+00 1.284153e-05 0.000000e+00 0.000000e+00 2.452442e-05 0.000000e+00 0.000000e+00 0.000000e+00 0.000000e+00 0.000000e+00 0.000000e+00 0.000000e+00 1.094546e-05 0.000000e+00 1.065931e-05 0.000000e+00 0.000000e+00 0.000000e+00 1.012965e-05 0.000000e+00 0.000000e+00 0.000000e+00 0.000000e+00 0.000000e+00 9.427017e-06 0.000000e+00 0.000000e+00 0.000000e+00 0.000000e+00 0.000000e+00 0.000000e+00 0.000000e+00 0.000000e+00 0.000000e+00 0.000000e+00 0.000000e+00 0.000000e+00 8.195346e-06
SPEC km sel0 meanpt 0.5244 yield 0.07843 1.200483e-01 1.267176e-01 1.149553e-01 1.127726e-01 1.089327e-01 9.739456e-02 7.947253e-02 7.033133e-02 6.023814e-02 4.767468e-02 4.443346e-02 3.519202e-02 2.721095e-02 2.196170e-02 1.919267e-02 1.267372e-02 1.218121e-02 7.587468e-03 6.587417e-03 6.249601e-03 4.347647e-03 4.187731e-03 2.586899e-03 2.167216e-03 2.078758e-03 1.462264e-03 1.338446e-03 1.091348e-03 8.935014e-04 7.398971e-04 4.770921e-04 3.175881e-04 1.958830e-04 3.257756e-04 3.426939e-04 1.280925e-04 2.740829e-04 1.940175e-04 4.724451e-05 1.151211e-04 1.122786e-04 2.191462e-05 6.419695e-05 1.045353e-04 2.043723e-05 1.998806e-05 5.867463e-05 3.829292e-05 3.750337e-05 0.000000e+00 3.601809e-05 1.765936e-05 0.000000e+00 3.399839e-05 1.668728e-05 0.000000e+00 3.219316e-05 0.000000e+00 1.554627e-05 0.000000e+00 0.000000e+00 0.000000e+00 0.000000e+00 1.432215e-05 1.410011e-05 0.000000e+00 1.367604e-05 0.000000e+00 1.327674e-05 1.308571e-05 0.000000e+00 0.000000e+00 0.000000e+00 0.000000e+00 0.000000e+00 1.204579e-05 0.000000e+00 0.000000e+00 0.000000e+00 0.000000e+00 0.000000e+00 0.000000e+00 0.000000e+00 0.000000e+00 0.000000e+00 0.000000e+00 0.000000e+00 0.000000e+00 0.000000e+00 0.000000e+00 0.000000e+00 0.000000e+00 0.000000e+00 0.000000e+00 0.000000e+00 0.000000e+00 0.000000e+00 0.000000e+00 0.000000e+00 0.000000e+00
SPEC km sel1 meanpt 0.5264 yield 0.13261 1.516713e-01 1.538458e-01 1.425384e-01 1.341976e-01 1.246712e-01 1.117890e-01 9.622156e-02 8.328329e-02 7.214219e-02 5.665141e-02 5.040177e-02 4.169365e-02 3.118231e-02 2.627519e-02 2.249481e-02 1.409917e-02 1.398598e-02 9.738647e-03 7.669515e-03 7.778014e-03 5.131286e-03 4.702985e-03 3.442956e-03 2.602458e-03 2.629368e-03 1.758786e-03 1.538560e-03 1.423308e-03 1.001414e-03 9.398256e-04 5.881840e-04 4.141902e-04 4.014459e-04 3.894624e-04 4.018095e-04 1.607904e-04 3.574518e-04 3.261748e-04 1.270811e-04 1.238638e-04 1.208055e-04 1.964908e-05 5.756025e-05 9.372838e-05 1.832443e-05 3.584338e-05 5.260883e-05 3.433419e-05 3.362627e-05 0.000000e+00 3.229453e-05 3.166745e-05 0.000000e+00 6.096725e-05 1.496215e-05 1.469256e-05 2.886502e-05 0.000000e+00 1.393909e-05 0.000000e+00 0.000000e+00 0.000000e+00 0.000000e+00 1.284153e-05 1.264243e-05 0.000000e+00 1.226221e-05 1.208055e-05 1.190419e-05 1.173291e-05 0.000000e+00 1.140471e-05 0.000000e+00 0.000000e+00 0.000000e+00 1.080049e-05 0.000000e+00 0.000000e+00 0.000000e+00 0.000000e+00 0.000000e+00 0.000000e+00 0.000000e+00 0.000000e+00 0.000000e+00 0.000000e+00 0.000000e+00 0.000000e+00 0.000000e+00 0.000000e+00 0.000000e+00 0.000000e+00 0.000000e+00 0.000000e+00 0.000000e+00 0.000000e+00 0.000000e+00 0.000000e+00 0.000000e+00 0.000000e+00
SPEC p sel0 meanpt 0.5757 yield 0.05611 6.002415e-02 6.851241e-02 7.675816e-02 7.353608e-02 6.426828e-02 5.787452e-02 5.316824e-02 4.450275e-02 3.691325e-02 3.513375e-02 2.988215e-02 2.538571e-02 1.986254e-02 1.717863e-02 1.392410e-02 1.314312e-02 9.645754e-03 8.886692e-03 6.194138e-03 5.643296e-03 4.214556e-03 2.961022e-03 2.546479e-03 2.283317e-03 1.633310e-03 1.462264e-03 9.609355e-04 1.025206e-03 8.296799e-04 7.090680e-04 4.770921e-04 3.753314e-04 3.637827e-04 3.529235e-04 2.108885e-04 2.818035e-04 1.494998e-04 1.940175e-04 1.653558e-04 1.151211e-04 4.491145e-05 1.314877e-04 4.279797e-05 4.181411e-05 2.043723e-05 1.998806e-05 1.955821e-05 3.829292e-05 0.000000e+00 1.837287e-05 1.800905e-05 1.765936e-05 0.000000e+00 1.699919e-05 0.000000e+00 0.000000e+00 0.000000e+00 0.000000e+00 0.000000e+00 1.528499e-05 0.000000e+00 1.478792e-05 1.455131e-05 1.432215e-05 1.410011e-05 0.000000e+00 0.000000e+00 0.000000e+00 1.327674e-05 0.000000e+00 0.000000e+00 0.000000e+00 0.000000e+00 0.000000e+00 0.000000e+00 0.000000e+00 0.000000e+00 0.000000e+00 1.158544e-05 1.143971e-05 0.000000e+00 0.000000e+00 0.000000e+00 1.089170e-05 0.000000e+00 0.000000e+00 0.000000e+00 0.000000e+00 0.000000e+00 1.016153e-05 0.000000e+00 0.000000e+00 0.000000e+00 0.000000e+00 0.000000e+00 0.000000e+00 0.000000e+00 0.000000e+00 0.000000e+00 0.000000e+00
SPEC p sel1 meanpt 0.5836 yield 0.09609 8.480544e-02 8.317457e-02 8.839336e-02 8.597035e-02 7.175845e-02 6.745887e-02 6.084414e-02 5.588461e-02 4.556853e-02 4.137270e-02 3.673349e-02 3.063207e-02 2.426740e-02 2.053693e-02 1.720853e-02 1.425699e-02 1.171264e-02 1.001823e-02 7.493204e-03 6.899851e-03 5.250618e-03 3.830657e-03 2.935573e-03 2.810655e-03 1.996988e-03 1.886697e-03 1.200077e-03 1.423308e-03 1.030026e-03 8.845418e-04 7.218622e-04 4.659640e-04 5.018073e-04 5.111694e-04 2.127227e-04 3.215808e-04 2.010666e-04 2.609398e-04 2.965225e-04 1.445078e-04 6.040274e-05 1.375436e-04 9.593376e-05 7.498271e-05 7.329770e-05 3.584338e-05 1.753628e-05 6.866837e-05 1.681313e-05 3.294695e-05 1.614727e-05 1.583373e-05 0.000000e+00 1.524181e-05 0.000000e+00 0.000000e+00 0.000000e+00 0.000000e+00 0.000000e+00 1.370482e-05 0.000000e+00 1.325914e-05 1.304699e-05 2.568305e-05 1.264243e-05 1.244942e-05 0.000000e+00 0.000000e+00 1.190419e-05 0.000000e+00 0.000000e+00 0.000000e+00 0.000000e+00 0.000000e+00 1.094546e-05 0.000000e+00 0.000000e+00 0.000000e+00 1.038773e-05 1.025707e-05 0.000000e+00 0.000000e+00 0.000000e+00 9.765712e-06 0.000000e+00 0.000000e+00 0.000000e+00 0.000000e+00 0.000000e+00 9.111027e-06 0.000000e+00 0.000000e+00 0.000000e+00 0.000000e+00 0.000000e+00 0.000000e+00 0.000000e+00 0.000000e+00 0.000000e+00 0.000000e+00
SPEC pbar sel0 meanpt 0.5754 yield 0.05201 6.911872e-02 6.851241e-02 6.766359e-02 5.742570e-02 5.961995e-02 5.175636e-02 4.743167e-02 4.183501e-02 4.001610e-02 3.034714e-02 2.918923e-02 2.364588e-02 2.051735e-02 1.522498e-02 1.411226e-02 1.155890e-02 8.488264e-03 7.275655e-03 6.439937e-03 4.570603e-03 3.504736e-03 3.045623e-03 2.182696e-03 1.896314e-03 1.781793e-03 1.676254e-03 8.922973e-04 1.091348e-03 7.658584e-04 4.316066e-04 4.174556e-04 6.929195e-04 2.238663e-04 2.986276e-04 2.108885e-04 2.049480e-04 1.993330e-04 1.212609e-04 1.417335e-04 9.209689e-05 6.736717e-05 2.191462e-05 1.069949e-04 2.090705e-05 4.087446e-05 3.997612e-05 3.911642e-05 1.914646e-05 3.750337e-05 3.674573e-05 1.800905e-05 1.765936e-05 3.464597e-05 1.699919e-05 0.000000e+00 0.000000e+00 0.000000e+00 0.000000e+00 0.000000e+00 0.000000e+00 1.503234e-05 1.478792e-05 0.000000e+00 0.000000e+00 0.000000e+00 0.000000e+00 0.000000e+00 0.000000e+00 0.000000e+00 1.308571e-05 0.000000e+00 0.000000e+00 0.000000e+00 0.000000e+00 0.000000e+00 0.000000e+00 0.000000e+00 0.000000e+00 0.000000e+00 0.000000e+00 0.000000e+00 0.000000e+00 0.000000e+00 0.000000e+00 0.000000e+00 0.000000e+00 0.000000e+00 0.000000e+00 0.000000e+00 0.000000e+00 0.000000e+00 0.000000e+00 0.000000e+00 0.000000e+00 0.000000e+00 0.000000e+00 0.000000e+00 0.000000e+00 0.000000e+00 0.000000e+00
SPEC pbar sel1 meanpt 0.5794 yield 0.08731 7.991282e-02 7.502020e-02 8.089134e-02 6.919565e-02 6.994637e-02 5.871146e-02 5.494790e-02 4.925239e-02 4.518480e-02 3.751010e-02 3.354941e-02 2.715760e-02 2.341935e-02 2.005371e-02 1.608379e-02 1.273134e-02 1.027945e-02 8.480544e-03 7.669515e-03 6.063505e-03 4.335738e-03 3.716875e-03 2.645640e-03 2.533059e-03 1.996988e-03 1.854719e-03 9.539074e-04 1.126786e-03 8.583547e-04 4.975547e-04 5.079771e-04 7.766066e-04 2.759940e-04 3.894624e-04 3.072661e-04 2.297005e-04 2.010666e-04 1.304699e-04 1.906216e-04 1.238638e-04 8.053698e-05 9.824541e-05 1.151205e-04 3.749135e-05 3.664885e-05 3.584338e-05 8.768139e-05 1.716709e-05 3.362627e-05 3.294695e-05 1.614727e-05 1.583373e-05 3.106426e-05 1.524181e-05 0.000000e+00 0.000000e+00 2.886502e-05 1.418151e-05 0.000000e+00 0.000000e+00 1.347830e-05 1.325914e-05 0.000000e+00 0.000000e+00 0.000000e+00 0.000000e+00 0.000000e+00 0.000000e+00 0.000000e+00 1.173291e-05 0.000000e+00 0.000000e+00 0.000000e+00 0.000000e+00 0.000000e+00 0.000000e+00 0.000000e+00 0.000000e+00 1.038773e-05 0.000000e+00 0.000000e+00 0.000000e+00 0.000000e+00 0.000000e+00 0.000000e+00 0.000000e+00 0.000000e+00 0.000000e+00 0.000000e+00 0.000000e+00 0.000000e+00 0.000000e+00 0.000000e+00 0.000000e+00 0.000000e+00 0.000000e+00 0.000000e+00 0.000000e+00 0.000000e+00 0.000000e+00
SPEC pinc sel0 meanpt 0.5553 yield 0.07470 1.127726e-01 1.091348e-01 1.058608e-01 1.026387e-01 9.236039e-02 8.085898e-02 7.541496e-02 6.341946e-02 5.071559e-02 4.786615e-02 3.811057e-02 3.281953e-02 2.626511e-02 2.088382e-02 1.812642e-02 1.595950e-02 1.190562e-02 1.065364e-02 7.472294e-03 6.949183e-03 5.412377e-03 3.553227e-03 3.112363e-03 2.670320e-03 1.893155e-03 1.711919e-03 1.235489e-03 1.256704e-03 1.053055e-03 8.632133e-04 5.963651e-04 6.929195e-04 4.477326e-04 3.529235e-04 2.636107e-04 3.074220e-04 1.993330e-04 1.940175e-04 2.126003e-04 1.381453e-04 4.491145e-05 1.534024e-04 8.559594e-05 4.181411e-05 4.087446e-05 1.998806e-05 1.955821e-05 5.743938e-05 1.875169e-05 1.837287e-05 1.800905e-05 1.765936e-05 1.732299e-05 1.699919e-05 0.000000e+00 0.000000e+00 0.000000e+00 0.000000e+00 0.000000e+00 1.528499e-05 0.000000e+00 1.478792e-05 1.455131e-05 2.864431e-05 1.410011e-05 0.000000e+00 0.000000e+00 0.000000e+00 1.327674e-05 0.000000e+00 0.000000e+00 0.000000e+00 0.000000e+00 0.000000e+00 0.000000e+00 0.000000e+00 0.000000e+00 0.000000e+00 1.158544e-05 1.143971e-05 0.000000e+00 0.000000e+00 0.000000e+00 1.089170e-05 0.000000e+00 0.000000e+00 0.000000e+00 0.000000e+00 0.000000e+00 1.016153e-05 0.000000e+00 0.000000e+00 0.000000e+00 0.000000e+00 0.000000e+00 0.000000e+00 0.000000e+00 0.000000e+00 0.000000e+00 0.000000e+00
SPEC pinc sel1 meanpt 0.5638 yield 0.12781 1.353625e-01 1.293827e-01 1.229679e-01 1.183548e-01 1.025638e-01 9.651808e-02 8.743993e-02 7.719470e-02 6.226101e-02 5.587889e-02 4.706236e-02 3.935370e-02 3.163895e-02 2.597318e-02 2.249481e-02 1.772918e-02 1.457902e-02 1.225485e-02 9.256311e-03 8.656177e-03 6.603050e-03 4.665058e-03 3.587923e-03 3.296447e-03 2.363103e-03 2.270432e-03 1.600103e-03 1.660526e-03 1.316144e-03 9.951095e-04 8.288048e-04 7.507197e-04 6.021688e-04 5.355108e-04 3.309019e-04 3.675209e-04 2.680889e-04 3.044298e-04 3.388829e-04 1.651518e-04 6.040274e-05 1.571927e-04 1.343073e-04 9.372838e-05 9.162213e-05 5.376507e-05 1.753628e-05 8.583547e-05 3.362627e-05 3.294695e-05 1.614727e-05 1.583373e-05 1.553213e-05 1.524181e-05 0.000000e+00 0.000000e+00 0.000000e+00 0.000000e+00 0.000000e+00 1.370482e-05 0.000000e+00 1.325914e-05 1.304699e-05 3.852458e-05 1.264243e-05 1.244942e-05 0.000000e+00 0.000000e+00 1.190419e-05 0.000000e+00 0.000000e+00 0.000000e+00 0.000000e+00 0.000000e+00 1.094546e-05 0.000000e+00 0.000000e+00 0.000000e+00 1.038773e-05 1.025707e-05 0.000000e+00 0.000000e+00 0.000000e+00 9.765712e-06 0.000000e+00 0.000000e+00 0.000000e+00 0.000000e+00 0.000000e+00 9.111027e-06 0.000000e+00 0.000000e+00 0.000000e+00 0.000000e+00 0.000000e+00 0.000000e+00 0.000000e+00 0.000000e+00 0.000000e+00 0.000000e+00
SPEC pbarinc sel0 meanpt 0.5549 yield 0.07005 9.276460e-02 9.518981e-02 9.822134e-02 8.185111e-02 8.609525e-02 7.655973e-02 6.701997e-02 5.796271e-02 5.285549e-02 4.336673e-02 4.053579e-02 3.250320e-02 2.706543e-02 2.047962e-02 1.762465e-02 1.496203e-02 1.041741e-02 9.042599e-03 7.816413e-03 5.643296e-03 4.392011e-03 3.595527e-03 2.829421e-03 2.205917e-03 2.227241e-03 1.854579e-03 1.063893e-03 1.223633e-03 8.296799e-04 4.932647e-04 5.665469e-04 8.661494e-04 3.637827e-04 3.529235e-04 2.636107e-04 2.305665e-04 2.242496e-04 1.212609e-04 1.653558e-04 9.209689e-05 6.736717e-05 2.191462e-05 1.069949e-04 2.090705e-05 4.087446e-05 5.996419e-05 3.911642e-05 1.914646e-05 5.625506e-05 5.511860e-05 3.601809e-05 1.765936e-05 3.464597e-05 1.699919e-05 0.000000e+00 0.000000e+00 0.000000e+00 0.000000e+00 0.000000e+00 0.000000e+00 1.503234e-05 1.478792e-05 0.000000e+00 0.000000e+00 0.000000e+00 0.000000e+00 0.000000e+00 0.000000e+00 0.000000e+00 1.308571e-05 0.000000e+00 0.000000e+00 0.000000e+00 0.000000e+00 0.000000e+00 0.000000e+00 0.000000e+00 0.000000e+00 0.000000e+00 0.000000e+00 0.000000e+00 0.000000e+00 0.000000e+00 0.000000e+00 0.000000e+00 0.000000e+00 0.000000e+00 0.000000e+00 0.000000e+00 0.000000e+00 0.000000e+00 0.000000e+00 0.000000e+00 0.000000e+00 0.000000e+00 0.000000e+00 0.000000e+00 0.000000e+00 0.000000e+00 0.000000e+00
SPEC pbarinc sel1 meanpt 0.5571 yield 0.11776 1.125303e-01 1.049196e-01 1.177491e-01 1.018131e-01 1.007518e-01 8.658458e-02 7.941101e-02 6.914905e-02 5.986266e-02 5.287465e-02 4.628575e-02 3.729738e-02 3.098660e-02 2.579197e-02 2.018909e-02 1.641396e-02 1.260221e-02 1.039100e-02 9.476700e-03 7.778014e-03 5.449505e-03 4.475421e-03 3.334231e-03 2.949453e-03 2.496236e-03 2.078565e-03 1.107763e-03 1.334351e-03 9.441901e-04 5.528386e-04 6.951266e-04 9.578148e-04 4.014459e-04 4.381452e-04 3.781737e-04 2.526706e-04 2.234074e-04 1.522149e-04 2.118018e-04 1.445078e-04 8.053698e-05 9.824541e-05 1.151205e-04 3.749135e-05 3.664885e-05 5.376507e-05 8.768139e-05 1.716709e-05 5.043940e-05 4.942042e-05 3.229453e-05 1.583373e-05 3.106426e-05 1.524181e-05 0.000000e+00 0.000000e+00 2.886502e-05 1.418151e-05 0.000000e+00 0.000000e+00 1.347830e-05 1.325914e-05 0.000000e+00 0.000000e+00 0.000000e+00 0.000000e+00 0.000000e+00 0.000000e+00 0.000000e+00 1.173291e-05 0.000000e+00 0.000000e+00 0.000000e+00 0.000000e+00 0.000000e+00 0.000000e+00 0.000000e+00 0.000000e+00 1.038773e-05 0.000000e+00 0.000000e+00 0.000000e+00 0.000000e+00 0.000000e+00 0.000000e+00 0.000000e+00 0.000000e+00 0.000000e+00 0.000000e+00 0.000000e+00 0.000000e+00 0.000000e+00 0.000000e+00 0.000000e+00 0.000000e+00 0.000000e+00 0.000000e+00 0.000000e+00 0.000000e+00 0.000000e+00
SPEC chpm sel0eta05 meanpt 0.4625 yield 2.10265 3.032857e+00 3.049409e+00 3.250835e+00 2.973378e+00 2.586940e+00 2.084525e+00 1.703203e+00 1.361517e+00 1.079408e+00 8.674112e-01 7.068298e-01 5.445590e-01 4.318829e-01 3.382573e-01 2.696634e-01 2.142328e-01 1.646337e-01 1.291792e-01 1.019624e-01 7.978968e-02 6.338249e-02 4.876804e-02 3.966849e-02 3.183099e-02 2.515298e-02 1.959790e-02 1.532692e-02 1.349634e-02 9.515790e-03 8.891096e-03 7.722928e-03 6.345988e-03 4.446544e-03 4.161783e-03 3.229231e-03 2.905138e-03 2.581362e-03 2.427643e-03 1.918127e-03 1.514994e-03 1.273240e-03 1.089157e-03 8.837780e-04 8.780962e-04 6.008546e-04 6.576072e-04 6.023929e-04 3.752706e-04 3.412807e-04 3.215251e-04 2.899456e-04 2.966772e-04 1.697653e-04 1.784915e-04 1.518543e-04 5.735313e-05 1.239437e-04 1.107165e-04 1.088239e-04 7.489644e-05 9.470377e-05 1.035154e-04 4.074367e-05 1.102806e-04 4.935037e-05 6.803570e-05 5.743938e-05 4.715702e-05 3.717488e-05 1.831999e-05 2.709020e-05 5.342264e-05 3.512385e-05 4.330747e-05 3.418093e-05 1.686410e-05 8.321827e-06 8.214449e-06 2.432942e-05 1.601559e-05 2.372496e-05 7.811286e-06 7.716603e-06 7.624189e-06 0.000000e+00 0.000000e+00 1.471953e-05 0.000000e+00 0.000000e+00 7.113070e-06 0.000000e+00 0.000000e+00 0.000000e+00 0.000000e+00 0.000000e+00 1.333235e-05 0.000000e+00 0.000000e+00 0.000000e+00 6.398189e-06
