# gen_world scan_p2.80_s0.380_k0.217_q0.081 mode set MultipartonInteractions:pT0Ref=2.80;StringPT:sigma=0.380 nev 100000 seed 20260921
SUMMARY nev 100000 nnsd 77852 dnde 1.9438 eps 0.5078 classN 16.4012 14.8133 6.7359 0.9740 meanpt_ch05 0.4581
SPEC pip sel0 meanpt 0.4074 yield 0.69702 2.719276e+00 2.402179e+00 2.084111e+00 1.696787e+00 1.308001e+00 9.977568e-01 8.054989e-01 6.272827e-01 4.798722e-01 3.706755e-01 2.932782e-01 2.331373e-01 1.714144e-01 1.379680e-01 1.074413e-01 8.202714e-02 6.344150e-02 5.035792e-02 3.441188e-02 2.807656e-02 2.258115e-02 1.603182e-02 1.378332e-02 1.056518e-02 7.646861e-03 5.956051e-03 5.353784e-03 3.935468e-03 3.829292e-03 2.466324e-03 2.653825e-03 1.761170e-03 1.427148e-03 1.221658e-03 1.291692e-03 8.197921e-04 6.229156e-04 6.305567e-04 5.905564e-04 3.683876e-04 3.368359e-04 2.191462e-04 3.851817e-04 2.299776e-04 1.021862e-04 2.398567e-04 1.955821e-04 1.148788e-04 9.375843e-05 1.469829e-04 7.203618e-05 1.589342e-04 5.196896e-05 6.799677e-05 1.668728e-05 4.915983e-05 6.438632e-05 3.163328e-05 1.554627e-05 6.113995e-05 0.000000e+00 0.000000e+00 2.910262e-05 2.864431e-05 2.820021e-05 0.000000e+00 1.367604e-05 2.694687e-05 0.000000e+00 2.617142e-05 0.000000e+00 0.000000e+00 1.254423e-05 1.237356e-05 1.220747e-05 2.409157e-05 0.000000e+00 0.000000e+00 1.158544e-05 0.000000e+00 1.129760e-05 0.000000e+00 0.000000e+00 0.000000e+00 0.000000e+00 0.000000e+00 0.000000e+00 0.000000e+00 0.000000e+00 0.000000e+00 0.000000e+00 0.000000e+00 0.000000e+00 0.000000e+00 0.000000e+00 0.000000e+00 0.000000e+00 0.000000e+00 0.000000e+00 0.000000e+00
SPEC pip sel1 meanpt 0.4096 yield 1.16540 3.133544e+00 2.782465e+00 2.430623e+00 1.979142e+00 1.530610e+00 1.184372e+00 9.329679e-01 7.277804e-01 5.589430e-01 4.347745e-01 3.413442e-01 2.706333e-01 2.043673e-01 1.633644e-01 1.271148e-01 9.548985e-02 7.364533e-02 5.939062e-02 4.110755e-02 3.384147e-02 2.588816e-02 1.920716e-02 1.664536e-02 1.259653e-02 8.978350e-03 7.247340e-03 6.325842e-03 5.084799e-03 4.963769e-03 2.993726e-03 2.976004e-03 1.998897e-03 1.409013e-03 1.537822e-03 1.635462e-03 9.904908e-04 8.289326e-04 7.850216e-04 6.371928e-04 4.968491e-04 4.845812e-04 2.955653e-04 4.617774e-04 3.571698e-04 1.653838e-04 2.516095e-04 2.637841e-04 1.205077e-04 1.180230e-04 1.651981e-04 1.295415e-04 1.587827e-04 1.090308e-04 9.170813e-05 3.000847e-05 5.893555e-05 7.236556e-05 2.844281e-05 1.397830e-05 5.497350e-05 0.000000e+00 2.659287e-05 3.925108e-05 5.151060e-05 5.071199e-05 1.248444e-05 1.229670e-05 2.422906e-05 0.000000e+00 2.353182e-05 0.000000e+00 0.000000e+00 1.127905e-05 0.000000e+00 3.292876e-05 2.166174e-05 0.000000e+00 0.000000e+00 1.041695e-05 1.028592e-05 1.015815e-05 0.000000e+00 0.000000e+00 0.000000e+00 9.677287e-06 9.564103e-06 0.000000e+00 0.000000e+00 0.000000e+00 0.000000e+00 0.000000e+00 0.000000e+00 0.000000e+00 0.000000e+00 1.730647e-05 0.000000e+00 8.473894e-06 0.000000e+00 0.000000e+00 0.000000e+00
SPEC pim sel0 meanpt 0.4059 yield 0.68512 2.601046e+00 2.539203e+00 2.048097e+00 1.635463e+00 1.289408e+00 1.004702e+00 7.675816e-01 6.105487e-01 4.655349e-01 3.714413e-01 2.841836e-01 2.208003e-01 1.709779e-01 1.356101e-01 1.097620e-01 7.833064e-02 6.173283e-02 4.812326e-02 3.510012e-02 2.891606e-02 2.116151e-02 1.780843e-02 1.345996e-02 1.130048e-02 8.166551e-03 5.849056e-03 4.461486e-03 4.034681e-03 3.191077e-03 2.343007e-03 2.176733e-03 1.587940e-03 1.427148e-03 1.275954e-03 1.107165e-03 9.222661e-04 6.976655e-04 4.850436e-04 4.488228e-04 4.604845e-04 2.919244e-04 1.095731e-04 3.423837e-04 2.299776e-04 3.065585e-04 2.598448e-04 1.369075e-04 1.148788e-04 3.750337e-05 1.286101e-04 3.601809e-05 5.297807e-05 6.929195e-05 3.399839e-05 6.674912e-05 3.277322e-05 3.219316e-05 1.581664e-05 1.554627e-05 3.056998e-05 6.012938e-05 1.478792e-05 1.455131e-05 1.432215e-05 1.410011e-05 0.000000e+00 1.367604e-05 0.000000e+00 1.327674e-05 0.000000e+00 0.000000e+00 0.000000e+00 0.000000e+00 0.000000e+00 0.000000e+00 1.204579e-05 1.188832e-05 0.000000e+00 0.000000e+00 0.000000e+00 1.129760e-05 0.000000e+00 0.000000e+00 1.089170e-05 0.000000e+00 1.063692e-05 0.000000e+00 1.039379e-05 0.000000e+00 0.000000e+00 0.000000e+00 0.000000e+00 9.831966e-06 0.000000e+00 0.000000e+00 0.000000e+00 0.000000e+00 0.000000e+00 0.000000e+00 0.000000e+00
SPEC pim sel1 meanpt 0.4076 yield 1.14555 3.009249e+00 2.912212e+00 2.386793e+00 1.896668e+00 1.510076e+00 1.164003e+00 9.128392e-01 7.160051e-01 5.508619e-01 4.327948e-01 3.373724e-01 2.554875e-01 2.022739e-01 1.592455e-01 1.249154e-01 9.248271e-02 7.414092e-02 5.583933e-02 4.261040e-02 3.442856e-02 2.592805e-02 2.069049e-02 1.595484e-02 1.252694e-02 9.679262e-03 7.439747e-03 5.400109e-03 4.698235e-03 3.730000e-03 2.993726e-03 2.520219e-03 2.050817e-03 1.761266e-03 1.415773e-03 1.232522e-03 1.128699e-03 8.065290e-04 6.977969e-04 4.035555e-04 5.175511e-04 3.634359e-04 1.379305e-04 3.655738e-04 2.631777e-04 3.307675e-04 3.414700e-04 1.934417e-04 1.032923e-04 5.058129e-05 1.321585e-04 8.096344e-05 4.763480e-05 9.345495e-05 3.056938e-05 7.502117e-05 4.420166e-05 2.894622e-05 2.844281e-05 1.397830e-05 4.123012e-05 6.758106e-05 1.329644e-05 3.925108e-05 1.287765e-05 2.535599e-05 1.248444e-05 2.459341e-05 1.211453e-05 1.193768e-05 0.000000e+00 0.000000e+00 0.000000e+00 0.000000e+00 0.000000e+00 2.195250e-05 1.083087e-05 0.000000e+00 0.000000e+00 0.000000e+00 0.000000e+00 1.015815e-05 0.000000e+00 0.000000e+00 9.793183e-06 0.000000e+00 9.564103e-06 0.000000e+00 9.345495e-06 0.000000e+00 0.000000e+00 0.000000e+00 0.000000e+00 8.840333e-06 0.000000e+00 0.000000e+00 0.000000e+00 0.000000e+00 0.000000e+00 0.000000e+00 0.000000e+00
SPEC kp sel0 meanpt 0.5165 yield 0.07810 1.327807e-01 1.321744e-01 1.233223e-01 1.221271e-01 1.079222e-01 9.210317e-02 8.339019e-02 6.729980e-02 5.734928e-02 4.987653e-02 4.304762e-02 3.566652e-02 2.866608e-02 2.128803e-02 1.731104e-02 1.449263e-02 1.124419e-02 8.367003e-03 6.538257e-03 5.130269e-03 4.436375e-03 3.299425e-03 2.101856e-03 2.863821e-03 1.559069e-03 1.355269e-03 1.029574e-03 8.598501e-04 6.701261e-04 7.090680e-04 4.174556e-04 6.929195e-04 2.238663e-04 4.072195e-04 2.636107e-04 2.305665e-04 1.993330e-04 1.940175e-04 7.086677e-05 9.209689e-05 4.491145e-05 1.095731e-04 8.559594e-05 2.090705e-05 1.021862e-04 3.997612e-05 3.911642e-05 0.000000e+00 3.750337e-05 1.837287e-05 3.601809e-05 5.297807e-05 0.000000e+00 3.399839e-05 0.000000e+00 1.638661e-05 1.609658e-05 0.000000e+00 1.554627e-05 0.000000e+00 0.000000e+00 0.000000e+00 0.000000e+00 0.000000e+00 0.000000e+00 0.000000e+00 0.000000e+00 0.000000e+00 0.000000e+00 0.000000e+00 0.000000e+00 1.271968e-05 0.000000e+00 0.000000e+00 0.000000e+00 0.000000e+00 0.000000e+00 0.000000e+00 0.000000e+00 0.000000e+00 0.000000e+00 0.000000e+00 0.000000e+00 0.000000e+00 0.000000e+00 0.000000e+00 0.000000e+00 0.000000e+00 0.000000e+00 0.000000e+00 0.000000e+00 0.000000e+00 0.000000e+00 0.000000e+00 0.000000e+00 0.000000e+00 0.000000e+00 0.000000e+00 0.000000e+00 0.000000e+00
SPEC kp sel1 meanpt 0.5212 yield 0.13145 1.684525e-01 1.624558e-01 1.455561e-01 1.434533e-01 1.257488e-01 1.051156e-01 9.712126e-02 7.795700e-02 6.638050e-02 5.870446e-02 5.108870e-02 4.124207e-02 3.408302e-02 2.537994e-02 2.013310e-02 1.767354e-02 1.293501e-02 1.013986e-02 8.133106e-03 6.164432e-03 4.906385e-03 3.765365e-03 3.089205e-03 3.305720e-03 2.069360e-03 1.443054e-03 1.265168e-03 1.129955e-03 8.320769e-04 8.315906e-04 5.630278e-04 6.489927e-04 3.270923e-04 5.370172e-04 2.607258e-04 2.073120e-04 2.464394e-04 2.398677e-04 1.486783e-04 1.242123e-04 4.038177e-05 1.182261e-04 5.772217e-05 9.399204e-05 1.286318e-04 5.391632e-05 3.517122e-05 1.721538e-05 5.058129e-05 8.259907e-05 3.238538e-05 4.763480e-05 1.557582e-05 4.585406e-05 0.000000e+00 1.473389e-05 1.447311e-05 0.000000e+00 1.397830e-05 1.374337e-05 2.703242e-05 0.000000e+00 0.000000e+00 0.000000e+00 0.000000e+00 1.248444e-05 0.000000e+00 0.000000e+00 0.000000e+00 1.176591e-05 0.000000e+00 1.143679e-05 0.000000e+00 0.000000e+00 0.000000e+00 0.000000e+00 1.068929e-05 0.000000e+00 0.000000e+00 0.000000e+00 0.000000e+00 0.000000e+00 0.000000e+00 0.000000e+00 0.000000e+00 0.000000e+00 0.000000e+00 0.000000e+00 0.000000e+00 0.000000e+00 0.000000e+00 0.000000e+00 0.000000e+00 0.000000e+00 0.000000e+00 0.000000e+00 0.000000e+00 0.000000e+00 0.000000e+00 0.000000e+00
SPEC km sel0 meanpt 0.5210 yield 0.07297 1.327807e-01 1.400563e-01 1.102262e-01 1.145916e-01 9.134988e-02 9.011890e-02 7.961245e-02 6.014541e-02 5.734928e-02 4.576004e-02 3.577197e-02 3.305678e-02 2.706543e-02 1.913228e-02 1.637022e-02 1.343649e-02 1.014182e-02 7.327624e-03 7.275655e-03 5.410102e-03 4.569466e-03 3.553227e-03 2.384798e-03 2.283317e-03 1.410586e-03 1.034284e-03 1.441403e-03 6.614231e-04 6.382153e-04 6.474099e-04 3.578191e-04 4.908180e-04 3.637827e-04 2.714796e-04 2.108885e-04 3.074220e-04 1.494998e-04 2.182696e-04 1.889780e-04 4.604845e-05 1.571901e-04 2.191462e-05 2.139898e-05 4.181411e-05 0.000000e+00 1.998806e-05 5.867463e-05 1.914646e-05 3.750337e-05 9.186433e-05 3.601809e-05 0.000000e+00 1.732299e-05 0.000000e+00 0.000000e+00 0.000000e+00 0.000000e+00 0.000000e+00 0.000000e+00 1.528499e-05 1.503234e-05 0.000000e+00 0.000000e+00 0.000000e+00 0.000000e+00 0.000000e+00 0.000000e+00 1.347343e-05 1.327674e-05 0.000000e+00 0.000000e+00 0.000000e+00 1.254423e-05 0.000000e+00 0.000000e+00 0.000000e+00 0.000000e+00 0.000000e+00 0.000000e+00 0.000000e+00 1.129760e-05 0.000000e+00 0.000000e+00 0.000000e+00 1.076280e-05 1.063692e-05 0.000000e+00 0.000000e+00 0.000000e+00 0.000000e+00 0.000000e+00 0.000000e+00 0.000000e+00 0.000000e+00 0.000000e+00 0.000000e+00 0.000000e+00 0.000000e+00 0.000000e+00 9.140270e-06
SPEC km sel1 meanpt 0.5225 yield 0.12291 1.488270e-01 1.580946e-01 1.282202e-01 1.341078e-01 1.086673e-01 1.071971e-01 9.523419e-02 7.174225e-02 6.561087e-02 5.560569e-02 4.462474e-02 3.633569e-02 3.244756e-02 2.204844e-02 1.934356e-02 1.577429e-02 1.174559e-02 9.018402e-03 8.354115e-03 6.206367e-03 5.265388e-03 3.917501e-03 3.016518e-03 2.505388e-03 1.702215e-03 1.443054e-03 1.666319e-03 7.136560e-04 8.320769e-04 8.870300e-04 7.775145e-04 5.711136e-04 4.528971e-04 3.173284e-04 1.896187e-04 3.224854e-04 2.016322e-04 2.616739e-04 1.699181e-04 4.140409e-05 1.413362e-04 3.940871e-05 3.848145e-05 3.759682e-05 0.000000e+00 1.797211e-05 7.034243e-05 1.721538e-05 5.058129e-05 9.911888e-05 3.238538e-05 3.175654e-05 4.672747e-05 0.000000e+00 0.000000e+00 0.000000e+00 1.447311e-05 0.000000e+00 1.397830e-05 0.000000e+00 1.351621e-05 0.000000e+00 1.308369e-05 0.000000e+00 0.000000e+00 0.000000e+00 0.000000e+00 1.211453e-05 1.193768e-05 0.000000e+00 0.000000e+00 0.000000e+00 2.255809e-05 0.000000e+00 0.000000e+00 0.000000e+00 0.000000e+00 0.000000e+00 0.000000e+00 0.000000e+00 1.015815e-05 0.000000e+00 0.000000e+00 0.000000e+00 9.677287e-06 9.564103e-06 0.000000e+00 0.000000e+00 0.000000e+00 0.000000e+00 0.000000e+00 0.000000e+00 0.000000e+00 0.000000e+00 0.000000e+00 0.000000e+00 0.000000e+00 0.000000e+00 0.000000e+00 8.218400e-06
SPEC p sel0 meanpt 0.5720 yield 0.04060 4.547284e-02 4.789806e-02 5.238471e-02 4.391377e-02 4.729175e-02 4.183501e-02 4.029593e-02 3.286171e-02 2.824666e-02 2.498613e-02 2.407895e-02 1.700289e-02 1.717054e-02 1.320397e-02 1.047443e-02 7.862401e-03 7.441010e-03 5.560679e-03 4.522704e-03 3.871021e-03 2.883644e-03 2.199616e-03 2.223117e-03 1.857614e-03 1.447707e-03 7.132995e-04 5.147869e-04 4.960674e-04 5.743938e-04 4.007776e-04 3.578191e-04 2.309732e-04 1.119331e-04 2.986276e-04 5.272213e-05 2.049480e-04 1.245831e-04 1.455131e-04 9.448902e-05 9.209689e-05 6.736717e-05 4.382924e-05 2.139898e-05 4.181411e-05 2.043723e-05 0.000000e+00 3.911642e-05 7.658584e-05 5.625506e-05 1.837287e-05 0.000000e+00 0.000000e+00 1.732299e-05 0.000000e+00 0.000000e+00 1.638661e-05 0.000000e+00 1.581664e-05 0.000000e+00 0.000000e+00 0.000000e+00 0.000000e+00 0.000000e+00 0.000000e+00 1.410011e-05 1.388484e-05 0.000000e+00 0.000000e+00 0.000000e+00 0.000000e+00 0.000000e+00 0.000000e+00 0.000000e+00 0.000000e+00 1.220747e-05 0.000000e+00 0.000000e+00 0.000000e+00 0.000000e+00 0.000000e+00 0.000000e+00 0.000000e+00 0.000000e+00 0.000000e+00 0.000000e+00 0.000000e+00 0.000000e+00 0.000000e+00 0.000000e+00 0.000000e+00 0.000000e+00 0.000000e+00 0.000000e+00 0.000000e+00 0.000000e+00 0.000000e+00 0.000000e+00 0.000000e+00 0.000000e+00 0.000000e+00
SPEC p sel1 meanpt 0.5743 yield 0.06799 5.887662e-02 6.051208e-02 5.789534e-02 5.186750e-02 5.506054e-02 4.891517e-02 4.654775e-02 3.968720e-02 3.338266e-02 2.831931e-02 2.858164e-02 2.097657e-02 1.975638e-02 1.471915e-02 1.161742e-02 9.865526e-03 8.474665e-03 6.915666e-03 4.994788e-03 4.067686e-03 3.390591e-03 2.928617e-03 2.253303e-03 1.913838e-03 1.935852e-03 9.620362e-04 8.640174e-04 5.649776e-04 5.451539e-04 3.880756e-04 5.362169e-04 2.855568e-04 3.019314e-04 3.417382e-04 7.110702e-05 2.533814e-04 1.344215e-04 1.526431e-04 8.495904e-05 6.210614e-05 6.057265e-05 7.881743e-05 7.696290e-05 3.759682e-05 3.675195e-05 0.000000e+00 3.517122e-05 8.607692e-05 6.744171e-05 1.651981e-05 0.000000e+00 1.587827e-05 1.557582e-05 0.000000e+00 0.000000e+00 1.473389e-05 0.000000e+00 2.844281e-05 0.000000e+00 1.374337e-05 1.351621e-05 0.000000e+00 0.000000e+00 0.000000e+00 1.267800e-05 1.248444e-05 0.000000e+00 0.000000e+00 0.000000e+00 0.000000e+00 0.000000e+00 0.000000e+00 0.000000e+00 0.000000e+00 1.097625e-05 1.083087e-05 0.000000e+00 0.000000e+00 0.000000e+00 0.000000e+00 0.000000e+00 0.000000e+00 0.000000e+00 0.000000e+00 0.000000e+00 0.000000e+00 0.000000e+00 0.000000e+00 0.000000e+00 0.000000e+00 0.000000e+00 0.000000e+00 0.000000e+00 0.000000e+00 0.000000e+00 0.000000e+00 0.000000e+00 0.000000e+00 0.000000e+00 0.000000e+00
SPEC pbar sel0 meanpt 0.5608 yield 0.03561 3.455936e-02 4.911067e-02 4.583662e-02 4.521300e-02 4.587704e-02 3.637827e-02 3.260053e-02 2.704118e-02 2.771168e-02 2.326295e-02 1.974821e-02 1.534214e-02 1.338720e-02 1.050928e-02 9.094568e-03 7.627702e-03 6.503994e-03 5.508710e-03 4.178585e-03 2.658412e-03 2.040732e-03 1.818914e-03 1.374290e-03 1.509311e-03 1.076500e-03 9.986193e-04 6.520634e-04 6.283520e-04 4.786615e-04 4.316066e-04 3.876373e-04 1.443582e-04 1.119331e-04 1.628878e-04 1.845275e-04 1.024740e-04 1.993330e-04 2.425218e-05 1.181113e-04 2.302422e-05 2.245572e-05 4.382924e-05 2.139898e-05 0.000000e+00 0.000000e+00 1.998806e-05 0.000000e+00 1.914646e-05 0.000000e+00 1.837287e-05 0.000000e+00 1.765936e-05 1.732299e-05 1.699919e-05 1.668728e-05 0.000000e+00 0.000000e+00 1.581664e-05 0.000000e+00 0.000000e+00 0.000000e+00 0.000000e+00 0.000000e+00 0.000000e+00 0.000000e+00 0.000000e+00 0.000000e+00 0.000000e+00 0.000000e+00 0.000000e+00 0.000000e+00 0.000000e+00 0.000000e+00 0.000000e+00 0.000000e+00 0.000000e+00 0.000000e+00 0.000000e+00 0.000000e+00 0.000000e+00 0.000000e+00 0.000000e+00 0.000000e+00 1.089170e-05 0.000000e+00 0.000000e+00 0.000000e+00 0.000000e+00 0.000000e+00 0.000000e+00 0.000000e+00 0.000000e+00 0.000000e+00 0.000000e+00 0.000000e+00 0.000000e+00 0.000000e+00 0.000000e+00 0.000000e+00 0.000000e+00
SPEC pbar sel1 meanpt 0.5645 yield 0.05954 4.415746e-02 5.778631e-02 5.658697e-02 5.397023e-02 4.761010e-02 4.162993e-02 3.774142e-02 3.281826e-02 3.213201e-02 2.676992e-02 2.172828e-02 1.841672e-02 1.543876e-02 1.235682e-02 1.150463e-02 9.126931e-03 8.226867e-03 6.541846e-03 4.950586e-03 3.438663e-03 2.632694e-03 1.977767e-03 1.599118e-03 1.635462e-03 1.134810e-03 1.154443e-03 6.480131e-04 7.136560e-04 6.312308e-04 4.157953e-04 4.289735e-04 2.076777e-04 1.509657e-04 1.464592e-04 2.607258e-04 1.151734e-04 2.688430e-04 4.361231e-05 1.486783e-04 4.140409e-05 6.057265e-05 3.940871e-05 3.848145e-05 0.000000e+00 0.000000e+00 1.797211e-05 1.758561e-05 3.443077e-05 1.686043e-05 1.651981e-05 0.000000e+00 1.587827e-05 1.557582e-05 1.528469e-05 1.500423e-05 0.000000e+00 0.000000e+00 1.422140e-05 0.000000e+00 0.000000e+00 0.000000e+00 0.000000e+00 0.000000e+00 0.000000e+00 0.000000e+00 0.000000e+00 0.000000e+00 0.000000e+00 0.000000e+00 0.000000e+00 0.000000e+00 0.000000e+00 0.000000e+00 0.000000e+00 0.000000e+00 0.000000e+00 0.000000e+00 0.000000e+00 0.000000e+00 0.000000e+00 0.000000e+00 0.000000e+00 0.000000e+00 9.793183e-06 0.000000e+00 0.000000e+00 0.000000e+00 0.000000e+00 0.000000e+00 0.000000e+00 0.000000e+00 0.000000e+00 0.000000e+00 0.000000e+00 0.000000e+00 0.000000e+00 0.000000e+00 0.000000e+00 0.000000e+00 0.000000e+00
SPEC pinc sel0 meanpt 0.5568 yield 0.05408 6.911872e-02 6.790611e-02 7.493924e-02 6.210291e-02 6.487459e-02 6.052022e-02 5.554682e-02 4.583662e-02 4.012309e-02 3.494229e-02 3.074830e-02 2.198513e-02 2.197248e-02 1.610075e-02 1.411226e-02 9.446616e-03 9.425280e-03 7.223686e-03 5.555061e-03 4.244132e-03 3.593464e-03 2.622620e-03 2.708160e-03 2.205917e-03 1.781793e-03 8.559594e-04 6.520634e-04 6.614231e-04 7.339476e-04 4.932647e-04 4.770921e-04 4.042030e-04 2.238663e-04 3.529235e-04 7.908320e-05 2.818035e-04 1.744164e-04 2.182696e-04 1.181113e-04 9.209689e-05 6.736717e-05 4.382924e-05 6.419695e-05 6.272116e-05 4.087446e-05 0.000000e+00 3.911642e-05 7.658584e-05 5.625506e-05 1.837287e-05 0.000000e+00 0.000000e+00 1.732299e-05 0.000000e+00 0.000000e+00 1.638661e-05 0.000000e+00 1.581664e-05 0.000000e+00 0.000000e+00 0.000000e+00 0.000000e+00 0.000000e+00 0.000000e+00 1.410011e-05 1.388484e-05 0.000000e+00 0.000000e+00 0.000000e+00 0.000000e+00 0.000000e+00 0.000000e+00 0.000000e+00 0.000000e+00 1.220747e-05 0.000000e+00 0.000000e+00 0.000000e+00 0.000000e+00 0.000000e+00 0.000000e+00 0.000000e+00 0.000000e+00 0.000000e+00 0.000000e+00 0.000000e+00 0.000000e+00 0.000000e+00 0.000000e+00 0.000000e+00 0.000000e+00 0.000000e+00 0.000000e+00 9.726811e-06 0.000000e+00 0.000000e+00 0.000000e+00 0.000000e+00 0.000000e+00 0.000000e+00
SPEC pinc sel1 meanpt 0.5569 yield 0.09122 8.667946e-02 8.286339e-02 8.635237e-02 7.523123e-02 7.759357e-02 7.329841e-02 6.327978e-02 5.538763e-02 4.839042e-02 3.959539e-02 3.675895e-02 2.602517e-02 2.525153e-02 1.865638e-02 1.528311e-02 1.223958e-02 1.085352e-02 8.924947e-03 6.144031e-03 4.906385e-03 4.028820e-03 3.461093e-03 2.907487e-03 2.331403e-03 2.336374e-03 1.186511e-03 1.049164e-03 8.028630e-04 7.746923e-04 4.712347e-04 6.702711e-04 4.672747e-04 4.025752e-04 4.149679e-04 9.480937e-05 3.455201e-04 1.792287e-04 2.180615e-04 1.061988e-04 8.280818e-05 6.057265e-05 7.881743e-05 1.154443e-04 5.639523e-05 5.512792e-05 0.000000e+00 3.517122e-05 8.607692e-05 6.744171e-05 1.651981e-05 0.000000e+00 1.587827e-05 1.557582e-05 0.000000e+00 0.000000e+00 1.473389e-05 0.000000e+00 2.844281e-05 0.000000e+00 1.374337e-05 1.351621e-05 0.000000e+00 0.000000e+00 0.000000e+00 1.267800e-05 1.248444e-05 0.000000e+00 0.000000e+00 0.000000e+00 0.000000e+00 0.000000e+00 0.000000e+00 0.000000e+00 0.000000e+00 1.097625e-05 1.083087e-05 0.000000e+00 0.000000e+00 0.000000e+00 0.000000e+00 0.000000e+00 0.000000e+00 0.000000e+00 0.000000e+00 0.000000e+00 0.000000e+00 0.000000e+00 0.000000e+00 0.000000e+00 0.000000e+00 0.000000e+00 0.000000e+00 0.000000e+00 8.745784e-06 0.000000e+00 0.000000e+00 0.000000e+00 0.000000e+00 0.000000e+00 0.000000e+00
SPEC pbarinc sel0 meanpt 0.5469 yield 0.04808 4.729175e-02 6.729980e-02 6.220685e-02 6.703996e-02 6.244937e-02 5.126029e-02 4.855100e-02 3.989484e-02 3.766221e-02 3.073007e-02 2.555141e-02 2.119430e-02 1.651574e-02 1.394500e-02 1.216791e-02 9.916013e-03 8.047315e-03 7.015810e-03 5.505901e-03 3.684466e-03 2.706189e-03 2.707220e-03 1.818914e-03 1.625412e-03 1.299224e-03 1.212609e-03 6.863825e-04 7.275655e-04 6.382153e-04 4.932647e-04 4.770921e-04 2.021015e-04 1.399164e-04 1.900358e-04 2.108885e-04 1.793295e-04 2.242496e-04 2.425218e-05 1.181113e-04 2.302422e-05 2.245572e-05 4.382924e-05 4.279797e-05 0.000000e+00 2.043723e-05 3.997612e-05 0.000000e+00 1.914646e-05 0.000000e+00 1.837287e-05 0.000000e+00 3.531871e-05 1.732299e-05 1.699919e-05 1.668728e-05 0.000000e+00 0.000000e+00 1.581664e-05 0.000000e+00 0.000000e+00 0.000000e+00 0.000000e+00 0.000000e+00 0.000000e+00 0.000000e+00 0.000000e+00 0.000000e+00 0.000000e+00 0.000000e+00 0.000000e+00 0.000000e+00 0.000000e+00 0.000000e+00 0.000000e+00 0.000000e+00 0.000000e+00 0.000000e+00 0.000000e+00 0.000000e+00 0.000000e+00 0.000000e+00 0.000000e+00 0.000000e+00 1.089170e-05 0.000000e+00 0.000000e+00 0.000000e+00 0.000000e+00 0.000000e+00 0.000000e+00 0.000000e+00 0.000000e+00 0.000000e+00 0.000000e+00 0.000000e+00 0.000000e+00 0.000000e+00 0.000000e+00 0.000000e+00 0.000000e+00
SPEC pbarinc sel1 meanpt 0.5491 yield 0.08028 6.378300e-02 7.850216e-02 7.850216e-02 7.780124e-02 6.669049e-02 5.857926e-02 5.598311e-02 4.862772e-02 4.396506e-02 3.537762e-02 2.865952e-02 2.460303e-02 1.916761e-02 1.641519e-02 1.494474e-02 1.187029e-02 1.006057e-02 8.504400e-03 6.365040e-03 4.612840e-03 3.270923e-03 2.928617e-03 2.180615e-03 1.774650e-03 1.468578e-03 1.475122e-03 6.788708e-04 8.028630e-04 7.746923e-04 4.989544e-04 5.362169e-04 2.595971e-04 1.761266e-04 1.708691e-04 2.844281e-04 2.073120e-04 2.912466e-04 4.361231e-05 1.486783e-04 4.140409e-05 6.057265e-05 3.940871e-05 5.772217e-05 0.000000e+00 3.675195e-05 3.594421e-05 1.758561e-05 3.443077e-05 1.686043e-05 1.651981e-05 0.000000e+00 3.175654e-05 1.557582e-05 1.528469e-05 1.500423e-05 0.000000e+00 0.000000e+00 1.422140e-05 0.000000e+00 0.000000e+00 0.000000e+00 0.000000e+00 0.000000e+00 0.000000e+00 0.000000e+00 0.000000e+00 0.000000e+00 0.000000e+00 0.000000e+00 0.000000e+00 0.000000e+00 0.000000e+00 0.000000e+00 0.000000e+00 0.000000e+00 0.000000e+00 0.000000e+00 0.000000e+00 0.000000e+00 0.000000e+00 0.000000e+00 0.000000e+00 0.000000e+00 9.793183e-06 0.000000e+00 0.000000e+00 0.000000e+00 0.000000e+00 0.000000e+00 0.000000e+00 0.000000e+00 0.000000e+00 0.000000e+00 0.000000e+00 0.000000e+00 0.000000e+00 0.000000e+00 0.000000e+00 0.000000e+00 0.000000e+00
SPEC chpm sel0eta05 meanpt 0.4581 yield 1.94376 2.862242e+00 2.728977e+00 2.965120e+00 2.786030e+00 2.372328e+00 1.937871e+00 1.599483e+00 1.277229e+00 1.012001e+00 8.107185e-01 6.481396e-01 5.123959e-01 4.032095e-01 3.205734e-01 2.560090e-01 1.935735e-01 1.542549e-01 1.200483e-01 8.919559e-02 7.182377e-02 5.574305e-02 4.420806e-02 3.491506e-02 2.830926e-02 2.091751e-02 1.610274e-02 1.326091e-02 1.057946e-02 9.605140e-03 6.905706e-03 6.261834e-03 4.931277e-03 3.643424e-03 3.534665e-03 2.989345e-03 2.492680e-03 1.988347e-03 1.782535e-03 1.289775e-03 1.015368e-03 9.274214e-04 5.522485e-04 8.687987e-04 6.439372e-04 5.293243e-04 5.876490e-04 4.928669e-04 2.948555e-04 2.625236e-04 3.986912e-04 2.017013e-04 2.719541e-04 2.303957e-04 1.427932e-04 1.168110e-04 1.032356e-04 1.014085e-04 6.642989e-05 4.352956e-05 1.069949e-04 8.418113e-05 3.105462e-05 7.130141e-05 5.012754e-05 6.909052e-05 3.887754e-05 2.871969e-05 3.772562e-05 1.858744e-05 2.747999e-05 0.000000e+00 8.903773e-06 2.634289e-05 8.661494e-06 5.127139e-05 3.372820e-05 1.664365e-05 0.000000e+00 8.109806e-06 8.007796e-06 2.372496e-05 0.000000e+00 0.000000e+00 1.524838e-05 1.506792e-05 2.233754e-05 0.000000e+00 7.275655e-06 0.000000e+00 0.000000e+00 0.000000e+00 0.000000e+00 6.882376e-06 6.808768e-06 1.347343e-05 0.000000e+00 6.597096e-06 0.000000e+00 0.000000e+00 6.398189e-06
