# gen_world scan_p2.45_s0.420_k0.217_q0.081 mode set MultipartonInteractions:pT0Ref=2.45;StringPT:sigma=0.420 nev 100000 seed 20260916
SUMMARY nev 100000 nnsd 77885 dnde 2.2908 eps 0.5036 classN 17.1488 15.7004 8.0150 1.4909 meanpt_ch05 0.4902
SPEC pip sel0 meanpt 0.4344 yield 0.80995 3.008483e+00 2.695024e+00 2.288193e+00 1.847237e+00 1.420572e+00 1.122931e+00 8.907080e-01 6.863367e-01 5.536987e-01 4.320399e-01 3.326014e-01 2.714135e-01 2.104847e-01 1.632980e-01 1.367948e-01 1.071986e-01 8.218183e-02 6.423364e-02 5.210942e-02 4.192829e-02 3.194190e-02 2.546479e-02 2.041225e-02 1.609932e-02 1.455131e-02 9.950528e-03 8.614100e-03 7.837864e-03 5.967313e-03 4.131092e-03 4.264011e-03 3.147009e-03 2.826312e-03 2.117541e-03 1.739830e-03 1.204070e-03 1.270748e-03 1.018592e-03 1.204735e-03 8.979447e-04 4.266588e-04 3.944632e-04 4.921766e-04 4.808622e-04 2.248096e-04 2.598448e-04 2.738150e-04 3.063433e-04 3.187787e-04 1.469829e-04 9.004523e-05 1.059561e-04 6.929195e-05 1.359935e-04 5.006184e-05 1.147063e-04 6.438632e-05 9.489984e-05 4.663881e-05 4.585497e-05 1.503234e-05 2.957583e-05 1.455131e-05 4.296646e-05 1.410011e-05 0.000000e+00 1.367604e-05 1.347343e-05 1.327674e-05 2.617142e-05 0.000000e+00 3.815903e-05 1.254423e-05 0.000000e+00 0.000000e+00 0.000000e+00 0.000000e+00 0.000000e+00 1.158544e-05 0.000000e+00 0.000000e+00 1.115898e-05 0.000000e+00 0.000000e+00 0.000000e+00 0.000000e+00 0.000000e+00 0.000000e+00 0.000000e+00 0.000000e+00 0.000000e+00 0.000000e+00 0.000000e+00 0.000000e+00 0.000000e+00 0.000000e+00 0.000000e+00 0.000000e+00 0.000000e+00 0.000000e+00
SPEC pip sel1 meanpt 0.4359 yield 1.37197 3.563796e+00 3.227033e+00 2.718293e+00 2.182183e+00 1.680179e+00 1.325500e+00 1.044491e+00 8.160765e-01 6.527535e-01 5.079828e-01 3.949134e-01 3.224048e-01 2.471116e-01 1.979886e-01 1.590235e-01 1.264573e-01 9.818519e-02 7.837548e-02 6.287232e-02 5.000715e-02 3.779904e-02 3.052835e-02 2.481215e-02 1.926940e-02 1.711503e-02 1.227679e-02 1.091902e-02 9.243874e-03 7.026637e-03 4.848890e-03 5.065103e-03 3.918255e-03 3.571341e-03 2.537551e-03 2.227076e-03 1.588719e-03 1.701951e-03 1.242424e-03 1.443692e-03 1.055357e-03 5.852875e-04 4.924002e-04 6.154423e-04 6.012942e-04 2.938910e-04 3.233608e-04 3.164068e-04 3.269537e-04 3.033591e-04 2.146666e-04 1.294866e-04 1.111008e-04 1.089846e-04 1.527821e-04 8.998726e-05 1.472765e-04 7.233489e-05 1.137230e-04 4.191714e-05 5.495021e-05 4.053145e-05 3.987241e-05 1.307815e-05 6.436097e-05 2.534525e-05 0.000000e+00 1.229149e-05 3.632819e-05 1.193262e-05 2.352185e-05 0.000000e+00 4.572779e-05 1.127427e-05 1.112088e-05 0.000000e+00 1.082628e-05 0.000000e+00 0.000000e+00 1.041254e-05 0.000000e+00 0.000000e+00 1.002926e-05 0.000000e+00 0.000000e+00 0.000000e+00 0.000000e+00 0.000000e+00 0.000000e+00 0.000000e+00 0.000000e+00 0.000000e+00 0.000000e+00 0.000000e+00 0.000000e+00 0.000000e+00 0.000000e+00 0.000000e+00 0.000000e+00 0.000000e+00 0.000000e+00
SPEC pim sel0 meanpt 0.4346 yield 0.79990 3.013940e+00 2.711394e+00 2.237628e+00 1.811378e+00 1.436335e+00 1.104907e+00 8.767164e-01 6.803950e-01 5.304808e-01 4.278276e-01 3.278375e-01 2.682502e-01 2.079382e-01 1.668685e-01 1.301464e-01 1.020352e-01 7.992196e-02 6.345410e-02 5.220774e-02 4.192829e-02 3.211935e-02 2.635310e-02 2.089730e-02 1.629282e-02 1.206422e-02 1.112747e-02 9.437759e-03 7.044156e-03 6.063045e-03 5.055963e-03 3.578191e-03 2.973779e-03 2.574462e-03 1.900358e-03 1.449859e-03 1.152833e-03 1.245831e-03 1.188357e-03 1.157490e-03 8.058478e-04 7.185832e-04 4.821217e-04 3.423837e-04 4.390481e-04 3.883074e-04 3.397971e-04 3.520478e-04 3.063433e-04 1.312618e-04 1.286101e-04 1.260633e-04 7.063742e-05 1.385839e-04 1.529927e-04 8.343641e-05 6.554644e-05 3.219316e-05 9.489984e-05 7.773135e-05 3.056998e-05 3.006469e-05 5.915166e-05 8.730785e-05 0.000000e+00 0.000000e+00 0.000000e+00 1.367604e-05 2.694687e-05 0.000000e+00 1.308571e-05 2.580019e-05 1.271968e-05 0.000000e+00 0.000000e+00 1.220747e-05 1.204579e-05 0.000000e+00 0.000000e+00 3.475631e-05 0.000000e+00 1.129760e-05 0.000000e+00 0.000000e+00 0.000000e+00 0.000000e+00 1.063692e-05 0.000000e+00 1.039379e-05 1.027635e-05 0.000000e+00 0.000000e+00 0.000000e+00 0.000000e+00 9.726811e-06 0.000000e+00 0.000000e+00 0.000000e+00 0.000000e+00 0.000000e+00 0.000000e+00
SPEC pim sel1 meanpt 0.4379 yield 1.35613 3.516387e+00 3.175811e+00 2.651268e+00 2.126600e+00 1.666556e+00 1.313760e+00 1.036695e+00 7.963503e-01 6.334248e-01 5.053156e-01 3.914882e-01 3.216230e-01 2.493349e-01 2.035590e-01 1.577834e-01 1.256662e-01 9.764027e-02 7.524606e-02 6.106082e-02 5.113892e-02 3.855662e-02 3.064241e-02 2.488481e-02 1.965201e-02 1.571380e-02 1.307815e-02 1.165929e-02 8.441351e-03 7.198718e-03 5.901792e-03 4.529113e-03 3.606870e-03 3.319838e-03 2.464353e-03 1.966461e-03 1.496619e-03 1.701951e-03 1.416799e-03 1.379999e-03 9.932771e-04 8.274755e-04 5.317922e-04 4.808143e-04 5.449229e-04 4.408365e-04 3.952188e-04 3.691413e-04 3.269537e-04 1.853861e-04 1.651281e-04 1.942299e-04 6.348616e-05 1.712615e-04 1.527821e-04 1.049851e-04 8.836587e-05 5.786792e-05 8.529228e-05 6.986191e-05 2.747510e-05 2.702097e-05 6.645401e-05 9.154704e-05 2.574439e-05 1.267263e-05 3.743745e-05 1.229149e-05 2.421879e-05 0.000000e+00 1.176093e-05 2.318821e-05 1.143195e-05 0.000000e+00 0.000000e+00 1.097160e-05 2.165256e-05 0.000000e+00 1.054689e-05 3.123762e-05 0.000000e+00 1.015384e-05 0.000000e+00 9.907689e-06 0.000000e+00 0.000000e+00 9.560050e-06 0.000000e+00 9.341535e-06 9.235981e-06 0.000000e+00 0.000000e+00 0.000000e+00 0.000000e+00 8.742078e-06 0.000000e+00 0.000000e+00 0.000000e+00 0.000000e+00 0.000000e+00 0.000000e+00
SPEC kp sel0 meanpt 0.5628 yield 0.09063 1.455131e-01 1.273240e-01 1.345996e-01 1.145916e-01 1.135811e-01 9.689849e-02 9.402384e-02 7.178646e-02 6.334099e-02 5.523754e-02 4.703191e-02 3.938343e-02 3.164910e-02 2.802474e-02 2.138792e-02 1.813046e-02 1.328358e-02 1.138120e-02 1.042188e-02 8.255070e-03 6.965108e-03 4.991437e-03 3.799508e-03 3.444326e-03 2.598448e-03 2.710538e-03 1.647318e-03 1.388989e-03 1.244520e-03 8.015552e-04 9.840025e-04 8.372777e-04 6.156323e-04 4.615154e-04 4.217771e-04 4.355145e-04 2.242496e-04 2.182696e-04 2.598448e-04 1.611696e-04 8.982290e-05 4.382924e-05 1.283939e-04 4.181411e-05 8.174893e-05 9.994031e-05 7.823284e-05 9.573230e-05 7.500675e-05 5.511860e-05 1.800905e-05 3.531871e-05 1.732299e-05 1.699919e-05 3.337456e-05 6.554644e-05 0.000000e+00 3.163328e-05 1.554627e-05 1.528499e-05 1.503234e-05 0.000000e+00 0.000000e+00 0.000000e+00 2.820021e-05 2.776967e-05 0.000000e+00 1.347343e-05 0.000000e+00 1.308571e-05 0.000000e+00 0.000000e+00 0.000000e+00 0.000000e+00 0.000000e+00 0.000000e+00 0.000000e+00 0.000000e+00 0.000000e+00 0.000000e+00 0.000000e+00 0.000000e+00 0.000000e+00 0.000000e+00 0.000000e+00 0.000000e+00 0.000000e+00 0.000000e+00 0.000000e+00 0.000000e+00 0.000000e+00 0.000000e+00 0.000000e+00 0.000000e+00 0.000000e+00 0.000000e+00 0.000000e+00 0.000000e+00 0.000000e+00 0.000000e+00
SPEC kp sel1 meanpt 0.5650 yield 0.15491 1.536683e-01 1.563929e-01 1.575917e-01 1.405901e-01 1.369573e-01 1.182978e-01 1.116673e-01 8.391812e-02 7.644947e-02 6.435826e-02 5.597136e-02 4.648429e-02 3.864593e-02 3.287701e-02 2.615630e-02 2.288676e-02 1.605046e-02 1.340510e-02 1.184103e-02 9.473275e-03 7.934609e-03 6.463039e-03 4.904306e-03 3.826054e-03 3.136087e-03 3.077212e-03 1.943216e-03 1.723938e-03 1.663449e-03 1.025194e-03 1.045180e-03 1.012000e-03 7.796589e-04 4.635911e-04 4.738460e-04 4.374733e-04 3.583055e-04 3.705476e-04 2.759999e-04 2.690126e-04 1.210940e-04 1.772641e-04 1.346280e-04 7.516178e-05 1.469455e-04 1.077869e-04 8.789079e-05 6.883236e-05 8.426642e-05 9.907689e-05 1.618583e-05 3.174308e-05 6.227690e-05 1.527821e-05 4.499363e-05 8.836587e-05 1.446698e-05 7.107690e-05 1.397238e-05 2.747510e-05 1.351048e-05 0.000000e+00 0.000000e+00 0.000000e+00 2.534525e-05 2.495830e-05 0.000000e+00 1.210940e-05 0.000000e+00 1.176093e-05 0.000000e+00 0.000000e+00 0.000000e+00 0.000000e+00 0.000000e+00 0.000000e+00 0.000000e+00 0.000000e+00 0.000000e+00 0.000000e+00 0.000000e+00 0.000000e+00 0.000000e+00 0.000000e+00 0.000000e+00 0.000000e+00 0.000000e+00 0.000000e+00 0.000000e+00 0.000000e+00 0.000000e+00 0.000000e+00 0.000000e+00 0.000000e+00 0.000000e+00 0.000000e+00 0.000000e+00 0.000000e+00 0.000000e+00 0.000000e+00
SPEC km sel0 meanpt 0.5599 yield 0.08679 1.309618e-01 1.182294e-01 1.204121e-01 1.179695e-01 1.063054e-01 9.408744e-02 8.716794e-02 7.215024e-02 6.408996e-02 5.322716e-02 4.400039e-02 3.598286e-02 3.215839e-02 2.465638e-02 2.251690e-02 1.730902e-02 1.521273e-02 1.143317e-02 9.340367e-03 6.715989e-03 6.432743e-03 4.568434e-03 3.476146e-03 3.250824e-03 2.190120e-03 2.139898e-03 1.750275e-03 1.058277e-03 1.084966e-03 8.940423e-04 7.752747e-04 6.640478e-04 4.197493e-04 7.601430e-04 3.426939e-04 4.867515e-04 2.491663e-04 1.455131e-04 2.362226e-04 2.762907e-04 1.122786e-04 2.410608e-04 8.559594e-05 8.362821e-05 8.174893e-05 0.000000e+00 5.867463e-05 1.914646e-05 5.625506e-05 1.837287e-05 0.000000e+00 1.765936e-05 1.732299e-05 1.699919e-05 0.000000e+00 1.638661e-05 0.000000e+00 0.000000e+00 1.554627e-05 0.000000e+00 3.006469e-05 1.478792e-05 2.910262e-05 1.432215e-05 1.410011e-05 1.388484e-05 1.367604e-05 1.347343e-05 0.000000e+00 0.000000e+00 0.000000e+00 0.000000e+00 0.000000e+00 0.000000e+00 0.000000e+00 0.000000e+00 0.000000e+00 0.000000e+00 0.000000e+00 1.143971e-05 0.000000e+00 0.000000e+00 0.000000e+00 1.089170e-05 0.000000e+00 0.000000e+00 0.000000e+00 0.000000e+00 0.000000e+00 0.000000e+00 0.000000e+00 0.000000e+00 0.000000e+00 0.000000e+00 0.000000e+00 0.000000e+00 0.000000e+00 0.000000e+00 9.233064e-06 0.000000e+00
SPEC km sel1 meanpt 0.5648 yield 0.14891 1.602073e-01 1.525784e-01 1.503987e-01 1.389553e-01 1.215178e-01 1.119073e-01 9.959513e-02 8.805954e-02 7.375691e-02 6.375598e-02 5.386952e-02 4.328583e-02 4.014992e-02 2.978912e-02 2.672001e-02 2.014457e-02 1.832922e-02 1.303144e-02 1.095737e-02 8.006175e-03 8.094098e-03 6.006824e-03 4.359383e-03 4.104313e-03 2.869186e-03 2.372017e-03 2.128284e-03 1.753661e-03 1.520048e-03 1.136026e-03 9.647815e-04 8.044100e-04 6.539075e-04 9.271822e-04 4.738460e-04 5.986477e-04 3.135173e-04 2.179692e-04 2.335384e-04 3.310924e-04 2.018233e-04 2.757441e-04 7.693029e-05 9.395222e-05 1.102091e-04 1.796449e-05 7.031263e-05 3.441618e-05 5.055985e-05 1.651281e-05 0.000000e+00 3.174308e-05 3.113845e-05 1.527821e-05 0.000000e+00 2.945529e-05 0.000000e+00 1.421538e-05 1.397238e-05 0.000000e+00 2.702097e-05 1.329080e-05 3.923445e-05 1.287219e-05 1.267263e-05 1.247915e-05 1.229149e-05 1.210940e-05 0.000000e+00 1.176093e-05 0.000000e+00 1.143195e-05 0.000000e+00 0.000000e+00 0.000000e+00 0.000000e+00 0.000000e+00 0.000000e+00 0.000000e+00 1.028156e-05 0.000000e+00 0.000000e+00 0.000000e+00 9.789034e-06 0.000000e+00 0.000000e+00 0.000000e+00 0.000000e+00 0.000000e+00 0.000000e+00 0.000000e+00 0.000000e+00 0.000000e+00 0.000000e+00 0.000000e+00 0.000000e+00 0.000000e+00 0.000000e+00 8.298318e-06 0.000000e+00
SPEC p sel0 meanpt 0.6265 yield 0.04685 7.093763e-02 4.850436e-02 4.838310e-02 5.144927e-02 4.587704e-02 3.836254e-02 3.931652e-02 3.649953e-02 2.910262e-02 2.709224e-02 2.433880e-02 2.008713e-02 1.855292e-02 1.495551e-02 1.298328e-02 1.144155e-02 8.818975e-03 6.703996e-03 6.439937e-03 5.596657e-03 3.815282e-03 3.595527e-03 2.869842e-03 2.438118e-03 1.893155e-03 1.783249e-03 1.441403e-03 8.267789e-04 7.020368e-04 7.707261e-04 8.647294e-04 6.640478e-04 3.917660e-04 3.529235e-04 3.163328e-04 1.793295e-04 2.491663e-04 2.182696e-04 1.653558e-04 9.209689e-05 6.736717e-05 4.382924e-05 1.069949e-04 8.362821e-05 6.131170e-05 3.997612e-05 3.911642e-05 7.658584e-05 0.000000e+00 0.000000e+00 1.800905e-05 1.765936e-05 3.464597e-05 5.099758e-05 1.668728e-05 1.638661e-05 0.000000e+00 1.581664e-05 0.000000e+00 0.000000e+00 0.000000e+00 0.000000e+00 0.000000e+00 0.000000e+00 0.000000e+00 0.000000e+00 0.000000e+00 0.000000e+00 1.327674e-05 0.000000e+00 0.000000e+00 0.000000e+00 0.000000e+00 0.000000e+00 0.000000e+00 0.000000e+00 0.000000e+00 0.000000e+00 0.000000e+00 1.143971e-05 0.000000e+00 0.000000e+00 0.000000e+00 0.000000e+00 0.000000e+00 0.000000e+00 0.000000e+00 0.000000e+00 0.000000e+00 0.000000e+00 0.000000e+00 0.000000e+00 0.000000e+00 0.000000e+00 0.000000e+00 0.000000e+00 0.000000e+00 0.000000e+00 0.000000e+00 0.000000e+00
SPEC p sel1 meanpt 0.6275 yield 0.08111 7.683413e-02 5.994152e-02 5.983253e-02 6.258828e-02 5.630870e-02 4.740829e-02 4.703104e-02 4.206805e-02 3.548410e-02 3.467430e-02 2.965937e-02 2.373968e-02 2.210207e-02 1.834574e-02 1.651680e-02 1.344729e-02 1.045261e-02 8.080428e-03 8.085477e-03 6.413323e-03 4.545454e-03 4.372056e-03 3.196881e-03 3.095626e-03 2.402109e-03 1.923257e-03 1.727303e-03 9.808612e-04 1.003805e-03 9.143621e-04 1.098779e-03 7.784613e-04 4.275549e-04 4.391916e-04 4.738460e-04 2.302491e-04 3.135173e-04 2.179692e-04 1.698461e-04 1.241596e-04 8.072931e-05 9.848004e-05 9.616286e-05 1.127427e-04 9.184093e-05 5.389347e-05 5.273447e-05 6.883236e-05 1.685328e-05 0.000000e+00 3.237166e-05 4.761462e-05 4.670768e-05 4.583463e-05 2.999575e-05 2.945529e-05 0.000000e+00 1.421538e-05 0.000000e+00 0.000000e+00 0.000000e+00 0.000000e+00 0.000000e+00 0.000000e+00 0.000000e+00 0.000000e+00 0.000000e+00 0.000000e+00 1.193262e-05 0.000000e+00 0.000000e+00 0.000000e+00 0.000000e+00 1.112088e-05 0.000000e+00 0.000000e+00 0.000000e+00 0.000000e+00 0.000000e+00 1.028156e-05 0.000000e+00 0.000000e+00 0.000000e+00 0.000000e+00 0.000000e+00 0.000000e+00 0.000000e+00 0.000000e+00 0.000000e+00 0.000000e+00 0.000000e+00 0.000000e+00 0.000000e+00 0.000000e+00 0.000000e+00 0.000000e+00 0.000000e+00 0.000000e+00 0.000000e+00 0.000000e+00
SPEC pbar sel0 meanpt 0.6108 yield 0.04198 5.274850e-02 5.881154e-02 4.838310e-02 4.313424e-02 3.556987e-02 4.249644e-02 3.595852e-02 3.237666e-02 2.931661e-02 2.230563e-02 2.277973e-02 2.182696e-02 1.556990e-02 1.205872e-02 1.141525e-02 9.622640e-03 8.157552e-03 6.444151e-03 5.063462e-03 4.337409e-03 3.504736e-03 2.538019e-03 2.869842e-03 2.283317e-03 1.373465e-03 1.319604e-03 1.647318e-03 3.637827e-04 8.296799e-04 5.857518e-04 3.876373e-04 1.732299e-04 2.238663e-04 2.986276e-04 1.581664e-04 2.305665e-04 1.744164e-04 2.182696e-04 7.086677e-05 1.841938e-04 8.982290e-05 6.574387e-05 8.559594e-05 2.090705e-05 2.043723e-05 5.996419e-05 1.955821e-05 0.000000e+00 0.000000e+00 1.837287e-05 1.800905e-05 0.000000e+00 1.732299e-05 1.699919e-05 6.674912e-05 1.638661e-05 0.000000e+00 1.581664e-05 0.000000e+00 0.000000e+00 1.503234e-05 0.000000e+00 1.455131e-05 4.296646e-05 0.000000e+00 2.776967e-05 1.367604e-05 0.000000e+00 0.000000e+00 1.308571e-05 0.000000e+00 0.000000e+00 0.000000e+00 0.000000e+00 0.000000e+00 0.000000e+00 0.000000e+00 0.000000e+00 0.000000e+00 0.000000e+00 0.000000e+00 0.000000e+00 0.000000e+00 0.000000e+00 0.000000e+00 0.000000e+00 0.000000e+00 0.000000e+00 0.000000e+00 0.000000e+00 0.000000e+00 0.000000e+00 0.000000e+00 0.000000e+00 0.000000e+00 0.000000e+00 0.000000e+00 0.000000e+00 0.000000e+00 0.000000e+00
SPEC pbar sel1 meanpt 0.6184 yield 0.07094 5.721690e-02 6.811536e-02 5.362041e-02 5.277967e-02 4.341219e-02 4.592214e-02 4.413875e-02 3.650983e-02 3.433014e-02 2.925375e-02 2.576707e-02 2.466368e-02 1.798245e-02 1.434964e-02 1.398009e-02 1.044143e-02 9.461843e-03 7.940305e-03 6.318160e-03 5.281560e-03 4.266347e-03 3.041430e-03 3.378522e-03 2.678238e-03 1.834944e-03 1.859149e-03 1.819837e-03 6.539075e-04 8.890847e-04 6.095747e-04 4.555913e-04 3.373332e-04 4.024046e-04 3.415934e-04 2.132307e-04 3.453737e-04 2.463350e-04 3.269537e-04 8.492305e-05 2.069327e-04 1.009116e-04 1.378721e-04 1.153954e-04 1.879044e-05 1.836819e-05 7.185796e-05 3.515631e-05 1.720809e-05 3.370657e-05 1.651281e-05 3.237166e-05 0.000000e+00 1.556923e-05 1.527821e-05 5.999151e-05 1.472765e-05 0.000000e+00 1.421538e-05 0.000000e+00 1.373755e-05 1.351048e-05 0.000000e+00 1.307815e-05 3.861658e-05 0.000000e+00 2.495830e-05 1.229149e-05 0.000000e+00 0.000000e+00 1.176093e-05 0.000000e+00 0.000000e+00 0.000000e+00 0.000000e+00 0.000000e+00 0.000000e+00 0.000000e+00 0.000000e+00 0.000000e+00 0.000000e+00 0.000000e+00 0.000000e+00 0.000000e+00 0.000000e+00 0.000000e+00 0.000000e+00 0.000000e+00 0.000000e+00 0.000000e+00 0.000000e+00 0.000000e+00 0.000000e+00 0.000000e+00 0.000000e+00 0.000000e+00 0.000000e+00 0.000000e+00 0.000000e+00 0.000000e+00 0.000000e+00
SPEC pinc sel0 meanpt 0.6116 yield 0.06213 9.458351e-02 6.669350e-02 7.057385e-02 7.093763e-02 6.345988e-02 5.589026e-02 5.442749e-02 4.814058e-02 3.883916e-02 3.647401e-02 3.274045e-02 2.783729e-02 2.495550e-02 2.021015e-02 1.618206e-02 1.443396e-02 1.074813e-02 8.626848e-03 8.013052e-03 6.669350e-03 5.368013e-03 4.399233e-03 3.395305e-03 2.786421e-03 2.672689e-03 2.139898e-03 1.715956e-03 9.590636e-04 8.615907e-04 9.557004e-04 1.043639e-03 8.372777e-04 4.757159e-04 4.072195e-04 5.008603e-04 2.561850e-04 2.740829e-04 2.182696e-04 2.126003e-04 1.381453e-04 1.122786e-04 6.574387e-05 1.069949e-04 8.362821e-05 8.174893e-05 5.996419e-05 5.867463e-05 7.658584e-05 1.875169e-05 0.000000e+00 3.601809e-05 1.765936e-05 5.196896e-05 5.099758e-05 1.668728e-05 1.638661e-05 0.000000e+00 1.581664e-05 0.000000e+00 0.000000e+00 0.000000e+00 2.957583e-05 0.000000e+00 0.000000e+00 0.000000e+00 0.000000e+00 0.000000e+00 0.000000e+00 1.327674e-05 0.000000e+00 0.000000e+00 0.000000e+00 0.000000e+00 0.000000e+00 0.000000e+00 0.000000e+00 0.000000e+00 0.000000e+00 0.000000e+00 1.143971e-05 0.000000e+00 0.000000e+00 0.000000e+00 0.000000e+00 0.000000e+00 0.000000e+00 0.000000e+00 0.000000e+00 0.000000e+00 0.000000e+00 0.000000e+00 0.000000e+00 0.000000e+00 0.000000e+00 0.000000e+00 0.000000e+00 0.000000e+00 0.000000e+00 0.000000e+00 0.000000e+00
SPEC pinc sel1 meanpt 0.6095 yield 0.10799 1.078947e-01 8.119351e-02 8.631578e-02 8.617566e-02 7.774233e-02 7.074090e-02 6.677401e-02 5.743487e-02 4.721596e-02 4.628976e-02 3.954583e-02 3.376153e-02 2.968740e-02 2.482426e-02 2.035005e-02 1.724417e-02 1.302861e-02 1.041581e-02 9.985344e-03 7.587003e-03 6.259968e-03 5.284485e-03 3.887117e-03 3.582578e-03 3.169449e-03 2.307909e-03 2.097439e-03 1.159200e-03 1.147206e-03 1.163734e-03 1.366774e-03 1.012000e-03 5.281560e-04 5.123902e-04 6.396921e-04 2.993238e-04 3.359114e-04 2.397661e-04 2.123076e-04 1.655462e-04 1.210940e-04 1.181760e-04 9.616286e-05 1.127427e-04 1.102091e-04 7.185796e-05 7.031263e-05 6.883236e-05 5.055985e-05 0.000000e+00 4.855748e-05 4.761462e-05 6.227690e-05 4.583463e-05 2.999575e-05 2.945529e-05 0.000000e+00 1.421538e-05 0.000000e+00 0.000000e+00 0.000000e+00 1.329080e-05 0.000000e+00 0.000000e+00 0.000000e+00 0.000000e+00 0.000000e+00 0.000000e+00 1.193262e-05 0.000000e+00 0.000000e+00 0.000000e+00 0.000000e+00 1.112088e-05 0.000000e+00 0.000000e+00 0.000000e+00 0.000000e+00 0.000000e+00 1.028156e-05 0.000000e+00 0.000000e+00 0.000000e+00 0.000000e+00 0.000000e+00 0.000000e+00 0.000000e+00 0.000000e+00 0.000000e+00 0.000000e+00 0.000000e+00 0.000000e+00 0.000000e+00 0.000000e+00 0.000000e+00 0.000000e+00 0.000000e+00 0.000000e+00 0.000000e+00 0.000000e+00
SPEC pbarinc sel0 meanpt 0.5910 yield 0.05599 7.821329e-02 7.275655e-02 7.275655e-02 6.340213e-02 5.497161e-02 5.803988e-02 5.274850e-02 4.462401e-02 3.926714e-02 3.254898e-02 2.988215e-02 2.760004e-02 2.008081e-02 1.569655e-02 1.473947e-02 1.150023e-02 1.008670e-02 7.899282e-03 6.439937e-03 5.456741e-03 4.613830e-03 3.299425e-03 3.314465e-03 2.786421e-03 1.781793e-03 1.497929e-03 1.921871e-03 6.283520e-04 9.573230e-04 6.782390e-04 5.069104e-04 1.732299e-04 4.197493e-04 3.529235e-04 2.636107e-04 2.818035e-04 1.993330e-04 2.667740e-04 1.181113e-04 1.841938e-04 1.571901e-04 8.765849e-05 8.559594e-05 2.090705e-05 2.043723e-05 9.994031e-05 1.955821e-05 0.000000e+00 0.000000e+00 1.837287e-05 1.800905e-05 0.000000e+00 1.732299e-05 3.399839e-05 6.674912e-05 1.638661e-05 0.000000e+00 1.581664e-05 0.000000e+00 0.000000e+00 1.503234e-05 0.000000e+00 1.455131e-05 4.296646e-05 0.000000e+00 2.776967e-05 1.367604e-05 0.000000e+00 0.000000e+00 1.308571e-05 0.000000e+00 0.000000e+00 0.000000e+00 0.000000e+00 0.000000e+00 0.000000e+00 0.000000e+00 0.000000e+00 0.000000e+00 0.000000e+00 0.000000e+00 0.000000e+00 0.000000e+00 0.000000e+00 0.000000e+00 0.000000e+00 0.000000e+00 0.000000e+00 0.000000e+00 0.000000e+00 0.000000e+00 0.000000e+00 0.000000e+00 0.000000e+00 0.000000e+00 0.000000e+00 0.000000e+00 0.000000e+00 0.000000e+00 0.000000e+00
SPEC pbarinc sel1 meanpt 0.5980 yield 0.09496 9.318181e-02 8.773258e-02 8.173843e-02 7.613351e-02 6.629895e-02 6.390459e-02 6.312722e-02 5.100478e-02 4.663899e-02 4.000881e-02 3.503076e-02 3.205568e-02 2.327911e-02 1.889066e-02 1.820794e-02 1.291995e-02 1.183969e-02 9.808612e-03 7.864563e-03 6.664826e-03 5.502392e-03 3.915841e-03 3.923445e-03 3.443449e-03 2.335384e-03 2.083529e-03 2.128284e-03 9.808612e-04 1.032485e-03 7.481145e-04 6.163882e-04 3.373332e-04 5.784566e-04 4.147920e-04 3.316922e-04 4.144484e-04 2.687291e-04 3.923445e-04 1.273846e-04 2.069327e-04 1.614586e-04 1.772641e-04 1.153954e-04 1.879044e-05 1.836819e-05 1.257514e-04 7.031263e-05 1.720809e-05 3.370657e-05 1.651281e-05 3.237166e-05 0.000000e+00 3.113845e-05 3.055642e-05 5.999151e-05 1.472765e-05 0.000000e+00 1.421538e-05 0.000000e+00 1.373755e-05 1.351048e-05 0.000000e+00 1.307815e-05 3.861658e-05 0.000000e+00 2.495830e-05 1.229149e-05 0.000000e+00 0.000000e+00 1.176093e-05 0.000000e+00 0.000000e+00 0.000000e+00 0.000000e+00 0.000000e+00 0.000000e+00 0.000000e+00 0.000000e+00 0.000000e+00 0.000000e+00 0.000000e+00 0.000000e+00 0.000000e+00 0.000000e+00 0.000000e+00 0.000000e+00 0.000000e+00 0.000000e+00 0.000000e+00 0.000000e+00 0.000000e+00 0.000000e+00 0.000000e+00 0.000000e+00 0.000000e+00 0.000000e+00 0.000000e+00 0.000000e+00 0.000000e+00 0.000000e+00
SPEC chpm sel0eta05 meanpt 0.4902 yield 2.29076 3.293871e+00 3.023944e+00 3.286486e+00 3.052683e+00 2.590901e+00 2.143209e+00 1.773035e+00 1.411938e+00 1.159172e+00 9.329495e-01 7.417530e-01 6.141997e-01 4.842385e-01 3.922993e-01 3.185294e-01 2.550176e-01 2.005931e-01 1.574452e-01 1.294575e-01 1.052218e-01 8.217053e-02 6.567547e-02 5.299506e-02 4.223363e-02 3.513102e-02 2.796134e-02 2.421557e-02 1.872820e-02 1.541290e-02 1.189076e-02 1.072861e-02 8.447843e-03 7.423966e-03 5.644062e-03 4.760809e-03 3.873517e-03 3.540652e-03 3.038798e-03 2.893726e-03 2.353076e-03 1.619058e-03 1.349941e-03 1.213322e-03 1.141525e-03 8.583637e-04 7.975237e-04 7.666819e-04 6.835286e-04 5.512996e-04 3.986912e-04 3.277646e-04 2.348694e-04 3.637827e-04 3.212847e-04 2.569841e-04 3.097069e-04 1.126761e-04 2.435763e-04 1.088239e-04 9.629543e-05 9.470377e-05 1.138670e-04 1.222310e-04 1.102806e-04 5.922044e-05 7.775509e-05 3.829292e-05 7.545123e-05 1.858744e-05 5.495998e-05 1.806014e-05 5.342264e-05 8.780962e-06 1.732299e-05 8.545232e-06 2.529615e-05 0.000000e+00 8.214449e-06 3.243922e-05 1.601559e-05 7.908320e-06 7.811286e-06 7.716603e-06 7.624189e-06 0.000000e+00 7.445845e-06 0.000000e+00 7.275655e-06 7.193444e-06 0.000000e+00 0.000000e+00 0.000000e+00 0.000000e+00 6.808768e-06 0.000000e+00 0.000000e+00 0.000000e+00 0.000000e+00 6.463145e-06 0.000000e+00
