# gen_world scan_p2.60_s0.380_k0.300_q0.110 mode set MultipartonInteractions:pT0Ref=2.60;StringPT:sigma=0.380;StringFlav:probStoUD=0.300;StringFlav:probQQtoQ=0.110 nev 100000 seed 20260931
SUMMARY nev 100000 nnsd 77862 dnde 2.0851 eps 0.5107 classN 17.0927 15.3218 7.0817 1.1090 meanpt_ch05 0.4597
SPEC pip sel0 meanpt 0.4012 yield 0.72509 2.981199e+00 2.756260e+00 2.272914e+00 1.808000e+00 1.387023e+00 1.064064e+00 8.105359e-01 6.384387e-01 4.781603e-01 3.767066e-01 2.949239e-01 2.222238e-01 1.727240e-01 1.423468e-01 1.075668e-01 7.850666e-02 6.316591e-02 4.989020e-02 3.932786e-02 2.961565e-02 2.178260e-02 1.818914e-02 1.410669e-02 1.102958e-02 7.127172e-03 7.418314e-03 5.662656e-03 4.596891e-03 3.925024e-03 2.651298e-03 2.504734e-03 2.223117e-03 1.734964e-03 1.275954e-03 1.028082e-03 8.197921e-04 6.229156e-04 6.790611e-04 4.724451e-04 4.604845e-04 4.491145e-04 2.410608e-04 3.209848e-04 1.881635e-04 1.430606e-04 2.398567e-04 2.933732e-04 9.573230e-05 1.312618e-04 1.653558e-04 9.004523e-05 7.063742e-05 5.196896e-05 3.399839e-05 8.343641e-05 4.915983e-05 3.219316e-05 1.581664e-05 3.109254e-05 7.642494e-05 0.000000e+00 2.957583e-05 1.455131e-05 1.432215e-05 1.410011e-05 1.388484e-05 0.000000e+00 1.347343e-05 0.000000e+00 1.308571e-05 0.000000e+00 0.000000e+00 0.000000e+00 0.000000e+00 3.662242e-05 0.000000e+00 0.000000e+00 1.173493e-05 0.000000e+00 1.143971e-05 0.000000e+00 0.000000e+00 0.000000e+00 0.000000e+00 0.000000e+00 0.000000e+00 1.051395e-05 0.000000e+00 2.055270e-05 0.000000e+00 0.000000e+00 9.939419e-06 0.000000e+00 0.000000e+00 0.000000e+00 0.000000e+00 9.424423e-06 0.000000e+00 0.000000e+00 0.000000e+00
SPEC pip sel1 meanpt 0.4026 yield 1.22846 3.504344e+00 3.255241e+00 2.699146e+00 2.119987e+00 1.649424e+00 1.251265e+00 9.608990e-01 7.582116e-01 5.710875e-01 4.491778e-01 3.521242e-01 2.648396e-01 2.087235e-01 1.624350e-01 1.280007e-01 9.479184e-02 7.591531e-02 5.648626e-02 4.746649e-02 3.509501e-02 2.616402e-02 2.201885e-02 1.689760e-02 1.273409e-02 9.043942e-03 8.817533e-03 6.756983e-03 5.767978e-03 4.762311e-03 3.464516e-03 2.975622e-03 2.621594e-03 2.289352e-03 1.537625e-03 1.208664e-03 9.903636e-04 6.720212e-04 8.721341e-04 6.795851e-04 5.588834e-04 5.248956e-04 2.758256e-04 3.655268e-04 3.007359e-04 2.204834e-04 2.515772e-04 2.989169e-04 1.377054e-04 1.348661e-04 2.147300e-04 8.095305e-05 6.350491e-05 9.344294e-05 3.056545e-05 7.501154e-05 5.892798e-05 1.012988e-04 1.421958e-05 2.795302e-05 1.236745e-04 0.000000e+00 2.658946e-05 5.232805e-05 1.287600e-05 1.267637e-05 2.496567e-05 0.000000e+00 1.211297e-05 0.000000e+00 1.176440e-05 0.000000e+00 0.000000e+00 1.127760e-05 0.000000e+00 4.389937e-05 0.000000e+00 1.068792e-05 1.055001e-05 1.041561e-05 1.028460e-05 0.000000e+00 0.000000e+00 0.000000e+00 0.000000e+00 0.000000e+00 0.000000e+00 9.452321e-06 0.000000e+00 1.847742e-05 0.000000e+00 0.000000e+00 8.935801e-06 0.000000e+00 0.000000e+00 0.000000e+00 0.000000e+00 8.472806e-06 0.000000e+00 0.000000e+00 0.000000e+00
SPEC pim sel0 meanpt 0.3993 yield 0.71737 2.966648e+00 2.744741e+00 2.227442e+00 1.772401e+00 1.379949e+00 1.062411e+00 8.102561e-01 6.469269e-01 4.796582e-01 3.750791e-01 2.879080e-01 2.245172e-01 1.677038e-01 1.332523e-01 1.061869e-01 7.844798e-02 6.184306e-02 4.916264e-02 3.588667e-02 2.667740e-02 2.289169e-02 1.806224e-02 1.451089e-02 1.033298e-02 7.795344e-03 6.277035e-03 5.113550e-03 4.133895e-03 3.637827e-03 3.206221e-03 2.385461e-03 1.847785e-03 1.511097e-03 1.330250e-03 6.853877e-04 7.685551e-04 1.121248e-03 6.790611e-04 5.196896e-04 5.065329e-04 2.021015e-04 2.191462e-04 3.851817e-04 2.508846e-04 1.021862e-04 1.798926e-04 5.867463e-05 7.658584e-05 1.500135e-04 9.186433e-05 9.004523e-05 5.297807e-05 1.039379e-04 6.799677e-05 3.337456e-05 8.193305e-05 4.828974e-05 0.000000e+00 3.109254e-05 3.056998e-05 3.006469e-05 2.957583e-05 2.910262e-05 0.000000e+00 2.820021e-05 1.388484e-05 4.102813e-05 1.347343e-05 1.327674e-05 0.000000e+00 0.000000e+00 1.271968e-05 3.763270e-05 1.237356e-05 1.220747e-05 1.204579e-05 1.188832e-05 2.346985e-05 0.000000e+00 0.000000e+00 0.000000e+00 1.115898e-05 0.000000e+00 0.000000e+00 0.000000e+00 1.063692e-05 0.000000e+00 0.000000e+00 0.000000e+00 1.016153e-05 0.000000e+00 0.000000e+00 0.000000e+00 0.000000e+00 0.000000e+00 0.000000e+00 0.000000e+00 0.000000e+00 0.000000e+00 0.000000e+00
SPEC pim sel1 meanpt 0.4008 yield 1.21578 3.599189e+00 3.261782e+00 2.646491e+00 2.099196e+00 1.626348e+00 1.256022e+00 9.439175e-01 7.615911e-01 5.723380e-01 4.493499e-01 3.388085e-01 2.651240e-01 2.049951e-01 1.604363e-01 1.214597e-01 9.463359e-02 7.333855e-02 5.849528e-02 4.158842e-02 3.220188e-02 2.652298e-02 2.213294e-02 1.686126e-02 1.280367e-02 9.244177e-03 7.855620e-03 6.325029e-03 5.322000e-03 4.504114e-03 4.296000e-03 3.002429e-03 2.154379e-03 2.188721e-03 1.708472e-03 1.042769e-03 9.212685e-04 1.187237e-03 7.413140e-04 7.008221e-04 6.209816e-04 3.028244e-04 4.137383e-04 4.617181e-04 3.195319e-04 1.102417e-04 1.796980e-04 1.582501e-04 1.377054e-04 1.517244e-04 1.321415e-04 1.133343e-04 9.525737e-05 1.090168e-04 7.641362e-05 6.000923e-05 1.031240e-04 4.341376e-05 1.421958e-05 6.988254e-05 2.748322e-05 2.702895e-05 2.658946e-05 2.616402e-05 0.000000e+00 2.535274e-05 1.248284e-05 3.688537e-05 2.422595e-05 1.193614e-05 0.000000e+00 1.159753e-05 1.143533e-05 3.383279e-05 1.112416e-05 1.097484e-05 1.082948e-05 1.068792e-05 2.110002e-05 0.000000e+00 0.000000e+00 0.000000e+00 2.006444e-05 0.000000e+00 0.000000e+00 0.000000e+00 9.562874e-06 0.000000e+00 0.000000e+00 0.000000e+00 9.135483e-06 0.000000e+00 0.000000e+00 0.000000e+00 0.000000e+00 0.000000e+00 0.000000e+00 0.000000e+00 0.000000e+00 0.000000e+00 0.000000e+00
SPEC kp sel0 meanpt 0.5241 yield 0.10369 1.873481e-01 1.806788e-01 1.647936e-01 1.574660e-01 1.374290e-01 1.218672e-01 1.084352e-01 9.640242e-02 8.163712e-02 6.864006e-02 5.058312e-02 4.230951e-02 3.499590e-02 3.031523e-02 2.239145e-02 1.930395e-02 1.350406e-02 1.288830e-02 8.947089e-03 6.109684e-03 5.545468e-03 5.160639e-03 4.001610e-03 2.670320e-03 2.672689e-03 1.890244e-03 1.510042e-03 1.322846e-03 1.084966e-03 9.248713e-04 7.454564e-04 6.351762e-04 6.715989e-04 4.343674e-04 4.744992e-04 2.049480e-04 1.494998e-04 3.152784e-04 7.086677e-05 1.611696e-04 8.982290e-05 1.534024e-04 8.559594e-05 1.463494e-04 1.430606e-04 7.995225e-05 0.000000e+00 1.340252e-04 5.625506e-05 7.349146e-05 3.601809e-05 1.765936e-05 1.732299e-05 5.099758e-05 1.668728e-05 4.915983e-05 1.609658e-05 1.581664e-05 0.000000e+00 0.000000e+00 0.000000e+00 0.000000e+00 0.000000e+00 0.000000e+00 0.000000e+00 0.000000e+00 1.367604e-05 1.347343e-05 1.327674e-05 1.308571e-05 1.290010e-05 0.000000e+00 0.000000e+00 0.000000e+00 0.000000e+00 1.204579e-05 1.188832e-05 0.000000e+00 1.158544e-05 0.000000e+00 0.000000e+00 0.000000e+00 0.000000e+00 2.178340e-05 0.000000e+00 0.000000e+00 0.000000e+00 0.000000e+00 0.000000e+00 0.000000e+00 0.000000e+00 0.000000e+00 0.000000e+00 0.000000e+00 0.000000e+00 0.000000e+00 0.000000e+00 0.000000e+00 0.000000e+00 0.000000e+00
SPEC kp sel1 meanpt 0.5229 yield 0.17726 2.305705e-01 2.114925e-01 1.988466e-01 1.952958e-01 1.602546e-01 1.510378e-01 1.293107e-01 1.137045e-01 9.542174e-02 8.150438e-02 5.918053e-02 5.183036e-02 4.153539e-02 3.639949e-02 2.768650e-02 2.336827e-02 1.575788e-02 1.527792e-02 1.113739e-02 7.966610e-03 6.740427e-03 6.046628e-03 4.578704e-03 3.305296e-03 3.070268e-03 2.212399e-03 1.912936e-03 1.456860e-03 1.290988e-03 1.136361e-03 8.042221e-04 6.489093e-04 7.547315e-04 5.613550e-04 4.976852e-04 2.533488e-04 2.688085e-04 3.270503e-04 6.371110e-05 2.069939e-04 1.009415e-04 2.167201e-04 9.619127e-05 1.503680e-04 1.286153e-04 1.078188e-04 1.758335e-05 1.204922e-04 8.429132e-05 8.258846e-05 3.238122e-05 1.587623e-05 3.114765e-05 4.584817e-05 1.500231e-05 2.946399e-05 1.447125e-05 2.843916e-05 0.000000e+00 0.000000e+00 0.000000e+00 1.329473e-05 0.000000e+00 0.000000e+00 0.000000e+00 0.000000e+00 2.459025e-05 0.000000e+00 1.193614e-05 1.176440e-05 1.159753e-05 1.143533e-05 0.000000e+00 0.000000e+00 0.000000e+00 1.082948e-05 1.068792e-05 0.000000e+00 1.041561e-05 1.028460e-05 0.000000e+00 0.000000e+00 0.000000e+00 1.958385e-05 0.000000e+00 0.000000e+00 0.000000e+00 0.000000e+00 0.000000e+00 0.000000e+00 0.000000e+00 0.000000e+00 0.000000e+00 0.000000e+00 0.000000e+00 8.561526e-06 0.000000e+00 0.000000e+00 0.000000e+00 0.000000e+00
SPEC km sel0 meanpt 0.5189 yield 0.09850 1.873481e-01 1.734031e-01 1.655211e-01 1.499305e-01 1.329828e-01 1.190562e-01 1.033982e-01 9.155199e-02 7.168660e-02 6.433210e-02 5.127604e-02 3.969977e-02 3.194012e-02 2.681213e-02 2.182696e-02 1.760239e-02 1.295287e-02 1.148514e-02 8.553810e-03 7.788681e-03 5.545468e-03 4.441533e-03 3.637827e-03 3.599127e-03 1.670431e-03 1.961574e-03 1.475722e-03 1.587416e-03 1.244520e-03 7.398971e-04 6.261834e-04 4.908180e-04 4.197493e-04 4.072195e-04 3.954160e-04 3.842775e-04 2.242496e-04 1.940175e-04 1.417335e-04 9.209689e-05 4.491145e-05 1.534024e-04 6.419695e-05 1.045353e-04 6.131170e-05 3.997612e-05 5.867463e-05 7.658584e-05 3.750337e-05 3.674573e-05 3.601809e-05 1.765936e-05 1.732299e-05 1.699919e-05 5.006184e-05 1.638661e-05 0.000000e+00 1.581664e-05 0.000000e+00 0.000000e+00 0.000000e+00 0.000000e+00 1.455131e-05 0.000000e+00 0.000000e+00 0.000000e+00 0.000000e+00 0.000000e+00 0.000000e+00 1.308571e-05 1.290010e-05 0.000000e+00 0.000000e+00 0.000000e+00 0.000000e+00 1.204579e-05 0.000000e+00 0.000000e+00 0.000000e+00 0.000000e+00 0.000000e+00 0.000000e+00 0.000000e+00 0.000000e+00 0.000000e+00 0.000000e+00 0.000000e+00 0.000000e+00 0.000000e+00 0.000000e+00 0.000000e+00 0.000000e+00 0.000000e+00 0.000000e+00 0.000000e+00 0.000000e+00 0.000000e+00 0.000000e+00 0.000000e+00 0.000000e+00
SPEC km sel1 meanpt 0.5240 yield 0.16967 2.011359e-01 2.054966e-01 1.945949e-01 1.780088e-01 1.658872e-01 1.416722e-01 1.257886e-01 1.082537e-01 8.618737e-02 7.685682e-02 6.042644e-02 4.678241e-02 3.878817e-02 3.494593e-02 2.616402e-02 2.168027e-02 1.620386e-02 1.368939e-02 1.051864e-02 8.889060e-03 6.820195e-03 5.362104e-03 4.687721e-03 3.688014e-03 2.302701e-03 2.436845e-03 1.882082e-03 2.051497e-03 1.405743e-03 8.869161e-04 8.846443e-04 6.748657e-04 5.283120e-04 5.125415e-04 4.028881e-04 4.606342e-04 3.136099e-04 2.180335e-04 2.548444e-04 1.448957e-04 1.211297e-04 1.379128e-04 9.619127e-05 1.315720e-04 9.186806e-05 3.593959e-05 1.055001e-04 8.606587e-05 3.371653e-05 8.258846e-05 3.238122e-05 3.175246e-05 1.557382e-05 3.056545e-05 7.501154e-05 1.473200e-05 1.447125e-05 1.421958e-05 0.000000e+00 0.000000e+00 0.000000e+00 0.000000e+00 1.308201e-05 0.000000e+00 0.000000e+00 0.000000e+00 0.000000e+00 0.000000e+00 0.000000e+00 2.352880e-05 1.159753e-05 0.000000e+00 0.000000e+00 0.000000e+00 0.000000e+00 1.082948e-05 0.000000e+00 1.055001e-05 0.000000e+00 0.000000e+00 0.000000e+00 0.000000e+00 9.910615e-06 0.000000e+00 9.676045e-06 0.000000e+00 0.000000e+00 0.000000e+00 0.000000e+00 0.000000e+00 0.000000e+00 0.000000e+00 0.000000e+00 0.000000e+00 0.000000e+00 0.000000e+00 0.000000e+00 0.000000e+00 0.000000e+00 0.000000e+00
SPEC p sel0 meanpt 0.5732 yield 0.04940 7.639437e-02 7.396915e-02 7.312033e-02 5.794539e-02 5.578002e-02 4.927602e-02 4.421359e-02 4.062240e-02 3.498734e-02 3.369777e-02 2.563802e-02 2.024530e-02 1.862568e-02 1.542708e-02 1.185430e-02 9.798664e-03 8.874094e-03 7.691406e-03 5.210942e-03 4.057577e-03 4.125828e-03 2.876422e-03 2.425218e-03 1.548012e-03 1.373465e-03 1.533594e-03 9.609355e-04 9.590636e-04 4.786615e-04 4.316066e-04 4.770921e-04 3.175881e-04 4.477326e-04 2.443317e-04 1.581664e-04 1.537110e-04 1.494998e-04 1.940175e-04 1.653558e-04 9.209689e-05 6.736717e-05 6.574387e-05 6.419695e-05 8.362821e-05 0.000000e+00 5.996419e-05 1.955821e-05 0.000000e+00 7.500675e-05 0.000000e+00 1.800905e-05 0.000000e+00 0.000000e+00 5.099758e-05 1.668728e-05 3.277322e-05 1.609658e-05 3.163328e-05 0.000000e+00 0.000000e+00 3.006469e-05 0.000000e+00 0.000000e+00 1.432215e-05 0.000000e+00 0.000000e+00 1.367604e-05 0.000000e+00 0.000000e+00 0.000000e+00 0.000000e+00 1.271968e-05 0.000000e+00 0.000000e+00 0.000000e+00 0.000000e+00 0.000000e+00 1.173493e-05 0.000000e+00 0.000000e+00 0.000000e+00 0.000000e+00 0.000000e+00 0.000000e+00 0.000000e+00 0.000000e+00 0.000000e+00 0.000000e+00 0.000000e+00 0.000000e+00 0.000000e+00 0.000000e+00 0.000000e+00 0.000000e+00 0.000000e+00 0.000000e+00 0.000000e+00 0.000000e+00 0.000000e+00 0.000000e+00
SPEC p sel1 meanpt 0.5819 yield 0.08426 8.993883e-02 8.121749e-02 8.307078e-02 7.008221e-02 6.322973e-02 5.931503e-02 5.346015e-02 4.589606e-02 4.088129e-02 4.027883e-02 3.068043e-02 2.467097e-02 2.138909e-02 1.829059e-02 1.409700e-02 1.176326e-02 1.075302e-02 9.811509e-03 6.850378e-03 5.157332e-03 5.224828e-03 3.726852e-03 2.725419e-03 1.878800e-03 2.035721e-03 1.795570e-03 1.172444e-03 1.070346e-03 5.737725e-04 6.097548e-04 7.237999e-04 3.633892e-04 5.534697e-04 3.172876e-04 2.606923e-04 1.612220e-04 2.240071e-04 1.962302e-04 2.123703e-04 8.279755e-05 6.056487e-05 9.850913e-05 7.695301e-05 9.397997e-05 0.000000e+00 7.187919e-05 5.275005e-05 0.000000e+00 1.011496e-04 1.651769e-05 1.619061e-05 1.587623e-05 0.000000e+00 4.584817e-05 1.500231e-05 2.946399e-05 2.894250e-05 2.843916e-05 0.000000e+00 0.000000e+00 2.702895e-05 0.000000e+00 1.308201e-05 1.287600e-05 0.000000e+00 0.000000e+00 1.229512e-05 0.000000e+00 0.000000e+00 0.000000e+00 0.000000e+00 1.143533e-05 0.000000e+00 0.000000e+00 1.097484e-05 0.000000e+00 0.000000e+00 1.055001e-05 0.000000e+00 0.000000e+00 0.000000e+00 0.000000e+00 0.000000e+00 0.000000e+00 0.000000e+00 0.000000e+00 0.000000e+00 0.000000e+00 0.000000e+00 0.000000e+00 0.000000e+00 0.000000e+00 0.000000e+00 0.000000e+00 0.000000e+00 0.000000e+00 0.000000e+00 0.000000e+00 0.000000e+00 0.000000e+00
SPEC pbar sel0 meanpt 0.5657 yield 0.04541 6.729980e-02 4.971697e-02 5.966037e-02 5.170912e-02 5.497161e-02 4.547284e-02 4.505309e-02 3.649953e-02 3.488034e-02 3.274045e-02 2.338603e-02 2.064072e-02 1.586093e-02 1.259766e-02 1.248151e-02 8.977219e-03 8.047315e-03 6.600058e-03 4.522704e-03 4.570603e-03 2.839280e-03 2.326517e-03 2.263537e-03 1.857614e-03 1.633310e-03 1.034284e-03 9.266164e-04 8.598501e-04 5.105722e-04 3.699485e-04 2.981826e-04 4.042030e-04 5.596657e-05 2.443317e-04 1.318053e-04 1.793295e-04 1.494998e-04 1.212609e-04 1.181113e-04 1.381453e-04 4.491145e-05 4.382924e-05 1.497929e-04 2.090705e-05 2.043723e-05 5.996419e-05 0.000000e+00 0.000000e+00 1.875169e-05 1.837287e-05 1.800905e-05 0.000000e+00 1.732299e-05 1.699919e-05 0.000000e+00 0.000000e+00 0.000000e+00 0.000000e+00 1.554627e-05 0.000000e+00 0.000000e+00 1.478792e-05 0.000000e+00 0.000000e+00 0.000000e+00 0.000000e+00 0.000000e+00 0.000000e+00 0.000000e+00 0.000000e+00 0.000000e+00 0.000000e+00 0.000000e+00 0.000000e+00 0.000000e+00 1.204579e-05 0.000000e+00 0.000000e+00 0.000000e+00 0.000000e+00 0.000000e+00 0.000000e+00 0.000000e+00 0.000000e+00 0.000000e+00 0.000000e+00 0.000000e+00 0.000000e+00 0.000000e+00 0.000000e+00 0.000000e+00 0.000000e+00 0.000000e+00 0.000000e+00 0.000000e+00 0.000000e+00 0.000000e+00 0.000000e+00 0.000000e+00 0.000000e+00
SPEC pbar sel1 meanpt 0.5694 yield 0.07662 7.195107e-02 6.541006e-02 7.227812e-02 5.793463e-02 6.104939e-02 5.693649e-02 5.346015e-02 4.589606e-02 4.030414e-02 3.623373e-02 2.663124e-02 2.488426e-02 1.844564e-02 1.556517e-02 1.398422e-02 1.097201e-02 9.365531e-03 7.195107e-03 5.391910e-03 5.031543e-03 3.709229e-03 3.080358e-03 2.652741e-03 2.400688e-03 1.935604e-03 1.282550e-03 1.049029e-03 1.010883e-03 7.459042e-04 5.543226e-04 4.825332e-04 4.412583e-04 1.257886e-04 3.172876e-04 9.479719e-05 1.842537e-04 1.568049e-04 1.308201e-04 1.274222e-04 1.448957e-04 1.009415e-04 3.940365e-05 1.539060e-04 1.879599e-05 5.512084e-05 7.187919e-05 1.758335e-05 0.000000e+00 3.371653e-05 1.651769e-05 1.619061e-05 0.000000e+00 1.557382e-05 1.528272e-05 0.000000e+00 0.000000e+00 1.447125e-05 0.000000e+00 1.397651e-05 0.000000e+00 0.000000e+00 2.658946e-05 0.000000e+00 0.000000e+00 0.000000e+00 1.248284e-05 0.000000e+00 0.000000e+00 0.000000e+00 0.000000e+00 0.000000e+00 0.000000e+00 0.000000e+00 0.000000e+00 0.000000e+00 1.082948e-05 0.000000e+00 1.055001e-05 0.000000e+00 0.000000e+00 0.000000e+00 0.000000e+00 0.000000e+00 0.000000e+00 0.000000e+00 0.000000e+00 0.000000e+00 0.000000e+00 0.000000e+00 0.000000e+00 0.000000e+00 0.000000e+00 0.000000e+00 0.000000e+00 0.000000e+00 0.000000e+00 0.000000e+00 0.000000e+00 0.000000e+00 0.000000e+00
SPEC pinc sel0 meanpt 0.5535 yield 0.07328 1.291429e-01 1.170168e-01 1.102262e-01 8.756770e-02 9.478561e-02 7.970149e-02 7.219688e-02 6.002415e-02 5.253451e-02 4.853627e-02 3.923657e-02 2.981437e-02 2.735646e-02 2.182696e-02 1.662111e-02 1.308444e-02 1.234657e-02 1.044576e-02 7.079015e-03 6.016407e-03 5.412377e-03 3.933929e-03 3.314465e-03 2.283317e-03 1.893155e-03 2.032903e-03 1.098212e-03 1.455131e-03 8.296799e-04 7.090680e-04 5.963651e-04 4.330747e-04 5.036992e-04 3.257756e-04 2.108885e-04 2.049480e-04 2.242496e-04 2.182696e-04 1.653558e-04 9.209689e-05 1.122786e-04 8.765849e-05 8.559594e-05 1.045353e-04 2.043723e-05 5.996419e-05 1.955821e-05 1.914646e-05 7.500675e-05 1.837287e-05 1.800905e-05 0.000000e+00 0.000000e+00 5.099758e-05 3.337456e-05 3.277322e-05 3.219316e-05 3.163328e-05 0.000000e+00 0.000000e+00 3.006469e-05 0.000000e+00 0.000000e+00 1.432215e-05 0.000000e+00 0.000000e+00 2.735208e-05 0.000000e+00 0.000000e+00 0.000000e+00 0.000000e+00 1.271968e-05 0.000000e+00 0.000000e+00 0.000000e+00 0.000000e+00 0.000000e+00 1.173493e-05 0.000000e+00 0.000000e+00 0.000000e+00 0.000000e+00 0.000000e+00 0.000000e+00 0.000000e+00 0.000000e+00 0.000000e+00 0.000000e+00 0.000000e+00 0.000000e+00 0.000000e+00 0.000000e+00 0.000000e+00 0.000000e+00 9.623882e-06 0.000000e+00 0.000000e+00 0.000000e+00 0.000000e+00 0.000000e+00
SPEC pinc sel1 meanpt 0.5600 yield 0.12475 1.406316e-01 1.280947e-01 1.272226e-01 1.093282e-01 1.061097e-01 9.618252e-02 8.704570e-02 7.009778e-02 6.185098e-02 5.792233e-02 4.547557e-02 3.668651e-02 3.133142e-02 2.604289e-02 1.990496e-02 1.571951e-02 1.501458e-02 1.312873e-02 9.413745e-03 7.295738e-03 6.660659e-03 5.133929e-03 3.633892e-03 2.748614e-03 2.569681e-03 2.372718e-03 1.480983e-03 1.605520e-03 9.754132e-04 8.869161e-04 8.310295e-04 4.672147e-04 6.289429e-04 4.149146e-04 3.317902e-04 2.303171e-04 2.912092e-04 2.180335e-04 2.548444e-04 8.279755e-05 1.211297e-04 1.182110e-04 9.619127e-05 1.315720e-04 1.837361e-05 7.187919e-05 5.275005e-05 1.721317e-05 1.180078e-04 4.955308e-05 1.619061e-05 1.587623e-05 0.000000e+00 4.584817e-05 3.000462e-05 2.946399e-05 4.341376e-05 2.843916e-05 1.397651e-05 0.000000e+00 2.702895e-05 0.000000e+00 1.308201e-05 1.287600e-05 0.000000e+00 0.000000e+00 2.459025e-05 0.000000e+00 0.000000e+00 0.000000e+00 0.000000e+00 1.143533e-05 0.000000e+00 0.000000e+00 1.097484e-05 0.000000e+00 0.000000e+00 1.055001e-05 0.000000e+00 0.000000e+00 0.000000e+00 0.000000e+00 0.000000e+00 0.000000e+00 0.000000e+00 0.000000e+00 0.000000e+00 0.000000e+00 0.000000e+00 0.000000e+00 0.000000e+00 0.000000e+00 0.000000e+00 0.000000e+00 8.652124e-06 0.000000e+00 0.000000e+00 0.000000e+00 0.000000e+00 0.000000e+00
SPEC pbarinc sel0 meanpt 0.5484 yield 0.06752 1.073159e-01 9.822134e-02 9.240081e-02 7.925267e-02 8.407423e-02 7.126834e-02 7.233680e-02 5.602254e-02 5.446041e-02 4.652590e-02 3.455936e-02 3.044703e-02 2.226350e-02 1.852597e-02 1.668383e-02 1.314312e-02 1.129931e-02 9.510320e-03 6.882376e-03 6.249601e-03 4.081465e-03 3.172524e-03 2.910262e-03 2.399418e-03 2.264362e-03 1.426599e-03 1.166850e-03 1.124419e-03 6.701261e-04 5.240938e-04 4.174556e-04 5.485613e-04 1.119331e-04 3.257756e-04 1.581664e-04 2.561850e-04 1.993330e-04 1.940175e-04 1.417335e-04 1.381453e-04 4.491145e-05 4.382924e-05 1.711919e-04 1.045353e-04 2.043723e-05 5.996419e-05 0.000000e+00 0.000000e+00 1.875169e-05 3.674573e-05 1.800905e-05 0.000000e+00 1.732299e-05 3.399839e-05 0.000000e+00 0.000000e+00 0.000000e+00 0.000000e+00 1.554627e-05 0.000000e+00 0.000000e+00 1.478792e-05 0.000000e+00 1.432215e-05 0.000000e+00 0.000000e+00 0.000000e+00 0.000000e+00 1.327674e-05 0.000000e+00 0.000000e+00 0.000000e+00 0.000000e+00 0.000000e+00 0.000000e+00 1.204579e-05 0.000000e+00 0.000000e+00 0.000000e+00 0.000000e+00 0.000000e+00 0.000000e+00 0.000000e+00 0.000000e+00 0.000000e+00 0.000000e+00 0.000000e+00 0.000000e+00 0.000000e+00 0.000000e+00 0.000000e+00 0.000000e+00 0.000000e+00 0.000000e+00 0.000000e+00 0.000000e+00 0.000000e+00 0.000000e+00 0.000000e+00 0.000000e+00
SPEC pbarinc sel1 meanpt 0.5493 yield 0.11416 1.144676e-01 1.182832e-01 1.144676e-01 9.461098e-02 9.702492e-02 8.830358e-02 8.339783e-02 7.096992e-02 6.233194e-02 5.224198e-02 4.041407e-02 3.654432e-02 2.590238e-02 2.295409e-02 1.905914e-02 1.566676e-02 1.318112e-02 1.102627e-02 7.911082e-03 6.792583e-03 5.145060e-03 4.107143e-03 3.270503e-03 2.957370e-03 2.636426e-03 1.699379e-03 1.295860e-03 1.278469e-03 9.754132e-04 6.929032e-04 7.237999e-04 5.969966e-04 2.012617e-04 4.149146e-04 1.421958e-04 2.994123e-04 2.240071e-04 1.962302e-04 1.486592e-04 1.448957e-04 1.211297e-04 5.910548e-05 1.731443e-04 9.397997e-05 5.512084e-05 7.187919e-05 1.758335e-05 0.000000e+00 3.371653e-05 3.303538e-05 1.619061e-05 1.587623e-05 1.557382e-05 3.056545e-05 0.000000e+00 0.000000e+00 1.447125e-05 0.000000e+00 1.397651e-05 0.000000e+00 0.000000e+00 2.658946e-05 0.000000e+00 1.287600e-05 0.000000e+00 1.248284e-05 0.000000e+00 0.000000e+00 1.193614e-05 0.000000e+00 0.000000e+00 0.000000e+00 0.000000e+00 0.000000e+00 0.000000e+00 1.082948e-05 0.000000e+00 1.055001e-05 0.000000e+00 0.000000e+00 0.000000e+00 0.000000e+00 0.000000e+00 0.000000e+00 0.000000e+00 0.000000e+00 0.000000e+00 0.000000e+00 0.000000e+00 0.000000e+00 0.000000e+00 0.000000e+00 0.000000e+00 0.000000e+00 0.000000e+00 0.000000e+00 0.000000e+00 0.000000e+00 0.000000e+00 0.000000e+00
SPEC chpm sel0eta05 meanpt 0.4597 yield 2.08512 3.139809e+00 3.061717e+00 3.261785e+00 3.021761e+00 2.553553e+00 2.082788e+00 1.667650e+00 1.374335e+00 1.065177e+00 8.709629e-01 6.839722e-01 5.308855e-01 4.214423e-01 3.391533e-01 2.665022e-01 2.056077e-01 1.618943e-01 1.307071e-01 9.969122e-02 7.681879e-02 6.108444e-02 5.054465e-02 3.941384e-02 3.004304e-02 2.250256e-02 1.977266e-02 1.520680e-02 1.351949e-02 1.083370e-02 8.955837e-03 7.221982e-03 5.638632e-03 5.132135e-03 3.952744e-03 2.878629e-03 2.438881e-03 2.249971e-03 2.037183e-03 1.603951e-03 1.369941e-03 9.902974e-04 9.664348e-04 1.003612e-03 8.634613e-04 5.007122e-04 5.876490e-04 5.065577e-04 3.886731e-04 4.331640e-04 4.501352e-04 2.395203e-04 1.854232e-04 2.061435e-04 2.141898e-04 1.985786e-04 1.950007e-04 1.802817e-04 8.857319e-05 8.705911e-05 1.176944e-04 4.209056e-05 7.246079e-05 8.148733e-05 3.007652e-05 2.961022e-05 2.915816e-05 6.701261e-05 3.772562e-05 2.788116e-05 3.663999e-05 2.709020e-05 2.671132e-05 3.512385e-05 8.661494e-06 5.127139e-05 3.372820e-05 2.496548e-05 4.928669e-05 1.621961e-05 1.601559e-05 0.000000e+00 1.562257e-05 7.716603e-06 1.524838e-05 7.533962e-06 7.445845e-06 7.359766e-06 0.000000e+00 1.438689e-05 7.113070e-06 0.000000e+00 6.957593e-06 0.000000e+00 0.000000e+00 6.736717e-06 6.666176e-06 6.597096e-06 0.000000e+00 0.000000e+00 0.000000e+00
