# gen_world scan_p2.28_s0.420_k0.217_q0.081 mode set MultipartonInteractions:pT0Ref=2.28;StringPT:sigma=0.420 nev 100000 seed 20260913
SUMMARY nev 100000 nnsd 77909 dnde 2.5314 eps 0.5047 classN 18.1748 16.6922 8.6151 1.6950 meanpt_ch05 0.4986
SPEC pip sel0 meanpt 0.4404 yield 0.89602 3.295872e+00 2.948459e+00 2.479179e+00 2.009380e+00 1.563053e+00 1.222310e+00 9.640242e-01 7.634587e-01 6.027024e-01 4.811505e-01 3.705387e-01 3.026514e-01 2.369681e-01 1.958364e-01 1.478965e-01 1.208697e-01 9.370161e-02 7.265261e-02 5.751700e-02 4.505309e-02 3.637827e-02 2.851041e-02 2.465638e-02 1.981455e-02 1.566493e-02 1.344569e-02 1.005550e-02 8.433145e-03 6.828904e-03 5.857518e-03 4.920012e-03 2.916036e-03 3.078162e-03 2.063245e-03 2.319774e-03 2.126336e-03 1.320581e-03 1.527887e-03 1.133868e-03 9.670174e-04 6.063045e-04 5.259509e-04 4.707776e-04 3.972340e-04 5.109308e-04 3.797732e-04 3.324896e-04 3.637827e-04 4.500405e-04 1.286101e-04 1.620814e-04 1.765936e-04 1.385839e-04 1.529927e-04 8.343641e-05 1.310929e-04 6.438632e-05 0.000000e+00 1.554627e-05 9.170993e-05 3.006469e-05 2.957583e-05 1.455131e-05 1.432215e-05 1.410011e-05 1.388484e-05 1.367604e-05 2.694687e-05 2.655348e-05 2.617142e-05 0.000000e+00 1.271968e-05 2.508846e-05 0.000000e+00 0.000000e+00 0.000000e+00 3.566497e-05 0.000000e+00 0.000000e+00 0.000000e+00 2.259520e-05 2.231796e-05 0.000000e+00 0.000000e+00 0.000000e+00 0.000000e+00 0.000000e+00 2.078758e-05 0.000000e+00 0.000000e+00 1.004925e-05 0.000000e+00 0.000000e+00 0.000000e+00 0.000000e+00 0.000000e+00 0.000000e+00 0.000000e+00 0.000000e+00 0.000000e+00
SPEC pip sel1 meanpt 0.4424 yield 1.52017 3.935310e+00 3.487522e+00 2.938735e+00 2.377389e+00 1.858886e+00 1.452267e+00 1.139963e+00 8.984100e-01 7.107130e-01 5.629613e-01 4.449092e-01 3.601778e-01 2.797862e-01 2.291603e-01 1.740774e-01 1.460822e-01 1.113776e-01 8.731645e-02 7.133346e-02 5.414027e-02 4.400558e-02 3.458561e-02 2.977994e-02 2.440966e-02 1.901084e-02 1.659901e-02 1.221073e-02 9.567879e-03 8.658738e-03 7.201846e-03 5.974444e-03 3.917048e-03 4.249089e-03 2.731906e-03 2.842200e-03 2.554978e-03 1.790975e-03 1.699636e-03 1.337126e-03 1.117093e-03 7.061639e-04 6.694580e-04 6.152527e-04 5.259704e-04 5.692384e-04 5.746866e-04 3.338821e-04 4.128670e-04 4.548985e-04 1.485695e-04 2.103509e-04 1.903998e-04 1.712087e-04 1.374615e-04 1.199461e-04 1.325080e-04 8.677513e-05 1.421100e-05 1.396808e-05 8.239992e-05 4.051897e-05 3.986012e-05 1.307412e-05 5.147291e-05 2.533744e-05 1.247531e-05 1.228771e-05 2.421133e-05 3.578683e-05 2.351460e-05 0.000000e+00 2.285685e-05 2.254159e-05 0.000000e+00 0.000000e+00 1.082295e-05 3.204441e-05 0.000000e+00 0.000000e+00 0.000000e+00 2.030143e-05 2.005233e-05 0.000000e+00 0.000000e+00 0.000000e+00 0.000000e+00 0.000000e+00 1.867731e-05 0.000000e+00 0.000000e+00 9.029089e-06 0.000000e+00 0.000000e+00 0.000000e+00 0.000000e+00 0.000000e+00 0.000000e+00 0.000000e+00 0.000000e+00 0.000000e+00
SPEC pim sel0 meanpt 0.4415 yield 0.88450 3.226753e+00 2.912687e+00 2.409333e+00 1.938442e+00 1.564266e+00 1.227105e+00 9.612259e-01 7.536365e-01 5.808754e-01 4.660248e-01 3.764285e-01 2.911053e-01 2.365315e-01 1.831713e-01 1.526633e-01 1.202243e-01 9.226853e-02 7.608256e-02 5.894263e-02 4.687201e-02 3.868519e-02 3.049853e-02 2.344378e-02 1.842134e-02 1.458843e-02 1.308905e-02 9.472079e-03 7.970149e-03 6.573618e-03 5.610886e-03 4.830558e-03 3.262496e-03 2.574462e-03 2.633353e-03 2.609746e-03 1.690821e-03 1.644497e-03 1.261113e-03 9.685125e-04 1.013066e-03 6.063045e-04 5.478656e-04 6.847675e-04 4.599552e-04 4.087446e-04 5.196896e-04 2.346985e-04 2.489040e-04 7.500675e-05 2.021015e-04 9.004523e-05 2.119123e-04 1.559069e-04 1.529927e-04 8.343641e-05 8.193305e-05 4.828974e-05 3.163328e-05 6.218508e-05 4.585497e-05 0.000000e+00 4.436375e-05 2.910262e-05 4.296646e-05 0.000000e+00 5.553935e-05 1.367604e-05 1.347343e-05 1.327674e-05 2.617142e-05 1.290010e-05 0.000000e+00 1.254423e-05 1.237356e-05 0.000000e+00 2.409157e-05 1.188832e-05 1.173493e-05 0.000000e+00 0.000000e+00 1.129760e-05 0.000000e+00 0.000000e+00 0.000000e+00 0.000000e+00 3.191077e-05 0.000000e+00 0.000000e+00 1.027635e-05 0.000000e+00 0.000000e+00 0.000000e+00 0.000000e+00 0.000000e+00 0.000000e+00 0.000000e+00 0.000000e+00 0.000000e+00 0.000000e+00 0.000000e+00
SPEC pim sel1 meanpt 0.4435 yield 1.49962 3.755541e+00 3.432501e+00 2.888400e+00 2.325793e+00 1.839456e+00 1.445285e+00 1.129654e+00 8.955772e-01 6.863913e-01 5.515214e-01 4.480221e-01 3.443325e-01 2.818780e-01 2.174783e-01 1.803327e-01 1.406522e-01 1.135567e-01 8.941764e-02 6.885998e-02 5.590024e-02 4.548040e-02 3.583981e-02 2.865411e-02 2.274062e-02 1.787686e-02 1.582994e-02 1.168654e-02 9.865018e-03 8.228668e-03 6.952551e-03 5.304664e-03 4.461803e-03 3.494813e-03 3.219746e-03 2.960625e-03 2.094621e-03 2.014847e-03 1.568894e-03 1.337126e-03 1.303275e-03 7.868683e-04 7.088378e-04 7.498393e-04 5.823243e-04 4.590632e-04 5.926456e-04 3.338821e-04 3.096502e-04 1.179367e-04 2.476159e-04 1.779893e-04 2.379998e-04 2.179020e-04 1.680086e-04 7.496629e-05 1.472311e-04 5.785009e-05 7.105500e-05 6.984039e-05 6.866660e-05 8.103794e-05 5.314683e-05 3.922236e-05 3.860469e-05 2.533744e-05 6.237653e-05 1.228771e-05 2.421133e-05 1.192894e-05 3.527191e-05 1.159053e-05 0.000000e+00 2.254159e-05 1.111745e-05 0.000000e+00 1.082295e-05 2.136294e-05 1.054365e-05 0.000000e+00 0.000000e+00 1.015071e-05 1.002617e-05 0.000000e+00 0.000000e+00 0.000000e+00 2.867132e-05 0.000000e+00 0.000000e+00 9.233136e-06 0.000000e+00 0.000000e+00 8.930410e-06 0.000000e+00 0.000000e+00 0.000000e+00 0.000000e+00 0.000000e+00 0.000000e+00 0.000000e+00 0.000000e+00
SPEC kp sel0 meanpt 0.5714 yield 0.09862 1.509698e-01 1.467257e-01 1.455131e-01 1.317413e-01 1.097411e-01 1.033474e-01 9.640242e-02 8.172985e-02 7.050965e-02 5.782231e-02 5.032328e-02 3.811810e-02 3.543244e-02 3.078680e-02 2.402220e-02 1.971468e-02 1.675605e-02 1.439540e-02 1.101180e-02 8.534902e-03 6.920745e-03 6.091246e-03 4.527074e-03 3.250824e-03 3.266620e-03 2.246893e-03 2.230743e-03 1.885056e-03 1.308341e-03 1.263991e-03 1.043639e-03 8.950210e-04 5.036992e-04 6.786991e-04 5.535824e-04 3.842775e-04 3.488328e-04 3.152784e-04 2.598448e-04 2.532665e-04 3.592916e-04 2.191462e-05 2.139898e-04 1.045353e-04 1.021862e-04 5.996419e-05 7.823284e-05 3.829292e-05 1.125101e-04 3.674573e-05 3.601809e-05 0.000000e+00 3.464597e-05 3.399839e-05 3.337456e-05 3.277322e-05 1.609658e-05 4.744992e-05 0.000000e+00 0.000000e+00 0.000000e+00 0.000000e+00 0.000000e+00 0.000000e+00 1.410011e-05 1.388484e-05 1.367604e-05 0.000000e+00 2.655348e-05 1.308571e-05 0.000000e+00 0.000000e+00 0.000000e+00 1.237356e-05 0.000000e+00 1.204579e-05 0.000000e+00 0.000000e+00 0.000000e+00 0.000000e+00 1.129760e-05 0.000000e+00 0.000000e+00 0.000000e+00 0.000000e+00 0.000000e+00 0.000000e+00 0.000000e+00 0.000000e+00 0.000000e+00 0.000000e+00 0.000000e+00 0.000000e+00 0.000000e+00 0.000000e+00 0.000000e+00 0.000000e+00 0.000000e+00 0.000000e+00 0.000000e+00
SPEC kp sel1 meanpt 0.5735 yield 0.16803 1.748664e-01 1.743216e-01 1.751932e-01 1.540878e-01 1.349177e-01 1.197471e-01 1.187985e-01 9.631269e-02 8.488565e-02 6.812305e-02 5.836661e-02 4.639892e-02 4.236015e-02 3.559066e-02 2.986760e-02 2.229981e-02 1.911595e-02 1.736990e-02 1.298578e-02 1.030844e-02 8.410486e-03 7.221171e-03 5.265965e-03 4.207363e-03 4.002282e-03 2.755819e-03 2.744332e-03 2.317685e-03 1.605594e-03 1.384970e-03 1.285979e-03 1.167332e-03 7.542762e-04 8.049365e-04 6.394950e-04 4.833742e-04 3.581951e-04 3.704334e-04 3.395875e-04 2.482428e-04 4.438745e-04 1.968994e-04 2.499464e-04 1.314926e-04 1.469002e-04 8.979478e-05 8.786371e-05 8.601395e-05 1.179367e-04 4.952318e-05 3.236168e-05 0.000000e+00 3.112886e-05 3.054701e-05 4.497977e-05 2.944622e-05 2.892504e-05 5.684400e-05 0.000000e+00 0.000000e+00 0.000000e+00 1.328671e-05 0.000000e+00 0.000000e+00 2.533744e-05 1.247531e-05 2.457541e-05 0.000000e+00 2.385788e-05 1.175730e-05 0.000000e+00 0.000000e+00 0.000000e+00 1.111745e-05 0.000000e+00 1.082295e-05 0.000000e+00 0.000000e+00 0.000000e+00 0.000000e+00 1.015071e-05 0.000000e+00 0.000000e+00 0.000000e+00 0.000000e+00 0.000000e+00 0.000000e+00 0.000000e+00 0.000000e+00 0.000000e+00 0.000000e+00 0.000000e+00 0.000000e+00 0.000000e+00 0.000000e+00 0.000000e+00 0.000000e+00 0.000000e+00 0.000000e+00 0.000000e+00
SPEC km sel0 meanpt 0.5698 yield 0.09668 1.473320e-01 1.521824e-01 1.360547e-01 1.226467e-01 1.145916e-01 1.046702e-01 8.632844e-02 8.112355e-02 7.371950e-02 5.629059e-02 4.850436e-02 4.373301e-02 3.637827e-02 2.694687e-02 2.257962e-02 1.983203e-02 1.620487e-02 1.314815e-02 1.101180e-02 7.368932e-03 6.477107e-03 5.499041e-03 4.284552e-03 3.483026e-03 2.969655e-03 2.068568e-03 2.299381e-03 2.050412e-03 1.435984e-03 1.202333e-03 1.222549e-03 8.661494e-04 6.436156e-04 5.701073e-04 2.372496e-04 3.842775e-04 2.740829e-04 3.880349e-04 1.417335e-04 2.993149e-04 2.470130e-04 1.095731e-04 1.925909e-04 4.181411e-05 8.174893e-05 1.399164e-04 1.955821e-05 3.829292e-05 7.500675e-05 3.674573e-05 5.402714e-05 3.531871e-05 5.196896e-05 0.000000e+00 0.000000e+00 1.638661e-05 1.287726e-04 4.744992e-05 1.554627e-05 0.000000e+00 0.000000e+00 1.478792e-05 0.000000e+00 2.864431e-05 2.820021e-05 1.388484e-05 0.000000e+00 0.000000e+00 1.327674e-05 1.308571e-05 3.870029e-05 0.000000e+00 0.000000e+00 0.000000e+00 0.000000e+00 0.000000e+00 0.000000e+00 0.000000e+00 0.000000e+00 0.000000e+00 0.000000e+00 0.000000e+00 0.000000e+00 0.000000e+00 0.000000e+00 0.000000e+00 0.000000e+00 0.000000e+00 0.000000e+00 0.000000e+00 0.000000e+00 0.000000e+00 0.000000e+00 0.000000e+00 0.000000e+00 0.000000e+00 0.000000e+00 0.000000e+00 0.000000e+00 0.000000e+00
SPEC km sel1 meanpt 0.5757 yield 0.16539 1.617922e-01 1.732321e-01 1.588506e-01 1.431149e-01 1.332834e-01 1.258384e-01 1.098729e-01 9.413367e-02 8.575085e-02 6.648878e-02 5.992305e-02 5.087538e-02 4.236015e-02 3.341164e-02 2.744438e-02 2.425038e-02 1.985880e-02 1.657612e-02 1.280910e-02 9.218931e-03 7.972025e-03 6.347029e-03 4.721210e-03 4.172592e-03 4.135691e-03 2.787864e-03 2.929343e-03 2.377113e-03 1.576922e-03 1.551167e-03 1.527100e-03 1.089510e-03 7.542762e-04 7.805445e-04 4.026450e-04 5.294098e-04 2.462591e-04 5.011746e-04 2.971391e-04 2.896166e-04 2.824656e-04 1.575195e-04 2.114931e-04 1.690619e-04 1.285377e-04 1.436717e-04 1.757274e-05 6.881116e-05 8.424047e-05 4.952318e-05 4.854253e-05 3.173330e-05 4.669329e-05 1.527350e-05 0.000000e+00 2.944622e-05 1.157002e-04 4.263300e-05 1.396808e-05 0.000000e+00 0.000000e+00 1.328671e-05 2.614824e-05 3.860469e-05 2.533744e-05 1.247531e-05 1.228771e-05 0.000000e+00 1.192894e-05 1.175730e-05 3.477160e-05 0.000000e+00 0.000000e+00 0.000000e+00 1.096822e-05 0.000000e+00 0.000000e+00 0.000000e+00 0.000000e+00 0.000000e+00 0.000000e+00 0.000000e+00 0.000000e+00 0.000000e+00 0.000000e+00 0.000000e+00 0.000000e+00 0.000000e+00 0.000000e+00 0.000000e+00 0.000000e+00 0.000000e+00 0.000000e+00 0.000000e+00 0.000000e+00 0.000000e+00 0.000000e+00 0.000000e+00 0.000000e+00 0.000000e+00
SPEC p sel0 meanpt 0.6351 yield 0.05267 5.456741e-02 6.548089e-02 6.257063e-02 4.963036e-02 5.113168e-02 4.514213e-02 4.141526e-02 3.989484e-02 3.776921e-02 2.948555e-02 2.685063e-02 2.261780e-02 1.724330e-02 1.711126e-02 1.492764e-02 1.132420e-02 1.135443e-02 8.574879e-03 6.734896e-03 4.990353e-03 4.480738e-03 4.230032e-03 3.314465e-03 2.979922e-03 2.524207e-03 1.640589e-03 1.887552e-03 9.259924e-04 1.148788e-03 8.940423e-04 4.770921e-04 6.929195e-04 4.757159e-04 4.072195e-04 4.744992e-04 4.098960e-04 4.484993e-04 1.697653e-04 1.889780e-04 1.611696e-04 1.571901e-04 1.095731e-04 1.069949e-04 1.045353e-04 6.131170e-05 5.996419e-05 7.823284e-05 7.658584e-05 1.875169e-05 5.511860e-05 0.000000e+00 0.000000e+00 3.464597e-05 1.699919e-05 3.337456e-05 0.000000e+00 3.219316e-05 1.581664e-05 0.000000e+00 0.000000e+00 1.503234e-05 0.000000e+00 0.000000e+00 0.000000e+00 0.000000e+00 0.000000e+00 0.000000e+00 0.000000e+00 0.000000e+00 0.000000e+00 1.290010e-05 0.000000e+00 0.000000e+00 0.000000e+00 0.000000e+00 0.000000e+00 1.188832e-05 0.000000e+00 1.158544e-05 0.000000e+00 0.000000e+00 0.000000e+00 0.000000e+00 1.089170e-05 0.000000e+00 0.000000e+00 0.000000e+00 0.000000e+00 0.000000e+00 0.000000e+00 0.000000e+00 0.000000e+00 0.000000e+00 0.000000e+00 0.000000e+00 0.000000e+00 0.000000e+00 0.000000e+00 0.000000e+00 0.000000e+00
SPEC p sel1 meanpt 0.6411 yield 0.09040 6.373634e-02 7.681046e-02 7.027340e-02 6.046781e-02 6.155732e-02 5.289076e-02 4.953080e-02 4.456096e-02 4.499036e-02 3.535173e-02 3.144015e-02 2.771145e-02 2.196452e-02 2.148756e-02 1.792056e-02 1.391761e-02 1.312364e-02 1.027252e-02 8.259664e-03 6.201826e-03 5.540557e-03 5.054820e-03 3.958553e-03 3.616246e-03 2.968359e-03 2.179020e-03 2.220134e-03 1.366840e-03 1.462237e-03 1.163375e-03 6.965720e-04 9.338657e-04 5.531359e-04 5.366243e-04 5.447550e-04 4.833742e-04 5.149054e-04 1.743216e-04 1.910180e-04 2.482428e-04 1.412328e-04 9.844970e-05 1.922665e-04 9.392328e-05 9.181264e-05 3.591791e-05 1.054365e-04 8.601395e-05 5.054428e-05 8.253864e-05 1.618084e-05 1.586665e-05 3.112886e-05 3.054701e-05 2.998651e-05 1.472311e-05 4.338757e-05 0.000000e+00 0.000000e+00 1.373332e-05 1.350632e-05 0.000000e+00 0.000000e+00 0.000000e+00 0.000000e+00 0.000000e+00 0.000000e+00 0.000000e+00 0.000000e+00 0.000000e+00 0.000000e+00 0.000000e+00 0.000000e+00 0.000000e+00 0.000000e+00 0.000000e+00 1.068147e-05 0.000000e+00 1.040933e-05 0.000000e+00 0.000000e+00 0.000000e+00 0.000000e+00 9.786018e-06 0.000000e+00 0.000000e+00 0.000000e+00 0.000000e+00 0.000000e+00 0.000000e+00 0.000000e+00 0.000000e+00 0.000000e+00 0.000000e+00 0.000000e+00 0.000000e+00 0.000000e+00 0.000000e+00 0.000000e+00 0.000000e+00
SPEC pbar sel0 meanpt 0.6324 yield 0.04637 4.001610e-02 5.699263e-02 4.547284e-02 4.313424e-02 4.143081e-02 3.902397e-02 3.763752e-02 3.734836e-02 2.846065e-02 2.603918e-02 2.572464e-02 2.095705e-02 1.818914e-02 1.697653e-02 1.260695e-02 1.015071e-02 9.039450e-03 7.951251e-03 6.341618e-03 4.850436e-03 5.146195e-03 2.918722e-03 2.869842e-03 2.051115e-03 1.930276e-03 2.032903e-03 1.338446e-03 1.091348e-03 7.339476e-04 5.857518e-04 4.770921e-04 5.774329e-04 4.477326e-04 4.343674e-04 2.636107e-04 1.793295e-04 1.245831e-04 1.940175e-04 9.448902e-05 1.381453e-04 1.122786e-04 1.095731e-04 1.497929e-04 6.272116e-05 6.131170e-05 7.995225e-05 0.000000e+00 1.914646e-05 5.625506e-05 5.511860e-05 0.000000e+00 3.531871e-05 3.464597e-05 1.699919e-05 3.337456e-05 1.638661e-05 0.000000e+00 3.163328e-05 0.000000e+00 0.000000e+00 0.000000e+00 1.478792e-05 0.000000e+00 0.000000e+00 0.000000e+00 0.000000e+00 0.000000e+00 0.000000e+00 0.000000e+00 1.308571e-05 0.000000e+00 0.000000e+00 0.000000e+00 0.000000e+00 0.000000e+00 0.000000e+00 0.000000e+00 0.000000e+00 0.000000e+00 0.000000e+00 0.000000e+00 0.000000e+00 0.000000e+00 0.000000e+00 0.000000e+00 0.000000e+00 0.000000e+00 0.000000e+00 0.000000e+00 0.000000e+00 0.000000e+00 0.000000e+00 0.000000e+00 0.000000e+00 0.000000e+00 0.000000e+00 0.000000e+00 0.000000e+00 0.000000e+00 0.000000e+00
SPEC pbar sel1 meanpt 0.6363 yield 0.07982 5.719928e-02 6.482585e-02 6.144837e-02 5.439768e-02 4.866478e-02 4.590799e-02 4.437658e-02 4.368935e-02 3.585770e-02 3.010488e-02 2.996153e-02 2.479820e-02 2.235675e-02 1.900590e-02 1.538463e-02 1.317956e-02 1.099415e-02 9.245271e-03 7.552955e-03 5.866592e-03 6.258039e-03 3.648592e-03 3.268530e-03 2.851271e-03 2.334664e-03 2.435375e-03 1.480089e-03 1.129129e-03 8.314682e-04 7.201846e-04 7.233632e-04 8.041622e-04 5.531359e-04 4.878403e-04 3.552750e-04 3.682851e-04 2.462591e-04 2.396922e-04 1.910180e-04 1.654952e-04 1.614089e-04 1.575195e-04 1.538132e-04 1.127079e-04 1.101752e-04 7.183583e-05 0.000000e+00 1.720279e-05 5.054428e-05 4.952318e-05 1.618084e-05 4.759995e-05 3.112886e-05 1.527350e-05 2.998651e-05 1.472311e-05 1.446252e-05 4.263300e-05 0.000000e+00 0.000000e+00 1.350632e-05 1.328671e-05 0.000000e+00 0.000000e+00 0.000000e+00 0.000000e+00 0.000000e+00 0.000000e+00 0.000000e+00 1.175730e-05 0.000000e+00 0.000000e+00 0.000000e+00 0.000000e+00 0.000000e+00 0.000000e+00 0.000000e+00 0.000000e+00 0.000000e+00 0.000000e+00 0.000000e+00 0.000000e+00 0.000000e+00 0.000000e+00 0.000000e+00 0.000000e+00 0.000000e+00 0.000000e+00 0.000000e+00 0.000000e+00 0.000000e+00 0.000000e+00 0.000000e+00 0.000000e+00 0.000000e+00 0.000000e+00 0.000000e+00 0.000000e+00 0.000000e+00 0.000000e+00
SPEC pinc sel0 meanpt 0.6157 yield 0.06952 8.367003e-02 9.518981e-02 8.548894e-02 6.937856e-02 7.113973e-02 6.118164e-02 5.750565e-02 5.626506e-02 5.092958e-02 3.963317e-02 3.594520e-02 3.044703e-02 2.306382e-02 2.162486e-02 1.950628e-02 1.519673e-02 1.411036e-02 1.075757e-02 8.602970e-03 6.202962e-03 5.678560e-03 4.949137e-03 4.082451e-03 3.560427e-03 2.784051e-03 1.961574e-03 2.230743e-03 1.157490e-03 1.308341e-03 1.079017e-03 5.963651e-04 8.084061e-04 5.876490e-04 5.429593e-04 5.272213e-04 4.098960e-04 5.232491e-04 2.182696e-04 2.126003e-04 1.841938e-04 1.571901e-04 1.753170e-04 1.069949e-04 1.463494e-04 8.174893e-05 7.995225e-05 7.823284e-05 7.658584e-05 1.875169e-05 9.186433e-05 1.800905e-05 0.000000e+00 3.464597e-05 1.699919e-05 3.337456e-05 0.000000e+00 3.219316e-05 1.581664e-05 0.000000e+00 0.000000e+00 1.503234e-05 0.000000e+00 0.000000e+00 0.000000e+00 0.000000e+00 0.000000e+00 0.000000e+00 0.000000e+00 0.000000e+00 0.000000e+00 1.290010e-05 0.000000e+00 0.000000e+00 0.000000e+00 0.000000e+00 0.000000e+00 1.188832e-05 0.000000e+00 1.158544e-05 0.000000e+00 0.000000e+00 0.000000e+00 0.000000e+00 1.089170e-05 0.000000e+00 0.000000e+00 0.000000e+00 0.000000e+00 0.000000e+00 0.000000e+00 0.000000e+00 9.939419e-06 0.000000e+00 9.726811e-06 0.000000e+00 0.000000e+00 0.000000e+00 0.000000e+00 0.000000e+00 0.000000e+00
SPEC pinc sel1 meanpt 0.6199 yield 0.11956 1.078615e-01 1.078615e-01 9.903646e-02 8.778338e-02 8.607129e-02 7.517619e-02 6.863913e-02 6.264683e-02 6.046781e-02 4.782376e-02 4.225742e-02 3.645122e-02 2.876306e-02 2.705617e-02 2.316148e-02 1.824051e-02 1.673884e-02 1.274727e-02 1.051230e-02 7.836091e-03 6.895801e-03 6.080986e-03 4.793844e-03 4.381221e-03 3.435292e-03 2.627642e-03 2.651826e-03 1.634265e-03 1.662936e-03 1.301872e-03 8.573194e-04 1.167332e-03 6.537060e-04 7.073684e-04 6.158100e-04 4.833742e-04 6.044542e-04 2.614824e-04 2.334664e-04 2.896166e-04 1.412328e-04 1.575195e-04 2.114931e-04 1.314926e-04 1.101752e-04 5.387687e-05 1.054365e-04 8.601395e-05 5.054428e-05 1.320618e-04 3.236168e-05 3.173330e-05 3.112886e-05 3.054701e-05 2.998651e-05 1.472311e-05 4.338757e-05 0.000000e+00 0.000000e+00 1.373332e-05 1.350632e-05 0.000000e+00 0.000000e+00 0.000000e+00 0.000000e+00 0.000000e+00 0.000000e+00 0.000000e+00 0.000000e+00 0.000000e+00 0.000000e+00 0.000000e+00 0.000000e+00 0.000000e+00 0.000000e+00 0.000000e+00 1.068147e-05 0.000000e+00 1.040933e-05 0.000000e+00 0.000000e+00 0.000000e+00 0.000000e+00 9.786018e-06 0.000000e+00 0.000000e+00 0.000000e+00 0.000000e+00 0.000000e+00 0.000000e+00 0.000000e+00 8.930410e-06 0.000000e+00 8.739385e-06 0.000000e+00 0.000000e+00 0.000000e+00 0.000000e+00 0.000000e+00 0.000000e+00
SPEC pbarinc sel0 meanpt 0.6145 yield 0.06257 4.729175e-02 8.124481e-02 6.766359e-02 6.236275e-02 6.143886e-02 5.688239e-02 5.330816e-02 5.044454e-02 4.130004e-02 3.522949e-02 3.360659e-02 2.965620e-02 2.379139e-02 2.175960e-02 1.624478e-02 1.343649e-02 1.151979e-02 1.023789e-02 8.308011e-03 6.202962e-03 6.166561e-03 4.103131e-03 3.759088e-03 2.515519e-03 2.598448e-03 2.639208e-03 1.544361e-03 1.587416e-03 8.615907e-04 7.090680e-04 5.963651e-04 5.774329e-04 5.596657e-04 4.886634e-04 3.690549e-04 2.049480e-04 1.993330e-04 2.182696e-04 9.448902e-05 1.611696e-04 1.347343e-04 1.095731e-04 1.497929e-04 1.045353e-04 6.131170e-05 1.199284e-04 0.000000e+00 1.914646e-05 7.500675e-05 5.511860e-05 0.000000e+00 3.531871e-05 3.464597e-05 1.699919e-05 3.337456e-05 1.638661e-05 0.000000e+00 3.163328e-05 0.000000e+00 1.528499e-05 0.000000e+00 1.478792e-05 0.000000e+00 0.000000e+00 0.000000e+00 0.000000e+00 1.367604e-05 0.000000e+00 0.000000e+00 1.308571e-05 0.000000e+00 0.000000e+00 0.000000e+00 0.000000e+00 0.000000e+00 0.000000e+00 0.000000e+00 0.000000e+00 0.000000e+00 0.000000e+00 0.000000e+00 0.000000e+00 0.000000e+00 0.000000e+00 0.000000e+00 0.000000e+00 0.000000e+00 0.000000e+00 0.000000e+00 0.000000e+00 0.000000e+00 0.000000e+00 0.000000e+00 0.000000e+00 0.000000e+00 0.000000e+00 0.000000e+00 0.000000e+00 0.000000e+00 0.000000e+00
SPEC pbarinc sel1 meanpt 0.6186 yield 0.10730 7.190766e-02 9.097409e-02 8.694290e-02 7.821126e-02 7.208925e-02 6.507346e-02 6.386205e-02 5.981410e-02 5.027768e-02 4.145872e-02 3.953365e-02 3.446168e-02 2.889381e-02 2.548243e-02 1.983660e-02 1.708071e-02 1.406458e-02 1.190679e-02 9.628913e-03 7.584666e-03 7.413983e-03 4.864789e-03 4.249089e-03 3.581474e-03 3.001711e-03 3.140352e-03 1.819276e-03 1.663979e-03 1.003496e-03 8.586816e-04 9.376931e-04 8.301029e-04 7.039911e-04 5.854084e-04 4.500150e-04 4.143207e-04 3.358079e-04 2.832726e-04 2.122422e-04 2.068690e-04 1.815850e-04 1.575195e-04 1.538132e-04 1.690619e-04 1.101752e-04 1.257127e-04 0.000000e+00 1.720279e-05 6.739237e-05 4.952318e-05 1.618084e-05 4.759995e-05 3.112886e-05 1.527350e-05 2.998651e-05 1.472311e-05 1.446252e-05 4.263300e-05 0.000000e+00 1.373332e-05 1.350632e-05 1.328671e-05 0.000000e+00 0.000000e+00 0.000000e+00 0.000000e+00 1.228771e-05 0.000000e+00 0.000000e+00 1.175730e-05 0.000000e+00 0.000000e+00 0.000000e+00 0.000000e+00 0.000000e+00 0.000000e+00 0.000000e+00 0.000000e+00 0.000000e+00 0.000000e+00 0.000000e+00 0.000000e+00 0.000000e+00 0.000000e+00 0.000000e+00 0.000000e+00 0.000000e+00 0.000000e+00 0.000000e+00 0.000000e+00 0.000000e+00 0.000000e+00 0.000000e+00 0.000000e+00 0.000000e+00 0.000000e+00 0.000000e+00 0.000000e+00 0.000000e+00 0.000000e+00
SPEC chpm sel0eta05 meanpt 0.4986 yield 2.53145 3.343527e+00 3.246336e+00 3.536550e+00 3.285322e+00 2.820509e+00 2.348085e+00 1.914071e+00 1.569480e+00 1.259084e+00 1.020334e+00 8.365790e-01 6.739866e-01 5.486644e-01 4.427101e-01 3.543557e-01 2.896004e-01 2.292217e-01 1.842560e-01 1.469387e-01 1.136121e-01 9.418867e-02 7.503230e-02 6.179456e-02 4.976470e-02 4.027594e-02 3.415278e-02 2.724252e-02 2.183027e-02 1.822743e-02 1.521413e-02 1.271152e-02 1.002424e-02 8.344616e-03 6.879294e-03 6.347745e-03 5.003293e-03 4.220876e-03 3.666930e-03 2.959869e-03 2.756000e-03 1.964876e-03 1.656745e-03 1.722618e-03 1.331779e-03 1.187403e-03 1.217273e-03 6.845374e-04 7.505412e-04 7.350661e-04 5.530232e-04 4.160090e-04 4.326542e-04 4.122871e-04 3.331842e-04 2.453030e-04 2.867657e-04 2.704226e-04 1.992897e-04 7.617672e-05 1.390934e-04 1.262717e-04 1.035154e-04 6.111550e-05 1.002551e-04 7.896059e-05 8.747447e-05 5.743938e-05 3.772562e-05 6.505604e-05 7.327997e-05 4.515034e-05 1.780755e-05 3.512385e-05 1.732299e-05 8.545232e-06 3.372820e-05 4.993096e-05 8.214449e-06 8.109806e-06 0.000000e+00 3.163328e-05 2.343386e-05 0.000000e+00 7.624189e-06 0.000000e+00 2.233754e-05 0.000000e+00 1.455131e-05 7.193444e-06 0.000000e+00 7.034473e-06 1.391519e-05 0.000000e+00 6.808768e-06 0.000000e+00 0.000000e+00 0.000000e+00 0.000000e+00 0.000000e+00 0.000000e+00
