# gen_world scan_p2.80_s0.420_k0.217_q0.081 mode set MultipartonInteractions:pT0Ref=2.80;StringPT:sigma=0.420 nev 100000 seed 20260922
SUMMARY nev 100000 nnsd 77864 dnde 1.9249 eps 0.4955 classN 15.4749 14.2074 7.1223 1.2049 meanpt_ch05 0.4814
SPEC pip sel0 meanpt 0.4298 yield 0.68036 2.326391e+00 2.304564e+00 1.908404e+00 1.550234e+00 1.204727e+00 9.708038e-01 7.548492e-01 5.725940e-01 4.596502e-01 3.643571e-01 2.888608e-01 2.312393e-01 1.834920e-01 1.403932e-01 1.108283e-01 8.977219e-02 6.724469e-02 5.836114e-02 4.217913e-02 3.288036e-02 2.555352e-02 2.102326e-02 1.641064e-02 1.203579e-02 1.113621e-02 8.666588e-03 6.829506e-03 5.721310e-03 4.339864e-03 3.206221e-03 3.160735e-03 2.165373e-03 1.986813e-03 1.411694e-03 1.238970e-03 1.024740e-03 9.468318e-04 7.033133e-04 6.614231e-04 5.525814e-04 3.143801e-04 2.848901e-04 2.995858e-04 3.136058e-04 2.248096e-04 2.598448e-04 1.173493e-04 1.914646e-04 7.500675e-05 1.102372e-04 1.080543e-04 3.531871e-05 5.196896e-05 1.699919e-05 3.337456e-05 1.638661e-04 6.438632e-05 3.163328e-05 9.327762e-05 4.585497e-05 6.012938e-05 2.957583e-05 1.455131e-05 1.432215e-05 2.820021e-05 1.388484e-05 1.367604e-05 2.694687e-05 2.655348e-05 1.308571e-05 1.290010e-05 0.000000e+00 1.254423e-05 0.000000e+00 0.000000e+00 1.204579e-05 0.000000e+00 0.000000e+00 0.000000e+00 0.000000e+00 1.129760e-05 0.000000e+00 1.102372e-05 1.089170e-05 0.000000e+00 0.000000e+00 1.051395e-05 0.000000e+00 0.000000e+00 0.000000e+00 0.000000e+00 0.000000e+00 0.000000e+00 0.000000e+00 0.000000e+00 0.000000e+00 9.424423e-06 0.000000e+00 0.000000e+00 0.000000e+00
SPEC pip sel1 meanpt 0.4305 yield 1.13954 2.765139e+00 2.753693e+00 2.225520e+00 1.815316e+00 1.399739e+00 1.140336e+00 8.818811e-01 6.691277e-01 5.332707e-01 4.326420e-01 3.344393e-01 2.704494e-01 2.134275e-01 1.646717e-01 1.330722e-01 1.074491e-01 7.962975e-02 6.559526e-02 4.826078e-02 3.970624e-02 2.999214e-02 2.490842e-02 1.962251e-02 1.475168e-02 1.281470e-02 1.000363e-02 7.651546e-03 7.254384e-03 5.278571e-03 3.575289e-03 3.404453e-03 2.907039e-03 2.289293e-03 1.610803e-03 1.635210e-03 1.197618e-03 9.856057e-04 8.067034e-04 9.131690e-04 6.830622e-04 4.845065e-04 4.137277e-04 3.078041e-04 3.571147e-04 2.388508e-04 3.234480e-04 1.934119e-04 2.409782e-04 1.348626e-04 1.982072e-04 1.133314e-04 9.525492e-05 7.786712e-05 3.056466e-05 4.500577e-05 1.473162e-04 7.235440e-05 5.687685e-05 6.988075e-05 5.496503e-05 9.459890e-05 2.658877e-05 2.616335e-05 2.575133e-05 2.535209e-05 1.248252e-05 1.229481e-05 3.633799e-05 3.580751e-05 1.176410e-05 1.159723e-05 0.000000e+00 3.383192e-05 0.000000e+00 0.000000e+00 1.082920e-05 0.000000e+00 0.000000e+00 0.000000e+00 0.000000e+00 1.015658e-05 0.000000e+00 9.910361e-06 9.791674e-06 0.000000e+00 0.000000e+00 9.452078e-06 0.000000e+00 0.000000e+00 0.000000e+00 0.000000e+00 0.000000e+00 0.000000e+00 0.000000e+00 0.000000e+00 0.000000e+00 8.472588e-06 0.000000e+00 0.000000e+00 0.000000e+00
SPEC pim sel0 meanpt 0.4266 yield 0.67084 2.559211e+00 2.201492e+00 1.902220e+00 1.495667e+00 1.229990e+00 9.417012e-01 7.556887e-01 5.912682e-01 4.532305e-01 3.605278e-01 2.790733e-01 2.227774e-01 1.746885e-01 1.383722e-01 1.104520e-01 8.848135e-02 6.724469e-02 5.217684e-02 3.972114e-02 3.143456e-02 2.493243e-02 2.165776e-02 1.669359e-02 1.122308e-02 9.391534e-03 7.774964e-03 6.040166e-03 5.655168e-03 4.531329e-03 3.113734e-03 3.220372e-03 2.742806e-03 1.986813e-03 1.656026e-03 1.212609e-03 1.152833e-03 1.071415e-03 4.365393e-04 9.212679e-04 4.835087e-04 3.817473e-04 2.410608e-04 3.209848e-04 2.508846e-04 1.430606e-04 1.399164e-04 1.955821e-04 1.148788e-04 1.125101e-04 1.469829e-04 9.004523e-05 5.297807e-05 1.212609e-04 8.499596e-05 1.668728e-05 1.474795e-04 3.219316e-05 4.744992e-05 1.554627e-05 1.528499e-05 4.509703e-05 1.478792e-05 1.455131e-05 1.432215e-05 0.000000e+00 2.776967e-05 0.000000e+00 0.000000e+00 0.000000e+00 0.000000e+00 1.290010e-05 0.000000e+00 0.000000e+00 0.000000e+00 0.000000e+00 0.000000e+00 0.000000e+00 0.000000e+00 0.000000e+00 0.000000e+00 1.129760e-05 0.000000e+00 0.000000e+00 0.000000e+00 0.000000e+00 0.000000e+00 0.000000e+00 0.000000e+00 0.000000e+00 1.016153e-05 0.000000e+00 0.000000e+00 0.000000e+00 0.000000e+00 0.000000e+00 0.000000e+00 0.000000e+00 0.000000e+00 0.000000e+00 0.000000e+00
SPEC pim sel1 meanpt 0.4281 yield 1.12002 2.989163e+00 2.574365e+00 2.229772e+00 1.764391e+00 1.414093e+00 1.103023e+00 8.816295e-01 6.840627e-01 5.211509e-01 4.188718e-01 3.313246e-01 2.599272e-01 2.044012e-01 1.628548e-01 1.262495e-01 1.015412e-01 7.923333e-02 6.237156e-02 4.812819e-02 3.790332e-02 3.023143e-02 2.650561e-02 1.907744e-02 1.367313e-02 1.201378e-02 8.945558e-03 7.558987e-03 6.540838e-03 5.221195e-03 3.658435e-03 3.592100e-03 3.218508e-03 2.314450e-03 1.903677e-03 1.564113e-03 1.427929e-03 1.321608e-03 5.668726e-04 9.131690e-04 6.002668e-04 4.643188e-04 2.955198e-04 3.462797e-04 2.819327e-04 2.204777e-04 1.976627e-04 2.109948e-04 1.377019e-04 1.348626e-04 1.486554e-04 1.295215e-04 6.350328e-05 1.401608e-04 9.169399e-05 4.500577e-05 1.178529e-04 5.788352e-05 4.265764e-05 2.795230e-05 2.748251e-05 4.054238e-05 1.329439e-05 1.308168e-05 1.287567e-05 0.000000e+00 2.496503e-05 0.000000e+00 0.000000e+00 1.193584e-05 0.000000e+00 1.159723e-05 0.000000e+00 0.000000e+00 0.000000e+00 0.000000e+00 0.000000e+00 0.000000e+00 0.000000e+00 0.000000e+00 0.000000e+00 1.015658e-05 1.003196e-05 9.910361e-06 0.000000e+00 9.675796e-06 0.000000e+00 0.000000e+00 0.000000e+00 0.000000e+00 9.135249e-06 0.000000e+00 0.000000e+00 0.000000e+00 0.000000e+00 0.000000e+00 0.000000e+00 0.000000e+00 0.000000e+00 0.000000e+00 0.000000e+00
SPEC kp sel0 meanpt 0.5527 yield 0.07781 1.109537e-01 1.054970e-01 1.200483e-01 1.065364e-01 9.640242e-02 8.168576e-02 7.499521e-02 6.341946e-02 5.831223e-02 4.872774e-02 4.348070e-02 3.155420e-02 2.910262e-02 2.371324e-02 1.856546e-02 1.519673e-02 1.317334e-02 1.044576e-02 7.963892e-03 6.249601e-03 5.589832e-03 3.933929e-03 2.910262e-03 2.592919e-03 2.487086e-03 1.925909e-03 1.304127e-03 1.190562e-03 1.276431e-03 7.398971e-04 6.560016e-04 7.506628e-04 3.917660e-04 2.714796e-04 4.217771e-04 2.305665e-04 1.744164e-04 4.850436e-05 1.889780e-04 6.907267e-05 4.491145e-05 1.753170e-04 6.419695e-05 6.272116e-05 4.087446e-05 0.000000e+00 9.779106e-05 7.658584e-05 5.625506e-05 3.674573e-05 0.000000e+00 0.000000e+00 5.196896e-05 1.699919e-05 0.000000e+00 1.638661e-05 0.000000e+00 1.581664e-05 0.000000e+00 1.528499e-05 1.503234e-05 0.000000e+00 0.000000e+00 0.000000e+00 0.000000e+00 1.388484e-05 0.000000e+00 0.000000e+00 0.000000e+00 0.000000e+00 0.000000e+00 0.000000e+00 0.000000e+00 0.000000e+00 0.000000e+00 0.000000e+00 1.188832e-05 0.000000e+00 0.000000e+00 0.000000e+00 0.000000e+00 0.000000e+00 0.000000e+00 0.000000e+00 0.000000e+00 0.000000e+00 0.000000e+00 0.000000e+00 0.000000e+00 0.000000e+00 1.004925e-05 0.000000e+00 0.000000e+00 9.726811e-06 0.000000e+00 0.000000e+00 0.000000e+00 0.000000e+00 0.000000e+00 0.000000e+00
SPEC kp sel1 meanpt 0.5565 yield 0.13072 1.259111e-01 1.302717e-01 1.396469e-01 1.210055e-01 1.111942e-01 9.513946e-02 8.830131e-02 7.750893e-02 6.483125e-02 5.895361e-02 4.843335e-02 3.768092e-02 3.355450e-02 2.822251e-02 2.182159e-02 1.751257e-02 1.506375e-02 1.261447e-02 1.003223e-02 8.050262e-03 6.580721e-03 4.905629e-03 4.069855e-03 3.061669e-03 3.036818e-03 2.468846e-03 1.696916e-03 1.516285e-03 1.204891e-03 8.037471e-04 7.237813e-04 8.824940e-04 4.276702e-04 4.149039e-04 4.265764e-04 2.303112e-04 2.016012e-04 1.090140e-04 2.123649e-04 1.655908e-04 6.056332e-05 1.773119e-04 9.618880e-05 5.638654e-05 7.349256e-05 0.000000e+00 1.230803e-04 6.885093e-05 5.057349e-05 3.303454e-05 0.000000e+00 0.000000e+00 6.229370e-05 3.056466e-05 0.000000e+00 1.473162e-05 0.000000e+00 1.421921e-05 0.000000e+00 1.374126e-05 1.351413e-05 1.329439e-05 0.000000e+00 0.000000e+00 0.000000e+00 1.248252e-05 0.000000e+00 0.000000e+00 1.193584e-05 0.000000e+00 0.000000e+00 0.000000e+00 0.000000e+00 0.000000e+00 0.000000e+00 0.000000e+00 1.068764e-05 0.000000e+00 0.000000e+00 0.000000e+00 0.000000e+00 0.000000e+00 0.000000e+00 0.000000e+00 0.000000e+00 0.000000e+00 0.000000e+00 0.000000e+00 0.000000e+00 0.000000e+00 9.034307e-06 0.000000e+00 0.000000e+00 8.744436e-06 0.000000e+00 0.000000e+00 0.000000e+00 0.000000e+00 0.000000e+00 0.000000e+00
SPEC km sel0 meanpt 0.5486 yield 0.07385 1.200483e-01 1.024655e-01 1.116813e-01 1.091348e-01 9.195619e-02 7.788257e-02 7.289646e-02 6.766359e-02 4.911067e-02 4.432405e-02 3.975626e-02 3.187053e-02 2.641063e-02 2.142276e-02 1.775009e-02 1.384721e-02 1.163002e-02 9.926072e-03 9.045408e-03 6.622711e-03 5.900378e-03 3.257124e-03 2.506059e-03 2.476819e-03 2.115879e-03 1.711919e-03 1.132531e-03 1.091348e-03 7.020368e-04 5.857518e-04 6.858199e-04 4.042030e-04 3.917660e-04 3.257756e-04 4.744992e-04 2.049480e-04 2.242496e-04 1.697653e-04 1.653558e-04 9.209689e-05 1.347343e-04 8.765849e-05 6.419695e-05 4.181411e-05 6.131170e-05 5.996419e-05 0.000000e+00 1.914646e-05 5.625506e-05 1.837287e-05 3.601809e-05 0.000000e+00 1.732299e-05 0.000000e+00 1.668728e-05 3.277322e-05 1.609658e-05 1.581664e-05 3.109254e-05 0.000000e+00 0.000000e+00 1.478792e-05 0.000000e+00 0.000000e+00 0.000000e+00 0.000000e+00 0.000000e+00 0.000000e+00 0.000000e+00 2.617142e-05 0.000000e+00 0.000000e+00 0.000000e+00 0.000000e+00 0.000000e+00 1.204579e-05 0.000000e+00 0.000000e+00 0.000000e+00 1.143971e-05 1.129760e-05 0.000000e+00 0.000000e+00 0.000000e+00 0.000000e+00 0.000000e+00 0.000000e+00 0.000000e+00 0.000000e+00 0.000000e+00 0.000000e+00 0.000000e+00 0.000000e+00 0.000000e+00 0.000000e+00 0.000000e+00 0.000000e+00 0.000000e+00 0.000000e+00 0.000000e+00
SPEC km sel1 meanpt 0.5508 yield 0.12178 1.357224e-01 1.242759e-01 1.265652e-01 1.231079e-01 1.082872e-01 9.216636e-02 8.176048e-02 7.358443e-02 6.002181e-02 5.181032e-02 4.415066e-02 3.682776e-02 2.943377e-02 2.440702e-02 1.945335e-02 1.672134e-02 1.451868e-02 1.130631e-02 1.007643e-02 8.176048e-03 6.580721e-03 3.992953e-03 3.452109e-03 3.200836e-03 2.536243e-03 1.603147e-03 1.450091e-03 1.189243e-03 1.061452e-03 6.374546e-04 9.650417e-04 4.931584e-04 4.276702e-04 3.660917e-04 4.976725e-04 2.072801e-04 2.464014e-04 2.398307e-04 1.486554e-04 1.034943e-04 1.413144e-04 7.880528e-05 5.771328e-05 3.759102e-05 7.349256e-05 7.187734e-05 1.758290e-05 1.721273e-05 6.743132e-05 1.651727e-05 4.857058e-05 0.000000e+00 1.557342e-05 0.000000e+00 1.500192e-05 2.946323e-05 1.447088e-05 1.421921e-05 2.795230e-05 0.000000e+00 0.000000e+00 1.329439e-05 1.308168e-05 0.000000e+00 0.000000e+00 1.248252e-05 1.229481e-05 0.000000e+00 0.000000e+00 2.352819e-05 0.000000e+00 0.000000e+00 0.000000e+00 0.000000e+00 0.000000e+00 1.082920e-05 0.000000e+00 0.000000e+00 0.000000e+00 1.028434e-05 1.015658e-05 0.000000e+00 0.000000e+00 0.000000e+00 0.000000e+00 0.000000e+00 0.000000e+00 0.000000e+00 0.000000e+00 0.000000e+00 0.000000e+00 0.000000e+00 0.000000e+00 0.000000e+00 0.000000e+00 0.000000e+00 0.000000e+00 0.000000e+00 0.000000e+00 0.000000e+00
SPEC p sel0 meanpt 0.5971 yield 0.03909 5.274850e-02 4.668545e-02 5.092958e-02 4.365393e-02 4.042030e-02 3.604756e-02 3.497911e-02 3.177036e-02 2.717671e-02 2.297575e-02 1.914190e-02 1.676564e-02 1.607920e-02 1.340607e-02 1.172886e-02 8.214449e-03 7.385892e-03 5.456741e-03 4.227745e-03 3.311356e-03 3.682191e-03 2.538019e-03 1.818914e-03 1.973715e-03 1.336345e-03 1.105614e-03 9.266164e-04 9.590636e-04 4.786615e-04 6.782390e-04 2.385461e-04 1.732299e-04 2.238663e-04 1.628878e-04 1.581664e-04 1.793295e-04 2.242496e-04 1.212609e-04 7.086677e-05 2.302422e-05 4.491145e-05 6.574387e-05 4.279797e-05 2.090705e-05 2.043723e-05 3.997612e-05 5.867463e-05 3.829292e-05 3.750337e-05 7.349146e-05 1.800905e-05 3.531871e-05 0.000000e+00 5.099758e-05 0.000000e+00 1.638661e-05 0.000000e+00 4.744992e-05 0.000000e+00 0.000000e+00 0.000000e+00 0.000000e+00 0.000000e+00 0.000000e+00 0.000000e+00 0.000000e+00 0.000000e+00 1.347343e-05 0.000000e+00 0.000000e+00 0.000000e+00 0.000000e+00 1.254423e-05 1.237356e-05 0.000000e+00 1.204579e-05 0.000000e+00 0.000000e+00 1.158544e-05 0.000000e+00 0.000000e+00 0.000000e+00 0.000000e+00 0.000000e+00 0.000000e+00 0.000000e+00 0.000000e+00 0.000000e+00 0.000000e+00 0.000000e+00 0.000000e+00 0.000000e+00 0.000000e+00 0.000000e+00 0.000000e+00 0.000000e+00 0.000000e+00 0.000000e+00 0.000000e+00 0.000000e+00
SPEC p sel1 meanpt 0.6034 yield 0.06676 6.704359e-02 5.450698e-02 5.723233e-02 5.209310e-02 4.760277e-02 4.444797e-02 4.012553e-02 3.608362e-02 3.203087e-02 2.754037e-02 2.328227e-02 2.054676e-02 1.903384e-02 1.483801e-02 1.437857e-02 1.028600e-02 8.522910e-03 7.101481e-03 5.568551e-03 3.815489e-03 4.666330e-03 3.042250e-03 2.071265e-03 2.157085e-03 1.601838e-03 1.378706e-03 1.172414e-03 1.248705e-03 6.024456e-04 8.868933e-04 4.021007e-04 2.855128e-04 3.018848e-04 2.684672e-04 2.369869e-04 1.842490e-04 2.464014e-04 1.308168e-04 1.274189e-04 4.139771e-05 1.009389e-04 1.182079e-04 3.847552e-05 1.879551e-05 3.674628e-05 3.593867e-05 5.274869e-05 3.442546e-05 5.057349e-05 8.258634e-05 1.619019e-05 3.175164e-05 0.000000e+00 4.584700e-05 0.000000e+00 1.473162e-05 0.000000e+00 5.687685e-05 0.000000e+00 0.000000e+00 1.351413e-05 0.000000e+00 0.000000e+00 0.000000e+00 0.000000e+00 0.000000e+00 0.000000e+00 1.211266e-05 0.000000e+00 0.000000e+00 0.000000e+00 0.000000e+00 1.127731e-05 1.112387e-05 0.000000e+00 1.082920e-05 0.000000e+00 0.000000e+00 1.041535e-05 0.000000e+00 0.000000e+00 0.000000e+00 0.000000e+00 0.000000e+00 0.000000e+00 0.000000e+00 0.000000e+00 0.000000e+00 0.000000e+00 0.000000e+00 0.000000e+00 0.000000e+00 0.000000e+00 0.000000e+00 0.000000e+00 0.000000e+00 0.000000e+00 0.000000e+00 0.000000e+00 0.000000e+00
SPEC pbar sel0 meanpt 0.5954 yield 0.03554 5.820524e-02 4.244132e-02 4.292636e-02 3.715781e-02 3.940980e-02 3.257509e-02 3.008203e-02 2.873884e-02 2.546479e-02 2.096537e-02 1.775606e-02 1.550031e-02 1.491509e-02 1.145242e-02 1.028627e-02 7.275655e-03 6.338638e-03 5.040989e-03 4.719343e-03 4.197493e-03 2.528734e-03 2.115016e-03 2.061435e-03 1.780213e-03 1.373465e-03 8.202944e-04 9.609355e-04 6.944943e-04 4.467507e-04 3.082904e-04 3.876373e-04 3.175881e-04 3.637827e-04 1.357398e-04 7.908320e-05 1.024740e-04 4.983325e-05 2.182696e-04 7.086677e-05 1.151211e-04 2.245572e-05 0.000000e+00 8.559594e-05 4.181411e-05 8.174893e-05 1.998806e-05 0.000000e+00 3.829292e-05 1.875169e-05 1.837287e-05 1.800905e-05 1.765936e-05 0.000000e+00 0.000000e+00 0.000000e+00 0.000000e+00 0.000000e+00 0.000000e+00 0.000000e+00 0.000000e+00 0.000000e+00 1.478792e-05 0.000000e+00 0.000000e+00 0.000000e+00 0.000000e+00 0.000000e+00 1.347343e-05 1.327674e-05 0.000000e+00 0.000000e+00 0.000000e+00 0.000000e+00 0.000000e+00 0.000000e+00 0.000000e+00 0.000000e+00 1.173493e-05 1.158544e-05 0.000000e+00 0.000000e+00 0.000000e+00 0.000000e+00 0.000000e+00 0.000000e+00 0.000000e+00 0.000000e+00 0.000000e+00 0.000000e+00 0.000000e+00 0.000000e+00 0.000000e+00 0.000000e+00 0.000000e+00 0.000000e+00 0.000000e+00 0.000000e+00 0.000000e+00 0.000000e+00 0.000000e+00
SPEC pbar sel1 meanpt 0.6016 yield 0.05963 5.723233e-02 4.742108e-02 5.069150e-02 4.788828e-02 4.451404e-02 3.656923e-02 3.584882e-02 3.455743e-02 2.924139e-02 2.426995e-02 2.024545e-02 1.791621e-02 1.733322e-02 1.271830e-02 1.201033e-02 9.389268e-03 7.531874e-03 6.167076e-03 5.612746e-03 4.444416e-03 2.951354e-03 2.852110e-03 2.470983e-03 2.052710e-03 1.701953e-03 1.122203e-03 1.234120e-03 7.135460e-04 6.024456e-04 3.603004e-04 4.021007e-04 3.374242e-04 3.773560e-04 2.196550e-04 1.658908e-04 1.612178e-04 6.720039e-05 2.180279e-04 1.486554e-04 1.862897e-04 2.018777e-05 1.970132e-05 7.695104e-05 3.759102e-05 7.349256e-05 5.390801e-05 0.000000e+00 6.885093e-05 1.685783e-05 1.651727e-05 1.619019e-05 1.587582e-05 0.000000e+00 0.000000e+00 0.000000e+00 2.946323e-05 0.000000e+00 1.421921e-05 0.000000e+00 0.000000e+00 0.000000e+00 1.329439e-05 1.308168e-05 0.000000e+00 0.000000e+00 0.000000e+00 0.000000e+00 1.211266e-05 1.193584e-05 0.000000e+00 0.000000e+00 0.000000e+00 0.000000e+00 0.000000e+00 0.000000e+00 0.000000e+00 0.000000e+00 1.054974e-05 1.041535e-05 0.000000e+00 0.000000e+00 0.000000e+00 0.000000e+00 0.000000e+00 0.000000e+00 0.000000e+00 0.000000e+00 0.000000e+00 0.000000e+00 0.000000e+00 0.000000e+00 0.000000e+00 0.000000e+00 0.000000e+00 0.000000e+00 0.000000e+00 0.000000e+00 0.000000e+00 0.000000e+00 0.000000e+00
SPEC pinc sel0 meanpt 0.5812 yield 0.05183 6.729980e-02 6.184306e-02 6.875494e-02 6.444151e-02 5.820524e-02 4.828389e-02 4.869092e-02 4.110745e-02 3.862517e-02 3.120873e-02 2.676401e-02 2.190605e-02 2.022632e-02 1.751546e-02 1.517852e-02 1.032674e-02 1.003158e-02 7.067779e-03 5.407581e-03 4.290771e-03 4.303283e-03 3.003323e-03 2.344378e-03 2.205917e-03 1.670431e-03 1.248274e-03 9.952546e-04 1.058277e-03 6.701261e-04 8.940423e-04 2.981826e-04 2.887165e-04 2.518496e-04 1.900358e-04 1.845275e-04 2.305665e-04 2.989995e-04 1.212609e-04 7.086677e-05 2.302422e-05 6.736717e-05 8.765849e-05 6.419695e-05 4.181411e-05 2.043723e-05 3.997612e-05 5.867463e-05 3.829292e-05 3.750337e-05 7.349146e-05 1.800905e-05 5.297807e-05 0.000000e+00 5.099758e-05 0.000000e+00 1.638661e-05 0.000000e+00 4.744992e-05 0.000000e+00 0.000000e+00 0.000000e+00 0.000000e+00 0.000000e+00 0.000000e+00 0.000000e+00 0.000000e+00 0.000000e+00 1.347343e-05 0.000000e+00 2.617142e-05 0.000000e+00 0.000000e+00 1.254423e-05 1.237356e-05 0.000000e+00 1.204579e-05 0.000000e+00 0.000000e+00 1.158544e-05 0.000000e+00 0.000000e+00 0.000000e+00 0.000000e+00 0.000000e+00 0.000000e+00 0.000000e+00 0.000000e+00 0.000000e+00 0.000000e+00 0.000000e+00 0.000000e+00 0.000000e+00 0.000000e+00 0.000000e+00 0.000000e+00 0.000000e+00 0.000000e+00 0.000000e+00 0.000000e+00 0.000000e+00
SPEC pinc sel1 meanpt 0.5857 yield 0.08853 9.484215e-02 7.467457e-02 7.783597e-02 7.545324e-02 6.813373e-02 6.035410e-02 5.622605e-02 4.872924e-02 4.366971e-02 3.760982e-02 3.254846e-02 2.658993e-02 2.472437e-02 1.992533e-02 1.804369e-02 1.271244e-02 1.144647e-02 8.830131e-03 6.938592e-03 5.031414e-03 5.424110e-03 3.764785e-03 2.616335e-03 2.400627e-03 2.002297e-03 1.635210e-03 1.264973e-03 1.486554e-03 7.745729e-04 1.080901e-03 4.825208e-04 4.412470e-04 3.521990e-04 3.172795e-04 2.843843e-04 2.303112e-04 3.360020e-04 1.308168e-04 1.274189e-04 4.139771e-05 1.413144e-04 1.379092e-04 7.695104e-05 3.759102e-05 3.674628e-05 3.593867e-05 5.274869e-05 3.442546e-05 5.057349e-05 8.258634e-05 1.619019e-05 4.762746e-05 0.000000e+00 4.584700e-05 0.000000e+00 1.473162e-05 0.000000e+00 5.687685e-05 0.000000e+00 0.000000e+00 1.351413e-05 0.000000e+00 0.000000e+00 0.000000e+00 0.000000e+00 0.000000e+00 0.000000e+00 1.211266e-05 0.000000e+00 2.352819e-05 0.000000e+00 0.000000e+00 1.127731e-05 1.112387e-05 0.000000e+00 1.082920e-05 0.000000e+00 0.000000e+00 1.041535e-05 0.000000e+00 0.000000e+00 0.000000e+00 0.000000e+00 0.000000e+00 0.000000e+00 0.000000e+00 0.000000e+00 0.000000e+00 0.000000e+00 0.000000e+00 0.000000e+00 0.000000e+00 0.000000e+00 0.000000e+00 0.000000e+00 0.000000e+00 0.000000e+00 0.000000e+00 0.000000e+00 0.000000e+00
SPEC pbarinc sel0 meanpt 0.5765 yield 0.04799 7.457546e-02 5.881154e-02 6.111550e-02 5.482725e-02 5.840734e-02 4.894531e-02 4.127535e-02 3.953106e-02 3.637827e-02 2.958128e-02 2.338603e-02 2.048255e-02 1.804362e-02 1.495551e-02 1.379866e-02 1.020939e-02 8.433145e-03 6.703996e-03 5.751700e-03 5.223547e-03 2.928007e-03 2.664920e-03 2.465638e-03 2.360718e-03 1.707552e-03 1.034284e-03 1.201169e-03 7.606366e-04 5.105722e-04 3.699485e-04 4.770921e-04 3.464597e-04 3.637827e-04 2.171837e-04 1.581664e-04 1.537110e-04 4.983325e-05 2.910262e-04 1.417335e-04 1.151211e-04 2.245572e-05 2.191462e-05 8.559594e-05 4.181411e-05 8.174893e-05 1.998806e-05 0.000000e+00 3.829292e-05 1.875169e-05 1.837287e-05 1.800905e-05 1.765936e-05 0.000000e+00 0.000000e+00 1.668728e-05 0.000000e+00 0.000000e+00 0.000000e+00 0.000000e+00 0.000000e+00 0.000000e+00 1.478792e-05 0.000000e+00 0.000000e+00 0.000000e+00 0.000000e+00 0.000000e+00 1.347343e-05 1.327674e-05 0.000000e+00 0.000000e+00 0.000000e+00 0.000000e+00 0.000000e+00 0.000000e+00 0.000000e+00 0.000000e+00 1.173493e-05 1.158544e-05 0.000000e+00 0.000000e+00 0.000000e+00 0.000000e+00 0.000000e+00 0.000000e+00 0.000000e+00 0.000000e+00 0.000000e+00 0.000000e+00 0.000000e+00 0.000000e+00 0.000000e+00 0.000000e+00 0.000000e+00 0.000000e+00 0.000000e+00 0.000000e+00 0.000000e+00 0.000000e+00 0.000000e+00
SPEC pbarinc sel1 meanpt 0.5827 yield 0.08061 7.521964e-02 6.758866e-02 7.293034e-02 6.961321e-02 6.559007e-02 5.425923e-02 4.993678e-02 4.829319e-02 4.193831e-02 3.365089e-02 2.631909e-02 2.403047e-02 2.171558e-02 1.695773e-02 1.544991e-02 1.250144e-02 1.000946e-02 8.269488e-03 6.850202e-03 5.660341e-03 3.509718e-03 3.574644e-03 2.943377e-03 2.678960e-03 2.069041e-03 1.442832e-03 1.542650e-03 9.513946e-04 7.171972e-04 4.434467e-04 5.093276e-04 3.893356e-04 4.025131e-04 2.928733e-04 2.606856e-04 2.303112e-04 8.960052e-05 3.052391e-04 2.123649e-04 1.862897e-04 2.018777e-05 3.940264e-05 7.695104e-05 3.759102e-05 7.349256e-05 5.390801e-05 0.000000e+00 6.885093e-05 1.685783e-05 1.651727e-05 1.619019e-05 1.587582e-05 0.000000e+00 0.000000e+00 1.500192e-05 2.946323e-05 0.000000e+00 1.421921e-05 0.000000e+00 0.000000e+00 0.000000e+00 1.329439e-05 1.308168e-05 0.000000e+00 0.000000e+00 1.248252e-05 0.000000e+00 1.211266e-05 1.193584e-05 0.000000e+00 0.000000e+00 0.000000e+00 0.000000e+00 0.000000e+00 0.000000e+00 0.000000e+00 0.000000e+00 1.054974e-05 1.041535e-05 0.000000e+00 0.000000e+00 0.000000e+00 0.000000e+00 0.000000e+00 0.000000e+00 0.000000e+00 0.000000e+00 0.000000e+00 0.000000e+00 0.000000e+00 0.000000e+00 0.000000e+00 0.000000e+00 0.000000e+00 0.000000e+00 0.000000e+00 0.000000e+00 0.000000e+00 0.000000e+00 0.000000e+00
SPEC chpm sel0eta05 meanpt 0.4814 yield 1.92487 2.750197e+00 2.522288e+00 2.769805e+00 2.553937e+00 2.214588e+00 1.846197e+00 1.511335e+00 1.208304e+00 9.714818e-01 7.968469e-01 6.408639e-01 5.185960e-01 4.161456e-01 3.306650e-01 2.638679e-01 2.130417e-01 1.673345e-01 1.353636e-01 1.039927e-01 8.396852e-02 6.552525e-02 5.403866e-02 4.173396e-02 3.177681e-02 2.736166e-02 2.119569e-02 1.696051e-02 1.502423e-02 1.132513e-02 8.135785e-03 7.910783e-03 6.709770e-03 5.053782e-03 3.971747e-03 3.616738e-03 2.707876e-03 2.546479e-03 1.748582e-03 2.033876e-03 1.369941e-03 1.068892e-03 9.357544e-04 7.639437e-04 6.732071e-04 5.436304e-04 5.316824e-04 4.791762e-04 4.556857e-04 3.544069e-04 4.115522e-04 2.521266e-04 1.730617e-04 2.303957e-04 1.546927e-04 9.344877e-05 2.867657e-04 1.126761e-04 1.550031e-04 1.088239e-04 8.559594e-05 1.262717e-04 6.210925e-05 5.092958e-05 4.010203e-05 1.974015e-05 5.831632e-05 1.914646e-05 4.715702e-05 5.576232e-05 4.579998e-05 1.806014e-05 0.000000e+00 3.512385e-05 8.661494e-06 0.000000e+00 2.529615e-05 8.321827e-06 8.214449e-06 1.621961e-05 8.007796e-06 2.372496e-05 7.811286e-06 1.543321e-05 7.624189e-06 7.533962e-06 0.000000e+00 7.359766e-06 0.000000e+00 0.000000e+00 7.113070e-06 7.034473e-06 0.000000e+00 0.000000e+00 6.808768e-06 0.000000e+00 0.000000e+00 6.597096e-06 0.000000e+00 0.000000e+00 0.000000e+00
