# gen_world scan_p2.60_s0.380_k0.300_q0.095 mode set MultipartonInteractions:pT0Ref=2.60;StringPT:sigma=0.380;StringFlav:probStoUD=0.300;StringFlav:probQQtoQ=0.095 nev 100000 seed 20260930
SUMMARY nev 100000 nnsd 77653 dnde 2.1048 eps 0.5113 classN 17.1691 15.4094 7.0991 1.1123 meanpt_ch05 0.4597
SPEC pip sel0 meanpt 0.4024 yield 0.73927 3.090334e+00 2.745953e+00 2.266003e+00 1.811638e+00 1.416530e+00 1.095813e+00 8.456549e-01 6.508073e-01 4.918556e-01 3.873329e-01 2.916325e-01 2.384359e-01 1.848016e-01 1.390458e-01 1.119573e-01 8.296593e-02 6.283520e-02 4.911067e-02 3.800055e-02 2.770345e-02 2.240369e-02 1.899284e-02 1.471299e-02 1.052648e-02 9.094568e-03 7.132995e-03 4.633082e-03 4.828389e-03 3.446363e-03 3.113734e-03 2.713461e-03 2.194245e-03 1.790930e-03 1.167362e-03 1.502581e-03 9.478846e-04 9.966650e-04 4.850436e-04 5.196896e-04 4.604845e-04 5.164816e-04 4.163778e-04 4.065807e-04 3.554199e-04 2.656840e-04 2.198687e-04 1.955821e-04 1.148788e-04 1.125101e-04 1.286101e-04 9.004523e-05 7.063742e-05 6.929195e-05 3.399839e-05 3.337456e-05 3.277322e-05 4.828974e-05 1.581664e-05 1.554627e-05 1.528499e-05 0.000000e+00 2.957583e-05 0.000000e+00 1.432215e-05 1.410011e-05 4.165451e-05 1.367604e-05 2.694687e-05 0.000000e+00 0.000000e+00 0.000000e+00 1.271968e-05 1.254423e-05 2.474712e-05 1.220747e-05 0.000000e+00 2.377665e-05 0.000000e+00 1.158544e-05 1.143971e-05 1.129760e-05 0.000000e+00 0.000000e+00 0.000000e+00 0.000000e+00 0.000000e+00 0.000000e+00 0.000000e+00 0.000000e+00 0.000000e+00 0.000000e+00 0.000000e+00 0.000000e+00 0.000000e+00 0.000000e+00 0.000000e+00 0.000000e+00 0.000000e+00 0.000000e+00 0.000000e+00
SPEC pip sel1 meanpt 0.4044 yield 1.25073 3.681020e+00 3.270014e+00 2.650991e+00 2.142323e+00 1.671899e+00 1.292344e+00 9.974134e-01 7.661551e-01 5.835235e-01 4.576357e-01 3.469037e-01 2.800955e-01 2.189920e-01 1.678519e-01 1.300980e-01 9.980725e-02 7.557309e-02 5.804371e-02 4.551144e-02 3.388616e-02 2.691430e-02 2.280261e-02 1.759894e-02 1.273347e-02 1.134372e-02 8.359014e-03 6.372990e-03 5.962374e-03 4.458705e-03 3.640585e-03 3.091149e-03 2.758781e-03 2.169387e-03 1.615180e-03 1.568363e-03 1.154685e-03 1.370121e-03 6.339991e-04 7.452967e-04 5.603876e-04 7.489772e-04 5.531359e-04 5.015408e-04 3.769317e-04 2.763460e-04 2.342361e-04 2.644601e-04 1.553355e-04 1.183255e-04 1.821836e-04 1.298735e-04 1.114327e-04 9.369444e-05 6.129543e-05 4.512806e-05 2.954329e-05 4.353060e-05 1.425785e-05 1.401413e-05 1.377859e-05 0.000000e+00 2.666102e-05 0.000000e+00 1.291065e-05 1.271049e-05 3.754930e-05 1.232822e-05 1.214558e-05 1.196827e-05 0.000000e+00 0.000000e+00 1.146610e-05 1.130795e-05 2.230820e-05 1.100438e-05 0.000000e+00 2.143337e-05 0.000000e+00 2.088730e-05 2.062456e-05 1.018418e-05 0.000000e+00 0.000000e+00 0.000000e+00 0.000000e+00 0.000000e+00 9.477762e-06 0.000000e+00 0.000000e+00 0.000000e+00 0.000000e+00 0.000000e+00 0.000000e+00 0.000000e+00 0.000000e+00 0.000000e+00 8.495610e-06 0.000000e+00 0.000000e+00 0.000000e+00
SPEC pim sel0 meanpt 0.4012 yield 0.72433 3.146721e+00 2.718670e+00 2.304564e+00 1.765905e+00 1.369440e+00 1.076301e+00 8.042397e-01 6.278890e-01 4.888598e-01 3.747919e-01 2.937979e-01 2.292622e-01 1.762891e-01 1.383048e-01 1.092603e-01 8.196846e-02 6.156747e-02 4.911067e-02 3.706651e-02 2.826312e-02 2.249242e-02 1.797763e-02 1.329828e-02 1.095218e-02 7.869586e-03 7.382649e-03 5.388103e-03 3.869325e-03 3.191077e-03 2.959588e-03 2.862553e-03 2.136502e-03 2.098747e-03 1.248806e-03 1.133526e-03 1.204070e-03 6.727489e-04 5.335480e-04 5.196896e-04 5.525814e-04 3.817473e-04 3.068047e-04 3.637827e-04 2.090705e-04 1.430606e-04 7.995225e-05 1.564657e-04 2.106111e-04 1.500135e-04 2.021015e-04 3.601809e-05 5.297807e-05 8.661494e-05 3.399839e-05 5.006184e-05 8.193305e-05 6.438632e-05 3.163328e-05 1.554627e-05 7.642494e-05 3.006469e-05 1.478792e-05 5.820524e-05 2.864431e-05 0.000000e+00 0.000000e+00 1.367604e-05 0.000000e+00 1.327674e-05 0.000000e+00 0.000000e+00 1.271968e-05 0.000000e+00 0.000000e+00 0.000000e+00 1.204579e-05 0.000000e+00 0.000000e+00 1.158544e-05 0.000000e+00 1.129760e-05 1.115898e-05 0.000000e+00 0.000000e+00 0.000000e+00 1.063692e-05 0.000000e+00 0.000000e+00 0.000000e+00 0.000000e+00 0.000000e+00 0.000000e+00 0.000000e+00 0.000000e+00 0.000000e+00 0.000000e+00 0.000000e+00 0.000000e+00 0.000000e+00 0.000000e+00
SPEC pim sel1 meanpt 0.4027 yield 1.22571 3.722012e+00 3.196230e+00 2.716577e+00 2.095710e+00 1.618155e+00 1.276097e+00 9.580617e-01 7.439651e-01 5.768684e-01 4.432240e-01 3.458887e-01 2.699724e-01 2.132204e-01 1.612932e-01 1.295326e-01 9.621059e-02 7.199566e-02 5.865272e-02 4.316275e-02 3.321348e-02 2.823402e-02 2.101043e-02 1.632365e-02 1.364052e-02 1.010561e-02 8.776965e-03 6.434864e-03 4.769899e-03 3.969686e-03 3.779539e-03 3.333065e-03 2.498518e-03 2.320739e-03 1.664125e-03 1.425785e-03 1.477997e-03 8.759789e-04 6.995852e-04 6.175316e-04 5.811427e-04 5.263083e-04 4.148519e-04 5.208309e-04 2.638522e-04 1.658076e-04 1.441453e-04 1.586761e-04 2.243735e-04 2.028436e-04 1.987458e-04 1.136393e-04 6.367583e-05 7.807870e-05 3.064771e-05 9.025611e-05 8.862988e-05 5.804081e-05 2.851570e-05 4.204238e-05 6.889297e-05 8.130509e-05 2.666102e-05 7.870333e-05 5.164261e-05 1.271049e-05 0.000000e+00 1.232822e-05 0.000000e+00 2.393654e-05 0.000000e+00 0.000000e+00 1.146610e-05 1.130795e-05 0.000000e+00 0.000000e+00 1.085863e-05 0.000000e+00 1.057840e-05 1.044365e-05 0.000000e+00 1.018418e-05 1.005922e-05 0.000000e+00 0.000000e+00 0.000000e+00 9.588613e-06 0.000000e+00 0.000000e+00 0.000000e+00 0.000000e+00 0.000000e+00 0.000000e+00 0.000000e+00 0.000000e+00 0.000000e+00 0.000000e+00 0.000000e+00 0.000000e+00 0.000000e+00 0.000000e+00
SPEC kp sel0 meanpt 0.5207 yield 0.10691 1.818914e-01 1.897733e-01 1.757071e-01 1.603242e-01 1.430879e-01 1.329461e-01 1.099743e-01 9.615990e-02 8.238609e-02 6.624675e-02 5.725247e-02 4.737084e-02 3.616000e-02 2.890052e-02 2.427309e-02 1.836516e-02 1.493714e-02 1.216074e-02 9.045408e-03 7.089099e-03 6.344016e-03 4.737636e-03 3.274045e-03 3.212124e-03 2.264362e-03 1.747584e-03 1.612999e-03 1.521273e-03 8.935014e-04 1.202333e-03 7.454564e-04 6.063045e-04 3.917660e-04 5.972552e-04 3.690549e-04 2.818035e-04 2.242496e-04 3.637827e-04 2.126003e-04 1.381453e-04 1.796458e-04 1.534024e-04 1.069949e-04 4.181411e-05 6.131170e-05 1.998806e-05 5.867463e-05 3.829292e-05 5.625506e-05 1.837287e-05 9.004523e-05 1.765936e-05 3.464597e-05 5.099758e-05 6.674912e-05 3.277322e-05 0.000000e+00 1.581664e-05 3.109254e-05 0.000000e+00 0.000000e+00 2.957583e-05 1.455131e-05 0.000000e+00 1.410011e-05 0.000000e+00 0.000000e+00 0.000000e+00 0.000000e+00 0.000000e+00 0.000000e+00 0.000000e+00 1.254423e-05 0.000000e+00 1.220747e-05 0.000000e+00 0.000000e+00 0.000000e+00 1.158544e-05 0.000000e+00 0.000000e+00 0.000000e+00 0.000000e+00 0.000000e+00 0.000000e+00 0.000000e+00 0.000000e+00 0.000000e+00 0.000000e+00 0.000000e+00 0.000000e+00 0.000000e+00 0.000000e+00 0.000000e+00 9.623882e-06 0.000000e+00 0.000000e+00 0.000000e+00 0.000000e+00 0.000000e+00
SPEC kp sel1 meanpt 0.5212 yield 0.18319 2.065962e-01 2.295514e-01 2.033169e-01 1.897312e-01 1.748963e-01 1.618784e-01 1.302893e-01 1.173991e-01 1.005011e-01 7.844444e-02 6.909965e-02 5.553433e-02 4.322125e-02 3.485780e-02 2.894835e-02 2.173862e-02 1.823493e-02 1.396047e-02 1.094579e-02 8.870942e-03 7.678374e-03 5.605324e-03 4.044477e-03 3.802599e-03 3.178919e-03 1.929003e-03 1.887147e-03 1.520405e-03 1.093102e-03 1.361745e-03 9.407844e-04 7.287346e-04 6.054102e-04 7.097004e-04 5.703140e-04 3.925929e-04 3.593759e-04 3.935167e-04 2.555303e-04 1.867959e-04 2.024263e-04 1.580388e-04 1.157402e-04 3.769317e-05 5.526919e-05 0.000000e+00 7.052270e-05 5.177851e-05 6.761455e-05 3.312430e-05 9.740511e-05 4.775688e-05 1.561574e-05 4.597157e-05 6.017074e-05 2.954329e-05 0.000000e+00 1.425785e-05 2.802825e-05 2.755719e-05 0.000000e+00 2.666102e-05 1.311722e-05 0.000000e+00 1.271049e-05 0.000000e+00 0.000000e+00 1.214558e-05 0.000000e+00 0.000000e+00 0.000000e+00 0.000000e+00 1.130795e-05 0.000000e+00 2.200876e-05 0.000000e+00 0.000000e+00 0.000000e+00 1.044365e-05 0.000000e+00 0.000000e+00 0.000000e+00 0.000000e+00 9.818280e-06 0.000000e+00 0.000000e+00 0.000000e+00 0.000000e+00 0.000000e+00 0.000000e+00 0.000000e+00 0.000000e+00 0.000000e+00 0.000000e+00 8.675411e-06 0.000000e+00 0.000000e+00 0.000000e+00 0.000000e+00 0.000000e+00
SPEC km sel0 meanpt 0.5225 yield 0.10187 1.746157e-01 1.758283e-01 1.495147e-01 1.494108e-01 1.491509e-01 1.218672e-01 1.108138e-01 8.973307e-02 7.767831e-02 6.481076e-02 5.716586e-02 4.112326e-02 3.419558e-02 2.674477e-02 2.220329e-02 2.059480e-02 1.295287e-02 1.028985e-02 8.209691e-03 7.602126e-03 6.166561e-03 4.822236e-03 3.678248e-03 3.366925e-03 2.412845e-03 1.890244e-03 1.578680e-03 1.058277e-03 9.892337e-04 8.323842e-04 8.349112e-04 6.929195e-04 5.316824e-04 3.529235e-04 3.426939e-04 3.074220e-04 2.491663e-04 1.455131e-04 1.889780e-04 1.611696e-04 2.694687e-04 1.534024e-04 1.925909e-04 2.090705e-05 1.226234e-04 7.995225e-05 3.911642e-05 9.573230e-05 0.000000e+00 0.000000e+00 1.800905e-05 5.297807e-05 1.732299e-05 3.399839e-05 1.668728e-05 3.277322e-05 0.000000e+00 0.000000e+00 1.554627e-05 0.000000e+00 0.000000e+00 1.478792e-05 1.455131e-05 0.000000e+00 0.000000e+00 1.388484e-05 0.000000e+00 0.000000e+00 0.000000e+00 0.000000e+00 0.000000e+00 0.000000e+00 0.000000e+00 0.000000e+00 0.000000e+00 0.000000e+00 0.000000e+00 0.000000e+00 2.317087e-05 0.000000e+00 0.000000e+00 1.115898e-05 0.000000e+00 1.089170e-05 0.000000e+00 1.063692e-05 0.000000e+00 0.000000e+00 0.000000e+00 0.000000e+00 0.000000e+00 0.000000e+00 0.000000e+00 0.000000e+00 0.000000e+00 0.000000e+00 0.000000e+00 0.000000e+00 0.000000e+00 0.000000e+00
SPEC km sel1 meanpt 0.5215 yield 0.17328 2.033169e-01 2.098756e-01 1.839690e-01 1.709924e-01 1.745319e-01 1.472706e-01 1.319290e-01 1.089823e-01 9.278506e-02 7.965260e-02 6.566419e-02 4.883314e-02 4.059780e-02 3.309669e-02 2.617790e-02 2.369563e-02 1.540280e-02 1.250821e-02 1.019244e-02 9.081154e-03 7.198475e-03 5.529062e-03 4.299534e-03 3.872371e-03 3.045069e-03 2.154054e-03 1.856211e-03 1.222287e-03 1.208165e-03 1.139420e-03 9.945435e-04 7.287346e-04 7.567628e-04 4.160313e-04 4.039724e-04 3.002181e-04 4.042979e-04 1.748963e-04 2.129419e-04 1.660408e-04 2.833968e-04 1.382840e-04 2.121904e-04 5.653975e-05 1.473845e-04 7.207265e-05 3.526135e-05 8.629751e-05 0.000000e+00 0.000000e+00 1.623419e-05 7.959479e-05 1.561574e-05 3.064771e-05 1.504269e-05 4.431494e-05 0.000000e+00 0.000000e+00 1.401413e-05 0.000000e+00 0.000000e+00 1.333051e-05 1.311722e-05 0.000000e+00 0.000000e+00 1.251643e-05 0.000000e+00 0.000000e+00 0.000000e+00 0.000000e+00 0.000000e+00 0.000000e+00 0.000000e+00 1.115410e-05 0.000000e+00 0.000000e+00 0.000000e+00 0.000000e+00 2.088730e-05 0.000000e+00 0.000000e+00 1.005922e-05 0.000000e+00 9.818280e-06 0.000000e+00 9.588613e-06 0.000000e+00 0.000000e+00 0.000000e+00 0.000000e+00 0.000000e+00 0.000000e+00 0.000000e+00 0.000000e+00 0.000000e+00 0.000000e+00 0.000000e+00 0.000000e+00 0.000000e+00 0.000000e+00
SPEC p sel0 meanpt 0.5753 yield 0.04381 7.275655e-02 5.153589e-02 5.602254e-02 5.092958e-02 4.769596e-02 4.547284e-02 4.309426e-02 3.055775e-02 2.878163e-02 3.053860e-02 2.546479e-02 2.166880e-02 1.738881e-02 1.293450e-02 1.103892e-02 9.563965e-03 7.330773e-03 5.768555e-03 5.555061e-03 4.057577e-03 2.661825e-03 2.411118e-03 1.899754e-03 1.973715e-03 1.113621e-03 1.176944e-03 7.893399e-04 7.606366e-04 7.020368e-04 3.391195e-04 4.174556e-04 4.330747e-04 2.238663e-04 1.628878e-04 1.318053e-04 2.818035e-04 9.966650e-05 1.455131e-04 1.181113e-04 9.209689e-05 6.736717e-05 6.574387e-05 1.283939e-04 6.272116e-05 2.043723e-05 7.995225e-05 0.000000e+00 1.914646e-05 0.000000e+00 0.000000e+00 0.000000e+00 0.000000e+00 1.732299e-05 1.699919e-05 1.668728e-05 1.638661e-05 1.609658e-05 0.000000e+00 0.000000e+00 0.000000e+00 0.000000e+00 2.957583e-05 0.000000e+00 0.000000e+00 0.000000e+00 0.000000e+00 0.000000e+00 1.347343e-05 0.000000e+00 0.000000e+00 1.290010e-05 0.000000e+00 0.000000e+00 0.000000e+00 0.000000e+00 0.000000e+00 0.000000e+00 0.000000e+00 0.000000e+00 0.000000e+00 0.000000e+00 0.000000e+00 0.000000e+00 0.000000e+00 0.000000e+00 0.000000e+00 0.000000e+00 0.000000e+00 0.000000e+00 0.000000e+00 0.000000e+00 0.000000e+00 0.000000e+00 0.000000e+00 0.000000e+00 0.000000e+00 0.000000e+00 0.000000e+00 0.000000e+00 0.000000e+00
SPEC p sel1 meanpt 0.5829 yield 0.07465 8.526194e-02 5.028268e-02 6.755369e-02 6.113562e-02 5.593038e-02 5.172359e-02 4.944184e-02 3.978891e-02 3.694041e-02 3.538198e-02 2.763986e-02 2.487995e-02 2.151224e-02 1.530343e-02 1.306068e-02 1.184781e-02 9.042933e-03 7.120778e-03 7.046075e-03 4.792831e-03 3.559246e-03 2.821728e-03 1.931147e-03 2.162946e-03 1.438879e-03 1.511053e-03 9.899790e-04 9.241679e-04 1.093102e-03 4.168609e-04 4.031933e-04 5.986034e-04 3.531560e-04 1.957794e-04 2.138677e-04 3.002181e-04 1.347660e-04 1.311722e-04 1.703535e-04 1.660408e-04 1.012131e-04 7.901941e-05 1.736103e-04 7.538633e-05 3.684613e-05 9.009081e-05 0.000000e+00 1.725950e-05 0.000000e+00 0.000000e+00 0.000000e+00 4.775688e-05 1.561574e-05 1.532386e-05 1.504269e-05 1.477165e-05 1.451020e-05 1.425785e-05 0.000000e+00 0.000000e+00 0.000000e+00 2.666102e-05 0.000000e+00 0.000000e+00 0.000000e+00 0.000000e+00 0.000000e+00 1.214558e-05 0.000000e+00 0.000000e+00 1.162874e-05 0.000000e+00 0.000000e+00 0.000000e+00 0.000000e+00 0.000000e+00 0.000000e+00 1.057840e-05 0.000000e+00 0.000000e+00 0.000000e+00 0.000000e+00 0.000000e+00 0.000000e+00 0.000000e+00 0.000000e+00 0.000000e+00 0.000000e+00 0.000000e+00 0.000000e+00 0.000000e+00 0.000000e+00 0.000000e+00 0.000000e+00 0.000000e+00 0.000000e+00 0.000000e+00 0.000000e+00 0.000000e+00 0.000000e+00
SPEC pbar sel0 meanpt 0.5710 yield 0.04029 5.092958e-02 6.002415e-02 5.092958e-02 4.599253e-02 4.547284e-02 4.100823e-02 3.791735e-02 3.371053e-02 2.739070e-02 2.565626e-02 2.096081e-02 1.834730e-02 1.644298e-02 1.347343e-02 1.141525e-02 8.625171e-03 6.944943e-03 5.664617e-03 4.178585e-03 3.124800e-03 3.282917e-03 2.157316e-03 1.697653e-03 1.161009e-03 1.076500e-03 6.063045e-04 6.520634e-04 8.598501e-04 4.467507e-04 6.165809e-04 2.385461e-04 2.309732e-04 3.637827e-04 2.443317e-04 1.581664e-04 7.685551e-05 1.494998e-04 1.940175e-04 1.653558e-04 1.151211e-04 6.736717e-05 8.765849e-05 1.069949e-04 6.272116e-05 8.174893e-05 1.998806e-05 0.000000e+00 1.914646e-05 7.500675e-05 1.837287e-05 0.000000e+00 0.000000e+00 0.000000e+00 0.000000e+00 0.000000e+00 0.000000e+00 0.000000e+00 0.000000e+00 0.000000e+00 1.528499e-05 0.000000e+00 0.000000e+00 0.000000e+00 0.000000e+00 0.000000e+00 0.000000e+00 0.000000e+00 0.000000e+00 0.000000e+00 0.000000e+00 0.000000e+00 0.000000e+00 0.000000e+00 0.000000e+00 0.000000e+00 0.000000e+00 0.000000e+00 0.000000e+00 1.158544e-05 0.000000e+00 0.000000e+00 0.000000e+00 0.000000e+00 0.000000e+00 0.000000e+00 0.000000e+00 0.000000e+00 0.000000e+00 0.000000e+00 0.000000e+00 0.000000e+00 0.000000e+00 0.000000e+00 0.000000e+00 0.000000e+00 0.000000e+00 0.000000e+00 0.000000e+00 0.000000e+00 0.000000e+00
SPEC pbar sel1 meanpt 0.5710 yield 0.06921 5.902750e-02 7.323782e-02 6.722576e-02 5.645090e-02 5.101142e-02 4.710275e-02 4.691929e-02 4.110063e-02 3.250370e-02 2.951375e-02 2.592213e-02 2.352545e-02 1.928232e-02 1.493906e-02 1.339992e-02 1.041973e-02 8.347323e-03 6.886542e-03 4.786013e-03 4.246280e-03 3.839187e-03 2.516676e-03 2.331951e-03 1.500108e-03 1.238105e-03 9.323516e-04 8.971685e-04 9.539798e-04 7.766776e-04 6.947681e-04 4.300729e-04 3.383410e-04 3.279305e-04 2.691967e-04 1.425785e-04 6.928110e-05 1.347660e-04 2.186204e-04 1.490593e-04 1.867959e-04 8.097051e-05 7.901941e-05 1.157402e-04 5.653975e-05 7.369226e-05 1.801816e-05 1.763067e-05 1.725950e-05 8.451818e-05 1.656215e-05 0.000000e+00 0.000000e+00 0.000000e+00 1.532386e-05 0.000000e+00 0.000000e+00 0.000000e+00 0.000000e+00 0.000000e+00 1.377859e-05 0.000000e+00 0.000000e+00 0.000000e+00 0.000000e+00 0.000000e+00 0.000000e+00 0.000000e+00 0.000000e+00 0.000000e+00 0.000000e+00 0.000000e+00 0.000000e+00 0.000000e+00 0.000000e+00 0.000000e+00 0.000000e+00 0.000000e+00 0.000000e+00 1.044365e-05 0.000000e+00 0.000000e+00 0.000000e+00 0.000000e+00 0.000000e+00 0.000000e+00 0.000000e+00 0.000000e+00 0.000000e+00 0.000000e+00 0.000000e+00 0.000000e+00 0.000000e+00 0.000000e+00 0.000000e+00 0.000000e+00 0.000000e+00 0.000000e+00 0.000000e+00 0.000000e+00 0.000000e+00
SPEC pinc sel0 meanpt 0.5536 yield 0.06375 1.036781e-01 8.427633e-02 8.658029e-02 8.392987e-02 7.558597e-02 6.729980e-02 6.464139e-02 4.911067e-02 4.397491e-02 4.403686e-02 3.655150e-02 3.194961e-02 2.444620e-02 1.839124e-02 1.555485e-02 1.267372e-02 1.008670e-02 7.379592e-03 7.177335e-03 5.176908e-03 3.815282e-03 2.834121e-03 2.789001e-03 2.670320e-03 1.707552e-03 1.676254e-03 1.201169e-03 8.267789e-04 9.254122e-04 4.007776e-04 5.367286e-04 5.196896e-04 3.078162e-04 2.443317e-04 1.581664e-04 2.818035e-04 1.245831e-04 2.182696e-04 1.417335e-04 9.209689e-05 6.736717e-05 8.765849e-05 1.283939e-04 6.272116e-05 2.043723e-05 9.994031e-05 1.955821e-05 3.829292e-05 0.000000e+00 0.000000e+00 0.000000e+00 0.000000e+00 1.732299e-05 1.699919e-05 3.337456e-05 1.638661e-05 1.609658e-05 0.000000e+00 0.000000e+00 0.000000e+00 0.000000e+00 2.957583e-05 0.000000e+00 0.000000e+00 0.000000e+00 0.000000e+00 0.000000e+00 1.347343e-05 0.000000e+00 0.000000e+00 1.290010e-05 0.000000e+00 0.000000e+00 0.000000e+00 0.000000e+00 0.000000e+00 0.000000e+00 0.000000e+00 0.000000e+00 0.000000e+00 0.000000e+00 0.000000e+00 0.000000e+00 0.000000e+00 0.000000e+00 0.000000e+00 0.000000e+00 0.000000e+00 0.000000e+00 0.000000e+00 0.000000e+00 0.000000e+00 0.000000e+00 0.000000e+00 0.000000e+00 0.000000e+00 0.000000e+00 0.000000e+00 0.000000e+00 0.000000e+00
SPEC pinc sel1 meanpt 0.5594 yield 0.10926 1.196947e-01 9.182055e-02 1.023143e-01 1.009558e-01 8.926998e-02 8.019393e-02 7.529790e-02 6.230680e-02 5.526594e-02 5.186481e-02 4.005437e-02 3.742686e-02 2.990727e-02 2.155840e-02 1.911044e-02 1.560315e-02 1.281910e-02 8.994666e-03 9.217507e-03 6.054102e-03 4.918958e-03 3.317437e-03 3.242869e-03 2.860671e-03 2.241974e-03 1.993303e-03 1.454032e-03 1.043415e-03 1.380760e-03 4.724423e-04 5.644706e-04 6.766821e-04 5.549594e-04 2.936691e-04 2.613939e-04 3.002181e-04 1.796880e-04 1.967583e-04 1.916477e-04 1.660408e-04 1.214558e-04 9.877426e-05 1.736103e-04 7.538633e-05 3.684613e-05 1.081090e-04 1.763067e-05 3.451901e-05 0.000000e+00 0.000000e+00 0.000000e+00 4.775688e-05 1.561574e-05 1.532386e-05 3.008537e-05 1.477165e-05 1.451020e-05 1.425785e-05 0.000000e+00 0.000000e+00 0.000000e+00 2.666102e-05 0.000000e+00 0.000000e+00 0.000000e+00 0.000000e+00 0.000000e+00 2.429115e-05 0.000000e+00 0.000000e+00 1.162874e-05 0.000000e+00 0.000000e+00 0.000000e+00 0.000000e+00 0.000000e+00 0.000000e+00 1.057840e-05 0.000000e+00 0.000000e+00 0.000000e+00 0.000000e+00 0.000000e+00 0.000000e+00 0.000000e+00 0.000000e+00 0.000000e+00 0.000000e+00 0.000000e+00 0.000000e+00 0.000000e+00 0.000000e+00 0.000000e+00 0.000000e+00 0.000000e+00 0.000000e+00 0.000000e+00 0.000000e+00 0.000000e+00 0.000000e+00
SPEC pbarinc sel0 meanpt 0.5472 yield 0.06014 7.639437e-02 9.397720e-02 8.949055e-02 7.405577e-02 6.952292e-02 6.564625e-02 5.932457e-02 5.311228e-02 4.376092e-02 3.858012e-02 3.144122e-02 2.839087e-02 2.350036e-02 1.899754e-02 1.643294e-02 1.196963e-02 9.480398e-03 7.743375e-03 5.800860e-03 4.104215e-03 4.214556e-03 3.130223e-03 2.142276e-03 1.548012e-03 1.336345e-03 8.559594e-04 9.266164e-04 9.921347e-04 6.382153e-04 8.323842e-04 3.876373e-04 3.175881e-04 4.197493e-04 2.714796e-04 2.108885e-04 7.685551e-05 1.744164e-04 2.182696e-04 1.889780e-04 1.381453e-04 6.736717e-05 8.765849e-05 1.283939e-04 8.362821e-05 1.021862e-04 3.997612e-05 0.000000e+00 3.829292e-05 7.500675e-05 1.837287e-05 0.000000e+00 1.765936e-05 1.732299e-05 0.000000e+00 0.000000e+00 0.000000e+00 0.000000e+00 0.000000e+00 0.000000e+00 1.528499e-05 0.000000e+00 0.000000e+00 0.000000e+00 0.000000e+00 0.000000e+00 0.000000e+00 0.000000e+00 0.000000e+00 0.000000e+00 0.000000e+00 0.000000e+00 0.000000e+00 0.000000e+00 0.000000e+00 0.000000e+00 0.000000e+00 0.000000e+00 0.000000e+00 1.158544e-05 0.000000e+00 0.000000e+00 0.000000e+00 0.000000e+00 0.000000e+00 0.000000e+00 0.000000e+00 0.000000e+00 0.000000e+00 0.000000e+00 0.000000e+00 0.000000e+00 0.000000e+00 0.000000e+00 0.000000e+00 0.000000e+00 0.000000e+00 0.000000e+00 0.000000e+00 0.000000e+00 0.000000e+00
SPEC pbarinc sel1 meanpt 0.5468 yield 0.10352 9.182055e-02 1.153222e-01 1.141198e-01 9.252326e-02 8.016080e-02 7.676556e-02 7.315374e-02 6.547680e-02 5.140794e-02 4.496100e-02 3.942974e-02 3.471786e-02 2.761175e-02 2.101185e-02 1.916698e-02 1.459820e-02 1.137820e-02 9.369444e-03 6.469981e-03 5.717763e-03 5.118916e-03 3.698752e-03 2.769191e-03 1.918743e-03 1.639653e-03 1.286002e-03 1.330284e-03 1.132851e-03 1.093102e-03 9.726754e-04 5.644706e-04 4.424460e-04 3.783814e-04 2.936691e-04 2.138677e-04 6.928110e-05 1.572270e-04 2.623444e-04 1.916477e-04 2.075510e-04 8.097051e-05 9.877426e-05 1.350302e-04 7.538633e-05 9.211532e-05 5.405449e-05 1.763067e-05 3.451901e-05 8.451818e-05 1.656215e-05 0.000000e+00 1.591896e-05 1.561574e-05 1.532386e-05 0.000000e+00 0.000000e+00 0.000000e+00 0.000000e+00 0.000000e+00 1.377859e-05 0.000000e+00 0.000000e+00 0.000000e+00 0.000000e+00 0.000000e+00 0.000000e+00 0.000000e+00 0.000000e+00 0.000000e+00 0.000000e+00 0.000000e+00 0.000000e+00 0.000000e+00 0.000000e+00 0.000000e+00 0.000000e+00 0.000000e+00 0.000000e+00 1.044365e-05 0.000000e+00 0.000000e+00 0.000000e+00 0.000000e+00 0.000000e+00 0.000000e+00 0.000000e+00 0.000000e+00 0.000000e+00 0.000000e+00 0.000000e+00 0.000000e+00 0.000000e+00 0.000000e+00 0.000000e+00 0.000000e+00 0.000000e+00 0.000000e+00 0.000000e+00 0.000000e+00 0.000000e+00
SPEC chpm sel0eta05 meanpt 0.4597 yield 2.10482 3.290051e+00 3.060868e+00 3.299728e+00 3.016668e+00 2.570105e+00 2.122722e+00 1.698110e+00 1.356679e+00 1.080681e+00 8.673442e-01 6.900352e-01 5.543574e-01 4.390639e-01 3.402379e-01 2.721220e-01 2.109470e-01 1.609683e-01 1.265236e-01 9.852121e-02 7.502319e-02 6.273034e-02 4.885687e-02 3.808401e-02 3.066611e-02 2.434746e-02 1.914852e-02 1.496657e-02 1.240830e-02 1.034228e-02 8.847936e-03 7.681183e-03 6.143886e-03 5.386783e-03 3.876729e-03 3.432211e-03 2.941004e-03 2.563921e-03 1.833465e-03 1.719700e-03 1.450526e-03 1.524744e-03 1.196538e-03 1.303198e-03 7.024770e-04 6.008546e-04 4.757159e-04 4.517947e-04 4.690883e-04 3.806592e-04 3.472471e-04 2.773393e-04 2.843156e-04 2.061435e-04 1.546927e-04 1.868975e-04 1.720594e-04 9.014085e-05 4.428659e-05 7.617672e-05 1.069949e-04 6.313585e-05 9.316387e-05 8.148733e-05 5.012754e-05 2.961022e-05 3.887754e-05 1.914646e-05 4.715702e-05 2.788116e-05 0.000000e+00 9.030068e-06 1.780755e-05 2.634289e-05 2.598448e-05 2.563570e-05 8.432050e-06 1.664365e-05 1.642890e-05 5.676864e-05 1.601559e-05 1.581664e-05 1.562257e-05 0.000000e+00 1.524838e-05 0.000000e+00 1.489169e-05 7.359766e-06 0.000000e+00 0.000000e+00 0.000000e+00 0.000000e+00 0.000000e+00 0.000000e+00 0.000000e+00 6.736717e-06 0.000000e+00 6.597096e-06 0.000000e+00 0.000000e+00 0.000000e+00
