# gen_world scan_p2.60_s0.380_k0.217_q0.081 mode set MultipartonInteractions:pT0Ref=2.60;StringPT:sigma=0.380;StringFlav:probStoUD=0.217;StringFlav:probQQtoQ=0.081 nev 100000 seed 20260923
SUMMARY nev 100000 nnsd 77732 dnde 2.1524 eps 0.5058 classN 17.2823 15.6341 7.2008 1.1163 meanpt_ch05 0.4629
SPEC pip sel0 meanpt 0.4111 yield 0.76599 2.884797e+00 2.705331e+00 2.290376e+00 1.810079e+00 1.453716e+00 1.112348e+00 8.637041e-01 6.603869e-01 5.180694e-01 4.204562e-01 3.212548e-01 2.530662e-01 1.975340e-01 1.480057e-01 1.167241e-01 9.076966e-02 7.049668e-02 5.399575e-02 4.095014e-02 3.232070e-02 2.497679e-02 1.945815e-02 1.438963e-02 1.308070e-02 1.050515e-02 7.846294e-03 6.657910e-03 5.324456e-03 3.956935e-03 3.452853e-03 2.415279e-03 2.107630e-03 1.734964e-03 1.330250e-03 9.753595e-04 9.478846e-04 7.724154e-04 7.033133e-04 8.504012e-04 4.835087e-04 4.715702e-04 2.848901e-04 3.209848e-04 4.181411e-04 2.452468e-04 1.998806e-04 7.823284e-05 2.106111e-04 1.687652e-04 1.469829e-04 0.000000e+00 7.063742e-05 8.661494e-05 1.019952e-04 1.668728e-05 6.554644e-05 8.048290e-05 3.163328e-05 3.109254e-05 1.528499e-05 6.012938e-05 1.478792e-05 4.365393e-05 1.432215e-05 0.000000e+00 0.000000e+00 0.000000e+00 2.694687e-05 0.000000e+00 0.000000e+00 0.000000e+00 2.543935e-05 0.000000e+00 0.000000e+00 0.000000e+00 2.409157e-05 1.188832e-05 0.000000e+00 0.000000e+00 0.000000e+00 2.259520e-05 0.000000e+00 1.102372e-05 1.089170e-05 0.000000e+00 1.063692e-05 0.000000e+00 1.039379e-05 0.000000e+00 0.000000e+00 0.000000e+00 0.000000e+00 0.000000e+00 0.000000e+00 0.000000e+00 0.000000e+00 0.000000e+00 9.327762e-06 0.000000e+00 0.000000e+00
SPEC pip sel1 meanpt 0.4142 yield 1.29746 3.374252e+00 3.192981e+00 2.687280e+00 2.133360e+00 1.711150e+00 1.308900e+00 1.020843e+00 7.777159e-01 6.169427e-01 4.987237e-01 3.829768e-01 3.067307e-01 2.346907e-01 1.772059e-01 1.386075e-01 1.098508e-01 8.170077e-02 6.542585e-02 4.967083e-02 3.796768e-02 3.040262e-02 2.380794e-02 1.863664e-02 1.519494e-02 1.233504e-02 8.768045e-03 8.498986e-03 6.819980e-03 4.971432e-03 4.414234e-03 2.980598e-03 2.703977e-03 2.192382e-03 1.662434e-03 1.258163e-03 1.084301e-03 1.009718e-03 8.299131e-04 1.042355e-03 5.598181e-04 5.662175e-04 3.946955e-04 4.239494e-04 4.706857e-04 3.496825e-04 3.059974e-04 1.585148e-04 2.413875e-04 1.857510e-04 1.323625e-04 6.487075e-05 1.113195e-04 1.247990e-04 1.530828e-04 4.508219e-05 7.378317e-05 8.697273e-05 2.848672e-05 5.599953e-05 2.752918e-05 6.768539e-05 2.663392e-05 5.241556e-05 1.289753e-05 0.000000e+00 1.250371e-05 0.000000e+00 6.066616e-05 0.000000e+00 0.000000e+00 2.323385e-05 2.290890e-05 0.000000e+00 0.000000e+00 0.000000e+00 2.169518e-05 1.070579e-05 0.000000e+00 0.000000e+00 0.000000e+00 2.034766e-05 1.004900e-05 9.927190e-06 1.961660e-05 0.000000e+00 9.578868e-06 0.000000e+00 9.359922e-06 0.000000e+00 0.000000e+00 0.000000e+00 0.000000e+00 0.000000e+00 0.000000e+00 0.000000e+00 0.000000e+00 0.000000e+00 8.399930e-06 0.000000e+00 0.000000e+00
SPEC pim sel0 meanpt 0.4096 yield 0.75683 2.884797e+00 2.667740e+00 2.208161e+00 1.824111e+00 1.403191e+00 1.098128e+00 8.713995e-01 6.818501e-01 5.198883e-01 4.033202e-01 3.189162e-01 2.450788e-01 1.969520e-01 1.513740e-01 1.131490e-01 8.859870e-02 6.900848e-02 5.015005e-02 4.036022e-02 3.246061e-02 2.564225e-02 1.878134e-02 1.459173e-02 1.203579e-02 9.094568e-03 7.061665e-03 6.040166e-03 4.530749e-03 4.084578e-03 3.452853e-03 2.773098e-03 2.078758e-03 1.706980e-03 1.710322e-03 9.226374e-04 1.152833e-03 7.474988e-04 6.790611e-04 3.543338e-04 5.756056e-04 5.389374e-04 2.629755e-04 3.209848e-04 2.926987e-04 1.021862e-04 2.398567e-04 7.823284e-05 9.573230e-05 0.000000e+00 1.286101e-04 9.004523e-05 3.531871e-05 1.559069e-04 1.699919e-04 1.168110e-04 8.193305e-05 1.609658e-05 4.744992e-05 0.000000e+00 4.585497e-05 3.006469e-05 1.478792e-05 1.455131e-05 7.161077e-05 2.820021e-05 0.000000e+00 1.367604e-05 0.000000e+00 1.327674e-05 0.000000e+00 1.290010e-05 2.543935e-05 0.000000e+00 0.000000e+00 0.000000e+00 0.000000e+00 0.000000e+00 0.000000e+00 1.158544e-05 0.000000e+00 0.000000e+00 0.000000e+00 0.000000e+00 0.000000e+00 0.000000e+00 0.000000e+00 0.000000e+00 0.000000e+00 0.000000e+00 0.000000e+00 0.000000e+00 0.000000e+00 0.000000e+00 0.000000e+00 0.000000e+00 0.000000e+00 0.000000e+00 0.000000e+00 0.000000e+00 0.000000e+00
SPEC pim sel1 meanpt 0.4119 yield 1.28009 3.352958e+00 3.099616e+00 2.630606e+00 2.145294e+00 1.679846e+00 1.276736e+00 1.027395e+00 7.960614e-01 6.278305e-01 4.815680e-01 3.775169e-01 2.910631e-01 2.330527e-01 1.776912e-01 1.352186e-01 1.054123e-01 8.279276e-02 5.976310e-02 4.909532e-02 3.826168e-02 3.040262e-02 2.251279e-02 1.721706e-02 1.484643e-02 1.116505e-02 8.960749e-03 7.355486e-03 5.211775e-03 4.799013e-03 4.081085e-03 3.544495e-03 2.313981e-03 2.242781e-03 1.858014e-03 1.258163e-03 1.453425e-03 9.872794e-04 8.299131e-04 6.169039e-04 6.842221e-04 6.875498e-04 2.960216e-04 4.046790e-04 3.388937e-04 1.472347e-04 2.519979e-04 1.585148e-04 1.379357e-04 5.065937e-05 1.323625e-04 1.297415e-04 7.951390e-05 1.403988e-04 1.836994e-04 1.202192e-04 8.853980e-05 4.348636e-05 4.273008e-05 0.000000e+00 6.882296e-05 4.061123e-05 1.331696e-05 5.241556e-05 6.448765e-05 2.539514e-05 0.000000e+00 1.231569e-05 1.213323e-05 2.391221e-05 0.000000e+00 2.323385e-05 2.290890e-05 0.000000e+00 0.000000e+00 0.000000e+00 1.084759e-05 0.000000e+00 2.113531e-05 1.043303e-05 1.030180e-05 0.000000e+00 0.000000e+00 9.927190e-06 9.808301e-06 0.000000e+00 9.578868e-06 0.000000e+00 0.000000e+00 0.000000e+00 0.000000e+00 0.000000e+00 0.000000e+00 0.000000e+00 0.000000e+00 0.000000e+00 0.000000e+00 0.000000e+00 0.000000e+00 0.000000e+00 0.000000e+00
SPEC kp sel0 meanpt 0.5245 yield 0.08672 1.455131e-01 1.473320e-01 1.429666e-01 1.283633e-01 1.220693e-01 1.041741e-01 8.982635e-02 7.518176e-02 6.483892e-02 5.150398e-02 4.789806e-02 3.432211e-02 3.194012e-02 2.256800e-02 1.981989e-02 1.507938e-02 1.394500e-02 1.080954e-02 8.111372e-03 5.969768e-03 5.057467e-03 4.103131e-03 3.395305e-03 2.476819e-03 1.559069e-03 1.711919e-03 9.952546e-04 1.223633e-03 7.020368e-04 6.165809e-04 7.752747e-04 4.330747e-04 4.477326e-04 3.800715e-04 3.954160e-04 1.793295e-04 3.488328e-04 1.212609e-04 9.448902e-05 6.907267e-05 1.571901e-04 6.574387e-05 8.559594e-05 2.926987e-04 4.087446e-05 5.996419e-05 3.911642e-05 0.000000e+00 0.000000e+00 7.349146e-05 5.402714e-05 1.765936e-05 5.196896e-05 1.699919e-05 3.337456e-05 0.000000e+00 3.219316e-05 1.581664e-05 1.554627e-05 3.056998e-05 0.000000e+00 0.000000e+00 0.000000e+00 1.432215e-05 0.000000e+00 0.000000e+00 0.000000e+00 0.000000e+00 0.000000e+00 0.000000e+00 0.000000e+00 0.000000e+00 0.000000e+00 0.000000e+00 0.000000e+00 1.204579e-05 0.000000e+00 0.000000e+00 0.000000e+00 0.000000e+00 0.000000e+00 0.000000e+00 0.000000e+00 0.000000e+00 1.076280e-05 0.000000e+00 0.000000e+00 0.000000e+00 0.000000e+00 0.000000e+00 0.000000e+00 0.000000e+00 0.000000e+00 0.000000e+00 0.000000e+00 0.000000e+00 0.000000e+00 0.000000e+00 0.000000e+00 0.000000e+00
SPEC kp sel1 meanpt 0.5272 yield 0.14686 1.719886e-01 1.719886e-01 1.680574e-01 1.462488e-01 1.435968e-01 1.244870e-01 1.018072e-01 9.139964e-02 7.457655e-02 6.534703e-02 5.608153e-02 4.137696e-02 3.760817e-02 2.699644e-02 2.349663e-02 1.849339e-02 1.608205e-02 1.216790e-02 9.518029e-03 7.307939e-03 6.112486e-03 4.952052e-03 4.367964e-03 3.171420e-03 2.072554e-03 1.862808e-03 1.483459e-03 1.399734e-03 9.483079e-04 6.940620e-04 9.398282e-04 5.719952e-04 4.787960e-04 5.378463e-04 4.510397e-04 3.460535e-04 4.263252e-04 8.735927e-05 8.509020e-05 1.036700e-04 1.415544e-04 5.920433e-05 7.708171e-05 2.824114e-04 3.680868e-05 7.199940e-05 3.522551e-05 0.000000e+00 1.688646e-05 8.272658e-05 6.487075e-05 1.590278e-05 4.679961e-05 1.530828e-05 3.005480e-05 0.000000e+00 4.348636e-05 1.424336e-05 1.399988e-05 4.129377e-05 1.353708e-05 0.000000e+00 1.310389e-05 1.289753e-05 0.000000e+00 0.000000e+00 0.000000e+00 0.000000e+00 0.000000e+00 0.000000e+00 0.000000e+00 0.000000e+00 0.000000e+00 0.000000e+00 0.000000e+00 1.084759e-05 0.000000e+00 0.000000e+00 0.000000e+00 0.000000e+00 0.000000e+00 0.000000e+00 0.000000e+00 0.000000e+00 9.692227e-06 0.000000e+00 0.000000e+00 0.000000e+00 0.000000e+00 0.000000e+00 0.000000e+00 0.000000e+00 0.000000e+00 0.000000e+00 0.000000e+00 0.000000e+00 0.000000e+00 0.000000e+00 0.000000e+00 0.000000e+00
SPEC km sel0 meanpt 0.5237 yield 0.08328 1.546077e-01 1.582455e-01 1.342358e-01 1.158908e-01 1.067096e-01 9.987489e-02 7.933262e-02 7.506050e-02 6.633685e-02 5.380155e-02 4.469331e-02 3.661552e-02 2.822954e-02 2.344378e-02 1.963172e-02 1.554878e-02 1.129931e-02 9.250475e-03 7.324814e-03 6.156323e-03 4.658193e-03 3.807029e-03 3.314465e-03 2.554219e-03 2.004517e-03 1.818914e-03 9.266164e-04 1.157490e-03 7.339476e-04 6.474099e-04 6.560016e-04 6.063045e-04 4.757159e-04 2.986276e-04 3.163328e-04 1.793295e-04 2.989995e-04 1.940175e-04 7.086677e-05 1.151211e-04 2.245572e-05 4.382924e-05 2.139898e-05 1.254423e-04 6.131170e-05 1.998806e-05 7.823284e-05 0.000000e+00 3.750337e-05 1.837287e-05 0.000000e+00 0.000000e+00 6.929195e-05 5.099758e-05 1.668728e-05 3.277322e-05 0.000000e+00 3.163328e-05 0.000000e+00 1.528499e-05 0.000000e+00 0.000000e+00 0.000000e+00 0.000000e+00 0.000000e+00 0.000000e+00 1.367604e-05 1.347343e-05 0.000000e+00 0.000000e+00 0.000000e+00 0.000000e+00 0.000000e+00 0.000000e+00 0.000000e+00 0.000000e+00 0.000000e+00 0.000000e+00 1.158544e-05 0.000000e+00 0.000000e+00 0.000000e+00 0.000000e+00 1.089170e-05 0.000000e+00 0.000000e+00 0.000000e+00 0.000000e+00 0.000000e+00 0.000000e+00 0.000000e+00 0.000000e+00 0.000000e+00 0.000000e+00 0.000000e+00 0.000000e+00 0.000000e+00 0.000000e+00 0.000000e+00 0.000000e+00
SPEC km sel1 meanpt 0.5247 yield 0.14083 1.850925e-01 1.834545e-01 1.582295e-01 1.364209e-01 1.268529e-01 1.182328e-01 9.613720e-02 9.019845e-02 7.871970e-02 6.086412e-02 5.179157e-02 4.151939e-02 3.341492e-02 2.766377e-02 2.417442e-02 1.949732e-02 1.444406e-02 1.113831e-02 8.234202e-03 7.769935e-03 5.153664e-03 4.190198e-03 4.076766e-03 2.997167e-03 2.440265e-03 1.927043e-03 1.143500e-03 1.399734e-03 1.091991e-03 7.218245e-04 8.055671e-04 6.499946e-04 5.795952e-04 2.933707e-04 3.560840e-04 1.845618e-04 2.916962e-04 2.183982e-04 8.509020e-05 1.451380e-04 4.044411e-05 7.893910e-05 3.854086e-05 1.317920e-04 9.202170e-05 3.599970e-05 7.045103e-05 1.724196e-05 5.065937e-05 3.309063e-05 0.000000e+00 3.180556e-05 6.239948e-05 4.592485e-05 1.502740e-05 5.902653e-05 0.000000e+00 2.848672e-05 0.000000e+00 1.376459e-05 0.000000e+00 0.000000e+00 0.000000e+00 0.000000e+00 0.000000e+00 1.250371e-05 1.231569e-05 1.213323e-05 0.000000e+00 0.000000e+00 0.000000e+00 0.000000e+00 0.000000e+00 0.000000e+00 0.000000e+00 0.000000e+00 0.000000e+00 0.000000e+00 1.043303e-05 0.000000e+00 0.000000e+00 0.000000e+00 0.000000e+00 9.808301e-06 0.000000e+00 0.000000e+00 0.000000e+00 0.000000e+00 0.000000e+00 0.000000e+00 0.000000e+00 0.000000e+00 0.000000e+00 0.000000e+00 0.000000e+00 0.000000e+00 0.000000e+00 0.000000e+00 0.000000e+00 0.000000e+00
SPEC p sel0 meanpt 0.5768 yield 0.04428 6.184306e-02 5.638632e-02 5.383984e-02 4.417362e-02 5.315270e-02 4.861460e-02 4.295435e-02 3.540819e-02 3.209848e-02 2.900689e-02 2.303957e-02 1.969172e-02 1.797087e-02 1.273240e-02 9.909943e-03 9.387941e-03 6.834706e-03 6.132337e-03 6.144978e-03 3.451272e-03 3.904010e-03 2.580319e-03 2.344378e-03 1.780213e-03 1.299224e-03 1.355269e-03 9.952546e-04 6.614231e-04 6.063045e-04 5.240938e-04 3.578191e-04 2.309732e-04 2.798329e-04 2.171837e-04 3.690549e-04 1.793295e-04 4.983325e-05 1.455131e-04 1.889780e-04 6.907267e-05 4.491145e-05 6.574387e-05 2.139898e-05 8.362821e-05 6.131170e-05 0.000000e+00 0.000000e+00 0.000000e+00 3.750337e-05 1.837287e-05 1.800905e-05 0.000000e+00 0.000000e+00 0.000000e+00 3.337456e-05 0.000000e+00 0.000000e+00 3.163328e-05 0.000000e+00 0.000000e+00 0.000000e+00 0.000000e+00 0.000000e+00 0.000000e+00 0.000000e+00 1.388484e-05 0.000000e+00 0.000000e+00 1.327674e-05 0.000000e+00 0.000000e+00 0.000000e+00 0.000000e+00 0.000000e+00 0.000000e+00 0.000000e+00 0.000000e+00 0.000000e+00 0.000000e+00 2.287942e-05 0.000000e+00 0.000000e+00 0.000000e+00 0.000000e+00 0.000000e+00 0.000000e+00 0.000000e+00 0.000000e+00 0.000000e+00 0.000000e+00 0.000000e+00 0.000000e+00 0.000000e+00 0.000000e+00 0.000000e+00 0.000000e+00 0.000000e+00 0.000000e+00 0.000000e+00 0.000000e+00
SPEC p sel1 meanpt 0.5823 yield 0.07657 8.517529e-02 6.606545e-02 6.682984e-02 5.452155e-02 6.187948e-02 5.643607e-02 5.077758e-02 4.236925e-02 3.844450e-02 3.672538e-02 2.893776e-02 2.164991e-02 2.122830e-02 1.613720e-02 1.282148e-02 1.151874e-02 9.133015e-03 7.815535e-03 6.906105e-03 4.157965e-03 4.274745e-03 3.085509e-03 2.875576e-03 2.021345e-03 1.704843e-03 1.734338e-03 1.019878e-03 8.041024e-04 5.747321e-04 5.274871e-04 4.564880e-04 2.859976e-04 3.779968e-04 3.422658e-04 5.697344e-04 2.076321e-04 8.975268e-05 1.965584e-04 2.127255e-04 1.036700e-04 6.066616e-05 1.184087e-04 1.927043e-05 9.413715e-05 7.361736e-05 0.000000e+00 0.000000e+00 1.724196e-05 5.065937e-05 3.309063e-05 1.621769e-05 3.180556e-05 1.559987e-05 1.530828e-05 3.005480e-05 1.475663e-05 2.899091e-05 2.848672e-05 0.000000e+00 0.000000e+00 1.353708e-05 0.000000e+00 1.310389e-05 0.000000e+00 0.000000e+00 1.250371e-05 0.000000e+00 0.000000e+00 2.391221e-05 0.000000e+00 0.000000e+00 0.000000e+00 0.000000e+00 0.000000e+00 0.000000e+00 0.000000e+00 0.000000e+00 0.000000e+00 0.000000e+00 1.030180e-05 0.000000e+00 1.004900e-05 0.000000e+00 0.000000e+00 0.000000e+00 0.000000e+00 0.000000e+00 0.000000e+00 0.000000e+00 0.000000e+00 0.000000e+00 0.000000e+00 0.000000e+00 0.000000e+00 0.000000e+00 0.000000e+00 0.000000e+00 0.000000e+00 0.000000e+00 0.000000e+00
SPEC pbar sel0 meanpt 0.5797 yield 0.04076 4.911067e-02 4.668545e-02 4.801932e-02 5.144927e-02 4.304762e-02 4.299250e-02 3.427953e-02 3.213414e-02 2.835365e-02 2.613492e-02 2.373249e-02 2.119430e-02 1.600644e-02 1.414711e-02 9.909943e-03 8.331798e-03 6.118164e-03 5.976431e-03 4.080266e-03 3.964299e-03 3.460372e-03 1.903514e-03 1.697653e-03 1.780213e-03 1.633310e-03 1.069949e-03 5.834251e-04 5.952808e-04 5.424830e-04 3.699485e-04 4.174556e-04 3.753314e-04 2.238663e-04 3.257756e-04 2.899717e-04 1.793295e-04 1.245831e-04 9.700873e-05 9.448902e-05 1.151211e-04 4.491145e-05 4.382924e-05 4.279797e-05 6.272116e-05 2.043723e-05 1.998806e-05 3.911642e-05 0.000000e+00 3.750337e-05 0.000000e+00 1.800905e-05 0.000000e+00 1.732299e-05 0.000000e+00 1.668728e-05 1.638661e-05 0.000000e+00 0.000000e+00 0.000000e+00 0.000000e+00 0.000000e+00 0.000000e+00 0.000000e+00 1.432215e-05 1.410011e-05 0.000000e+00 0.000000e+00 0.000000e+00 0.000000e+00 0.000000e+00 0.000000e+00 0.000000e+00 0.000000e+00 0.000000e+00 0.000000e+00 0.000000e+00 0.000000e+00 1.173493e-05 0.000000e+00 1.143971e-05 0.000000e+00 0.000000e+00 0.000000e+00 0.000000e+00 0.000000e+00 0.000000e+00 0.000000e+00 0.000000e+00 0.000000e+00 0.000000e+00 0.000000e+00 0.000000e+00 0.000000e+00 0.000000e+00 0.000000e+00 0.000000e+00 0.000000e+00 0.000000e+00 0.000000e+00 0.000000e+00
SPEC pbar sel1 meanpt 0.5836 yield 0.06906 4.913959e-02 6.388147e-02 5.536394e-02 5.826551e-02 5.077758e-02 4.854396e-02 4.233565e-02 3.974847e-02 3.565029e-02 2.956996e-02 2.745577e-02 2.364398e-02 1.827993e-02 1.728986e-02 1.174832e-02 9.616565e-03 6.949033e-03 7.394338e-03 5.135309e-03 4.661961e-03 3.995089e-03 2.133192e-03 2.001983e-03 2.404703e-03 1.838556e-03 1.316813e-03 9.271621e-04 8.041024e-04 9.195713e-04 4.441997e-04 5.370447e-04 4.159965e-04 3.023975e-04 3.667134e-04 3.086061e-04 1.845618e-04 1.121908e-04 6.551945e-05 1.063627e-04 1.658720e-04 1.011103e-04 5.920433e-05 5.781128e-05 9.413715e-05 5.521302e-05 3.599970e-05 3.522551e-05 0.000000e+00 5.065937e-05 1.654532e-05 1.621769e-05 0.000000e+00 1.559987e-05 0.000000e+00 1.502740e-05 1.475663e-05 0.000000e+00 0.000000e+00 0.000000e+00 1.376459e-05 0.000000e+00 0.000000e+00 0.000000e+00 1.289753e-05 1.269757e-05 0.000000e+00 0.000000e+00 0.000000e+00 0.000000e+00 0.000000e+00 0.000000e+00 0.000000e+00 0.000000e+00 0.000000e+00 0.000000e+00 0.000000e+00 0.000000e+00 1.056765e-05 0.000000e+00 1.030180e-05 0.000000e+00 0.000000e+00 0.000000e+00 0.000000e+00 0.000000e+00 0.000000e+00 0.000000e+00 0.000000e+00 0.000000e+00 0.000000e+00 0.000000e+00 0.000000e+00 0.000000e+00 0.000000e+00 0.000000e+00 0.000000e+00 0.000000e+00 0.000000e+00 0.000000e+00 0.000000e+00
SPEC pinc sel0 meanpt 0.5600 yield 0.05907 8.912677e-02 8.003220e-02 8.221490e-02 6.652027e-02 7.679858e-02 6.448876e-02 5.680607e-02 5.044454e-02 4.172802e-02 4.059049e-02 3.118138e-02 2.586021e-02 2.219075e-02 1.690916e-02 1.323416e-02 1.185228e-02 8.598501e-03 7.431561e-03 7.472294e-03 4.150854e-03 4.658193e-03 3.426326e-03 2.829421e-03 2.051115e-03 1.670431e-03 1.676254e-03 1.338446e-03 7.606366e-04 7.658584e-04 6.782390e-04 4.472738e-04 3.175881e-04 3.917660e-04 4.343674e-04 3.690549e-04 2.049480e-04 1.245831e-04 1.940175e-04 1.889780e-04 1.151211e-04 8.982290e-05 8.765849e-05 2.139898e-05 8.362821e-05 8.174893e-05 0.000000e+00 0.000000e+00 0.000000e+00 3.750337e-05 1.837287e-05 1.800905e-05 0.000000e+00 0.000000e+00 0.000000e+00 3.337456e-05 0.000000e+00 0.000000e+00 3.163328e-05 0.000000e+00 0.000000e+00 0.000000e+00 0.000000e+00 0.000000e+00 0.000000e+00 0.000000e+00 1.388484e-05 0.000000e+00 0.000000e+00 1.327674e-05 0.000000e+00 0.000000e+00 0.000000e+00 0.000000e+00 0.000000e+00 0.000000e+00 0.000000e+00 0.000000e+00 0.000000e+00 0.000000e+00 2.287942e-05 0.000000e+00 0.000000e+00 0.000000e+00 0.000000e+00 0.000000e+00 0.000000e+00 0.000000e+00 0.000000e+00 0.000000e+00 0.000000e+00 0.000000e+00 0.000000e+00 0.000000e+00 0.000000e+00 0.000000e+00 0.000000e+00 0.000000e+00 0.000000e+00 0.000000e+00 0.000000e+00
SPEC pinc sel1 meanpt 0.5634 yield 0.10221 1.162970e-01 9.827918e-02 9.827918e-02 8.049533e-02 8.881526e-02 8.026133e-02 6.904742e-02 5.995030e-02 5.135569e-02 4.957064e-02 3.899967e-02 2.848672e-02 2.679746e-02 2.111182e-02 1.626690e-02 1.453052e-02 1.111845e-02 9.406722e-03 8.455551e-03 5.081958e-03 5.233566e-03 3.999734e-03 3.421571e-03 2.404703e-03 2.105982e-03 2.151864e-03 1.359838e-03 1.012573e-03 8.333615e-04 6.940620e-04 5.638969e-04 3.899967e-04 5.039958e-04 5.378463e-04 5.697344e-04 2.768428e-04 1.570672e-04 2.402380e-04 2.339980e-04 1.451380e-04 1.011103e-04 1.381434e-04 1.927043e-05 9.413715e-05 1.104260e-04 0.000000e+00 0.000000e+00 1.724196e-05 5.065937e-05 3.309063e-05 1.621769e-05 3.180556e-05 1.559987e-05 1.530828e-05 3.005480e-05 1.475663e-05 2.899091e-05 2.848672e-05 0.000000e+00 0.000000e+00 1.353708e-05 0.000000e+00 1.310389e-05 0.000000e+00 1.269757e-05 1.250371e-05 0.000000e+00 0.000000e+00 2.391221e-05 0.000000e+00 0.000000e+00 0.000000e+00 0.000000e+00 0.000000e+00 0.000000e+00 0.000000e+00 0.000000e+00 0.000000e+00 0.000000e+00 1.030180e-05 0.000000e+00 1.004900e-05 0.000000e+00 0.000000e+00 0.000000e+00 0.000000e+00 0.000000e+00 0.000000e+00 0.000000e+00 0.000000e+00 0.000000e+00 0.000000e+00 0.000000e+00 0.000000e+00 0.000000e+00 0.000000e+00 0.000000e+00 0.000000e+00 0.000000e+00 0.000000e+00
SPEC pbarinc sel0 meanpt 0.5592 yield 0.05428 7.457546e-02 7.154394e-02 7.130141e-02 7.509515e-02 6.083256e-02 6.085093e-02 4.659217e-02 4.389645e-02 4.023009e-02 3.484656e-02 3.135461e-02 2.641379e-02 2.139042e-02 1.724600e-02 1.248151e-02 1.073746e-02 8.378026e-03 7.275655e-03 5.407581e-03 4.897075e-03 3.904010e-03 2.326517e-03 2.101856e-03 2.051115e-03 1.893155e-03 1.390934e-03 8.236590e-04 7.937078e-04 6.063045e-04 4.932647e-04 5.069104e-04 4.908180e-04 2.238663e-04 4.072195e-04 3.163328e-04 2.049480e-04 1.245831e-04 1.455131e-04 1.181113e-04 1.381453e-04 4.491145e-05 6.574387e-05 6.419695e-05 6.272116e-05 2.043723e-05 1.998806e-05 3.911642e-05 0.000000e+00 3.750337e-05 0.000000e+00 1.800905e-05 0.000000e+00 1.732299e-05 0.000000e+00 1.668728e-05 1.638661e-05 0.000000e+00 0.000000e+00 0.000000e+00 0.000000e+00 0.000000e+00 0.000000e+00 0.000000e+00 1.432215e-05 1.410011e-05 0.000000e+00 0.000000e+00 0.000000e+00 0.000000e+00 0.000000e+00 0.000000e+00 0.000000e+00 0.000000e+00 0.000000e+00 0.000000e+00 0.000000e+00 0.000000e+00 1.173493e-05 0.000000e+00 1.143971e-05 0.000000e+00 0.000000e+00 0.000000e+00 0.000000e+00 0.000000e+00 0.000000e+00 0.000000e+00 0.000000e+00 0.000000e+00 0.000000e+00 0.000000e+00 0.000000e+00 0.000000e+00 0.000000e+00 0.000000e+00 0.000000e+00 0.000000e+00 0.000000e+00 0.000000e+00 0.000000e+00
SPEC pbarinc sel1 meanpt 0.5646 yield 0.09192 7.534737e-02 9.008925e-02 8.255451e-02 8.470729e-02 7.207140e-02 6.998669e-02 5.745552e-02 5.307076e-02 4.971770e-02 4.025998e-02 3.587970e-02 2.948375e-02 2.463531e-02 2.141515e-02 1.474188e-02 1.246983e-02 1.012573e-02 9.079124e-03 6.596215e-03 5.627953e-03 4.394598e-03 2.780768e-03 2.365980e-03 2.788062e-03 2.139411e-03 1.670104e-03 1.236216e-03 1.131700e-03 1.005781e-03 5.830121e-04 6.713059e-04 5.199957e-04 3.275973e-04 4.645036e-04 3.560840e-04 2.307023e-04 1.346290e-04 1.091991e-04 1.489078e-04 1.866060e-04 1.011103e-04 9.867388e-05 7.708171e-05 1.129646e-04 7.361736e-05 3.599970e-05 3.522551e-05 0.000000e+00 5.065937e-05 1.654532e-05 1.621769e-05 0.000000e+00 1.559987e-05 0.000000e+00 1.502740e-05 1.475663e-05 0.000000e+00 0.000000e+00 0.000000e+00 1.376459e-05 0.000000e+00 0.000000e+00 0.000000e+00 1.289753e-05 1.269757e-05 0.000000e+00 0.000000e+00 0.000000e+00 0.000000e+00 0.000000e+00 0.000000e+00 0.000000e+00 0.000000e+00 0.000000e+00 0.000000e+00 0.000000e+00 0.000000e+00 1.056765e-05 0.000000e+00 1.030180e-05 0.000000e+00 0.000000e+00 0.000000e+00 0.000000e+00 0.000000e+00 0.000000e+00 0.000000e+00 0.000000e+00 0.000000e+00 0.000000e+00 0.000000e+00 0.000000e+00 0.000000e+00 0.000000e+00 0.000000e+00 0.000000e+00 0.000000e+00 0.000000e+00 0.000000e+00 0.000000e+00
SPEC chpm sel0eta05 meanpt 0.4629 yield 2.15239 3.199651e+00 2.995508e+00 3.256183e+00 3.034130e+00 2.610000e+00 2.132560e+00 1.738756e+00 1.392160e+00 1.127191e+00 9.081549e-01 7.196835e-01 5.726256e-01 4.565328e-01 3.501409e-01 2.739221e-01 2.190383e-01 1.699582e-01 1.308890e-01 1.039239e-01 8.047527e-02 6.465573e-02 4.950829e-02 3.947043e-02 3.264369e-02 2.582857e-02 1.992245e-02 1.648004e-02 1.326484e-02 1.081137e-02 8.977418e-03 7.388964e-03 5.840734e-03 4.975428e-03 4.161783e-03 3.266136e-03 2.761675e-03 2.424388e-03 1.850441e-03 1.752771e-03 1.450526e-03 1.257521e-03 8.437130e-04 8.687987e-04 1.126890e-03 6.151607e-04 5.596657e-04 3.559594e-04 3.082580e-04 3.150283e-04 3.601082e-04 2.269140e-04 1.977848e-04 3.274045e-04 3.331842e-04 2.102597e-04 1.950007e-04 1.464789e-04 1.217881e-04 6.529434e-05 1.283939e-04 8.418113e-05 4.140616e-05 1.018592e-04 8.020407e-05 3.948030e-05 2.915816e-05 1.914646e-05 6.601983e-05 3.717488e-05 0.000000e+00 3.612027e-05 4.451887e-05 0.000000e+00 0.000000e+00 0.000000e+00 3.372820e-05 8.321827e-06 2.464335e-05 1.621961e-05 3.203118e-05 1.581664e-05 1.562257e-05 1.543321e-05 3.049676e-05 7.533962e-06 1.489169e-05 0.000000e+00 7.275655e-06 0.000000e+00 0.000000e+00 0.000000e+00 0.000000e+00 0.000000e+00 0.000000e+00 0.000000e+00 0.000000e+00 0.000000e+00 6.529434e-06 0.000000e+00 0.000000e+00
