# gen_world scan_p2.60_s0.380_k0.270_q0.095 mode set MultipartonInteractions:pT0Ref=2.60;StringPT:sigma=0.380;StringFlav:probStoUD=0.270;StringFlav:probQQtoQ=0.095 nev 100000 seed 20260927
SUMMARY nev 100000 nnsd 77805 dnde 2.1079 eps 0.5119 classN 17.1514 15.4283 7.1134 1.1070 meanpt_ch05 0.4602
SPEC pip sel0 meanpt 0.4028 yield 0.74070 3.035767e+00 2.727158e+00 2.286738e+00 1.800724e+00 1.428656e+00 1.077624e+00 8.304040e-01 6.472907e-01 5.030901e-01 3.958530e-01 3.027192e-01 2.402548e-01 1.831282e-01 1.414037e-01 1.079431e-01 8.554762e-02 6.487459e-02 5.040989e-02 3.908206e-02 2.938245e-02 2.329097e-02 1.793533e-02 1.410669e-02 1.095218e-02 7.015810e-03 6.669350e-03 5.044911e-03 4.332322e-03 3.733560e-03 3.144563e-03 2.296006e-03 2.656191e-03 1.678997e-03 1.764618e-03 1.291692e-03 9.991216e-04 7.724154e-04 6.790611e-04 4.960674e-04 3.683876e-04 4.042030e-04 3.287193e-04 3.209848e-04 2.090705e-04 1.430606e-04 1.798926e-04 3.324896e-04 1.723181e-04 9.375843e-05 5.511860e-05 1.800905e-04 1.765936e-05 3.464597e-05 5.099758e-05 5.006184e-05 4.915983e-05 6.438632e-05 6.326656e-05 0.000000e+00 3.056998e-05 3.006469e-05 4.436375e-05 1.455131e-05 2.864431e-05 0.000000e+00 1.388484e-05 1.367604e-05 0.000000e+00 3.983023e-05 0.000000e+00 1.290010e-05 0.000000e+00 1.254423e-05 2.474712e-05 0.000000e+00 1.204579e-05 0.000000e+00 0.000000e+00 1.158544e-05 0.000000e+00 0.000000e+00 0.000000e+00 0.000000e+00 0.000000e+00 0.000000e+00 0.000000e+00 0.000000e+00 0.000000e+00 0.000000e+00 0.000000e+00 0.000000e+00 0.000000e+00 0.000000e+00 0.000000e+00 0.000000e+00 0.000000e+00 0.000000e+00 0.000000e+00 0.000000e+00 0.000000e+00
SPEC pip sel1 meanpt 0.4059 yield 1.25563 3.570733e+00 3.186167e+00 2.667740e+00 2.138606e+00 1.679906e+00 1.282530e+00 9.926955e-01 7.724042e-01 6.009620e-01 4.628568e-01 3.603306e-01 2.830346e-01 2.193497e-01 1.671603e-01 1.287152e-01 1.006153e-01 7.745861e-02 5.956676e-02 4.785509e-02 3.554033e-02 2.813895e-02 2.249167e-02 1.778275e-02 1.368350e-02 9.584919e-03 8.118073e-03 5.804764e-03 5.206885e-03 4.650962e-03 3.827628e-03 2.682704e-03 3.324850e-03 2.190325e-03 2.173791e-03 1.446716e-03 1.198526e-03 1.008770e-03 7.418571e-04 6.800829e-04 4.764347e-04 5.252801e-04 4.731902e-04 4.428040e-04 3.197660e-04 2.206449e-04 2.157955e-04 3.167322e-04 1.722578e-04 1.687061e-04 1.157086e-04 2.106321e-04 4.766358e-05 3.117047e-05 6.117568e-05 6.005319e-05 7.371394e-05 5.792742e-05 7.114998e-05 0.000000e+00 4.125503e-05 4.057313e-05 7.982681e-05 1.309160e-05 2.577086e-05 0.000000e+00 1.249198e-05 1.230413e-05 0.000000e+00 4.777955e-05 2.354604e-05 1.160602e-05 0.000000e+00 1.128586e-05 2.226462e-05 1.098288e-05 1.083741e-05 0.000000e+00 1.055774e-05 2.084649e-05 0.000000e+00 0.000000e+00 0.000000e+00 0.000000e+00 0.000000e+00 9.683133e-06 0.000000e+00 9.459246e-06 0.000000e+00 0.000000e+00 9.142176e-06 0.000000e+00 0.000000e+00 0.000000e+00 0.000000e+00 0.000000e+00 0.000000e+00 0.000000e+00 0.000000e+00 0.000000e+00 0.000000e+00
SPEC pim sel0 meanpt 0.4043 yield 0.73150 2.977562e+00 2.650763e+00 2.271096e+00 1.797087e+00 1.401170e+00 1.068033e+00 8.260666e-01 6.344371e-01 4.903577e-01 3.941299e-01 2.944042e-01 2.285505e-01 1.840741e-01 1.446373e-01 1.033018e-01 8.378738e-02 6.272496e-02 5.082564e-02 3.942618e-02 3.120136e-02 2.253678e-02 1.747003e-02 1.398542e-02 1.064258e-02 8.389275e-03 7.988954e-03 5.422422e-03 4.398464e-03 4.020756e-03 2.682127e-03 2.534552e-03 2.309732e-03 1.623031e-03 1.085919e-03 1.502581e-03 9.222661e-04 9.219151e-04 4.850436e-04 7.322899e-04 5.525814e-04 5.389374e-04 2.191462e-04 2.781868e-04 3.136058e-04 8.174893e-05 1.798926e-04 2.542567e-04 2.106111e-04 1.125101e-04 9.186433e-05 7.203618e-05 1.412748e-04 6.929195e-05 1.699919e-05 5.006184e-05 8.193305e-05 4.828974e-05 0.000000e+00 7.773135e-05 3.056998e-05 0.000000e+00 0.000000e+00 1.455131e-05 0.000000e+00 2.820021e-05 1.388484e-05 0.000000e+00 1.347343e-05 0.000000e+00 0.000000e+00 2.580019e-05 0.000000e+00 2.508846e-05 2.474712e-05 1.220747e-05 0.000000e+00 1.188832e-05 0.000000e+00 1.158544e-05 0.000000e+00 0.000000e+00 1.115898e-05 0.000000e+00 0.000000e+00 0.000000e+00 0.000000e+00 0.000000e+00 0.000000e+00 1.027635e-05 0.000000e+00 0.000000e+00 0.000000e+00 0.000000e+00 0.000000e+00 9.623882e-06 0.000000e+00 0.000000e+00 0.000000e+00 0.000000e+00 0.000000e+00
SPEC pim sel1 meanpt 0.4063 yield 1.23776 3.528185e+00 3.138710e+00 2.682468e+00 2.113124e+00 1.645359e+00 1.261405e+00 9.642464e-01 7.601853e-01 5.868115e-01 4.599284e-01 3.499664e-01 2.725756e-01 2.169277e-01 1.718878e-01 1.259502e-01 9.918996e-02 7.547504e-02 6.050188e-02 4.697052e-02 3.797402e-02 2.698146e-02 2.138801e-02 1.650996e-02 1.326569e-02 1.005248e-02 9.048603e-03 6.854562e-03 4.879595e-03 4.564833e-03 3.439318e-03 3.111937e-03 2.987170e-03 2.089620e-03 1.367779e-03 1.683883e-03 1.267672e-03 1.098439e-03 7.200378e-04 7.863459e-04 6.835802e-04 5.454832e-04 3.943252e-04 3.272899e-04 4.326246e-04 1.287095e-04 2.337785e-04 3.519246e-04 2.583868e-04 1.687061e-04 9.917876e-05 6.480988e-05 1.906543e-04 7.792617e-05 4.588176e-05 4.503989e-05 1.031995e-04 5.792742e-05 0.000000e+00 9.790724e-05 2.750335e-05 1.352438e-05 1.330447e-05 1.309160e-05 0.000000e+00 2.537131e-05 2.498396e-05 0.000000e+00 1.212185e-05 0.000000e+00 0.000000e+00 2.321205e-05 0.000000e+00 2.257172e-05 2.226462e-05 1.098288e-05 0.000000e+00 1.069575e-05 0.000000e+00 2.084649e-05 0.000000e+00 1.016428e-05 1.003957e-05 0.000000e+00 0.000000e+00 0.000000e+00 0.000000e+00 0.000000e+00 0.000000e+00 1.849095e-05 0.000000e+00 0.000000e+00 0.000000e+00 0.000000e+00 0.000000e+00 8.658463e-06 0.000000e+00 0.000000e+00 0.000000e+00 0.000000e+00 0.000000e+00
SPEC kp sel0 meanpt 0.5269 yield 0.09909 1.837103e-01 1.709779e-01 1.495147e-01 1.491509e-01 1.321744e-01 1.177333e-01 1.010197e-01 9.252207e-02 7.179359e-02 6.481076e-02 4.989020e-02 4.302126e-02 3.448660e-02 2.741844e-02 2.414765e-02 1.766106e-02 1.306311e-02 1.158908e-02 8.848769e-03 8.115153e-03 6.033470e-03 4.230032e-03 3.395305e-03 2.979922e-03 2.524207e-03 1.818914e-03 1.235489e-03 1.322846e-03 6.701261e-04 6.165809e-04 7.156382e-04 7.217911e-04 3.078162e-04 4.343674e-04 5.535824e-04 3.330405e-04 2.989995e-04 1.455131e-04 1.653558e-04 1.151211e-04 8.982290e-05 8.765849e-05 1.925909e-04 1.045353e-04 4.087446e-05 0.000000e+00 1.369075e-04 5.743938e-05 5.625506e-05 0.000000e+00 1.080543e-04 5.297807e-05 1.732299e-05 0.000000e+00 5.006184e-05 1.638661e-05 1.609658e-05 1.581664e-05 0.000000e+00 4.585497e-05 1.503234e-05 4.436375e-05 1.455131e-05 0.000000e+00 1.410011e-05 0.000000e+00 1.367604e-05 0.000000e+00 0.000000e+00 2.617142e-05 0.000000e+00 0.000000e+00 1.254423e-05 0.000000e+00 0.000000e+00 0.000000e+00 0.000000e+00 1.173493e-05 0.000000e+00 0.000000e+00 1.129760e-05 0.000000e+00 0.000000e+00 0.000000e+00 0.000000e+00 0.000000e+00 0.000000e+00 0.000000e+00 0.000000e+00 0.000000e+00 0.000000e+00 0.000000e+00 0.000000e+00 0.000000e+00 0.000000e+00 0.000000e+00 0.000000e+00 0.000000e+00 0.000000e+00 0.000000e+00
SPEC kp sel1 meanpt 0.5301 yield 0.16729 2.176478e-01 1.996468e-01 1.764093e-01 1.715934e-01 1.496442e-01 1.371642e-01 1.183279e-01 1.092057e-01 8.605799e-02 7.656861e-02 5.891218e-02 5.193948e-02 3.999483e-02 3.285021e-02 2.787607e-02 2.222404e-02 1.671162e-02 1.393320e-02 1.070326e-02 9.189293e-03 7.264239e-03 5.289918e-03 4.218403e-03 3.238081e-03 2.972327e-03 2.310282e-03 1.574697e-03 1.755464e-03 8.612892e-04 6.934108e-04 8.048112e-04 8.571878e-04 4.279945e-04 4.884924e-04 4.980499e-04 3.687774e-04 3.362567e-04 1.745546e-04 2.975363e-04 1.450019e-04 1.818277e-04 7.886504e-05 2.117758e-04 1.504781e-04 5.516122e-05 1.798296e-05 1.583661e-04 6.890314e-05 6.748245e-05 1.652979e-05 9.721482e-05 6.355144e-05 1.558523e-05 1.529392e-05 4.503989e-05 1.474279e-05 1.448185e-05 1.423000e-05 1.398675e-05 4.125503e-05 1.352438e-05 3.991340e-05 1.309160e-05 0.000000e+00 1.268566e-05 0.000000e+00 1.230413e-05 0.000000e+00 0.000000e+00 2.354604e-05 0.000000e+00 0.000000e+00 1.128586e-05 0.000000e+00 0.000000e+00 0.000000e+00 0.000000e+00 1.055774e-05 0.000000e+00 0.000000e+00 1.016428e-05 0.000000e+00 0.000000e+00 0.000000e+00 0.000000e+00 0.000000e+00 0.000000e+00 0.000000e+00 0.000000e+00 0.000000e+00 0.000000e+00 0.000000e+00 0.000000e+00 0.000000e+00 0.000000e+00 0.000000e+00 0.000000e+00 0.000000e+00 0.000000e+00 0.000000e+00
SPEC km sel0 meanpt 0.5173 yield 0.09266 1.582455e-01 1.473320e-01 1.531525e-01 1.320012e-01 1.305576e-01 1.089695e-01 1.045176e-01 8.209364e-02 6.644385e-02 6.165160e-02 5.006343e-02 3.954160e-02 3.317698e-02 2.748581e-02 2.276778e-02 1.513806e-02 1.212609e-02 9.874103e-03 7.865572e-03 7.602126e-03 4.791285e-03 3.595527e-03 2.991102e-03 2.670320e-03 1.856034e-03 1.533594e-03 1.544361e-03 1.058277e-03 8.615907e-04 8.015552e-04 5.367286e-04 4.619463e-04 4.477326e-04 2.443317e-04 3.163328e-04 2.561850e-04 1.993330e-04 1.940175e-04 2.126003e-04 4.604845e-05 1.571901e-04 8.765849e-05 2.139898e-05 1.254423e-04 6.131170e-05 7.995225e-05 1.955821e-05 7.658584e-05 7.500675e-05 3.674573e-05 0.000000e+00 1.765936e-05 3.464597e-05 3.399839e-05 0.000000e+00 1.638661e-05 0.000000e+00 0.000000e+00 0.000000e+00 0.000000e+00 3.006469e-05 1.478792e-05 0.000000e+00 0.000000e+00 1.410011e-05 1.388484e-05 0.000000e+00 0.000000e+00 0.000000e+00 0.000000e+00 0.000000e+00 0.000000e+00 0.000000e+00 1.237356e-05 0.000000e+00 0.000000e+00 0.000000e+00 0.000000e+00 0.000000e+00 0.000000e+00 0.000000e+00 0.000000e+00 0.000000e+00 1.089170e-05 0.000000e+00 0.000000e+00 0.000000e+00 0.000000e+00 0.000000e+00 0.000000e+00 0.000000e+00 0.000000e+00 0.000000e+00 0.000000e+00 0.000000e+00 0.000000e+00 9.424423e-06 0.000000e+00 0.000000e+00 0.000000e+00
SPEC km sel1 meanpt 0.5218 yield 0.15705 1.963739e-01 1.816459e-01 1.737909e-01 1.540600e-01 1.530989e-01 1.277918e-01 1.249996e-01 9.916884e-02 7.941593e-02 6.950604e-02 5.922389e-02 4.838199e-02 3.848929e-02 3.127437e-02 2.669106e-02 1.873999e-02 1.512476e-02 1.140839e-02 9.553327e-03 9.231254e-03 5.508050e-03 4.452665e-03 3.927479e-03 2.924718e-03 2.371182e-03 1.925235e-03 1.790832e-03 1.398420e-03 9.474181e-04 9.985116e-04 7.511572e-04 5.195078e-04 5.538752e-04 3.663693e-04 4.743332e-04 4.379231e-04 2.465883e-04 2.836512e-04 2.337785e-04 1.035728e-04 1.616246e-04 7.886504e-05 5.775704e-05 1.880976e-04 9.193537e-05 8.991481e-05 3.519246e-05 8.612892e-05 8.435307e-05 3.305959e-05 1.620247e-05 1.588786e-05 4.675570e-05 3.058784e-05 0.000000e+00 4.422837e-05 0.000000e+00 0.000000e+00 0.000000e+00 0.000000e+00 2.704875e-05 1.330447e-05 0.000000e+00 0.000000e+00 0.000000e+00 1.249198e-05 0.000000e+00 0.000000e+00 0.000000e+00 0.000000e+00 0.000000e+00 0.000000e+00 0.000000e+00 2.226462e-05 0.000000e+00 0.000000e+00 0.000000e+00 0.000000e+00 0.000000e+00 0.000000e+00 0.000000e+00 0.000000e+00 0.000000e+00 9.799099e-06 0.000000e+00 0.000000e+00 0.000000e+00 0.000000e+00 0.000000e+00 0.000000e+00 0.000000e+00 0.000000e+00 0.000000e+00 0.000000e+00 0.000000e+00 0.000000e+00 8.479013e-06 8.392049e-06 0.000000e+00 0.000000e+00
SPEC p sel0 meanpt 0.5805 yield 0.04596 5.456741e-02 5.638632e-02 5.383984e-02 5.820524e-02 4.850436e-02 4.646498e-02 4.225476e-02 4.147123e-02 3.092153e-02 2.900689e-02 2.624433e-02 1.969172e-02 1.789811e-02 1.455131e-02 1.166614e-02 8.801195e-03 7.881959e-03 6.548089e-03 4.326065e-03 4.803798e-03 2.972371e-03 3.087923e-03 2.344378e-03 2.051115e-03 1.150741e-03 1.212609e-03 8.579781e-04 7.275655e-04 4.786615e-04 5.549228e-04 6.560016e-04 3.464597e-04 4.197493e-04 3.257756e-04 4.481381e-04 1.793295e-04 2.242496e-04 1.697653e-04 1.181113e-04 1.151211e-04 6.736717e-05 6.574387e-05 8.559594e-05 4.181411e-05 6.131170e-05 9.994031e-05 5.867463e-05 0.000000e+00 1.875169e-05 0.000000e+00 0.000000e+00 0.000000e+00 1.732299e-05 0.000000e+00 1.668728e-05 0.000000e+00 0.000000e+00 0.000000e+00 0.000000e+00 0.000000e+00 0.000000e+00 0.000000e+00 0.000000e+00 0.000000e+00 0.000000e+00 0.000000e+00 0.000000e+00 0.000000e+00 1.327674e-05 0.000000e+00 0.000000e+00 0.000000e+00 0.000000e+00 0.000000e+00 0.000000e+00 0.000000e+00 0.000000e+00 0.000000e+00 0.000000e+00 0.000000e+00 0.000000e+00 0.000000e+00 0.000000e+00 0.000000e+00 0.000000e+00 0.000000e+00 0.000000e+00 0.000000e+00 0.000000e+00 0.000000e+00 0.000000e+00 0.000000e+00 0.000000e+00 0.000000e+00 0.000000e+00 0.000000e+00 0.000000e+00 0.000000e+00 0.000000e+00 0.000000e+00
SPEC p sel1 meanpt 0.5855 yield 0.07895 6.382153e-02 7.091281e-02 5.694844e-02 6.545798e-02 6.382153e-02 5.534175e-02 5.236638e-02 4.876620e-02 3.657946e-02 3.453770e-02 3.101461e-02 2.376409e-02 2.166659e-02 1.721302e-02 1.348660e-02 1.029380e-02 9.719518e-03 8.182248e-03 5.218947e-03 6.084235e-03 4.031254e-03 3.615412e-03 3.018340e-03 2.611356e-03 1.402671e-03 1.443926e-03 9.571686e-04 1.041377e-03 7.464507e-04 7.488837e-04 6.975031e-04 4.935324e-04 3.776422e-04 4.152185e-04 4.268999e-04 2.535344e-04 2.465883e-04 1.745546e-04 1.062630e-04 1.035728e-04 1.212185e-04 7.886504e-05 1.155141e-04 5.642929e-05 9.193537e-05 8.991481e-05 5.278869e-05 0.000000e+00 1.687061e-05 0.000000e+00 0.000000e+00 0.000000e+00 3.117047e-05 0.000000e+00 4.503989e-05 0.000000e+00 1.448185e-05 0.000000e+00 0.000000e+00 0.000000e+00 0.000000e+00 0.000000e+00 0.000000e+00 1.288543e-05 0.000000e+00 1.249198e-05 0.000000e+00 0.000000e+00 1.194489e-05 0.000000e+00 0.000000e+00 0.000000e+00 0.000000e+00 0.000000e+00 0.000000e+00 0.000000e+00 0.000000e+00 0.000000e+00 0.000000e+00 0.000000e+00 0.000000e+00 0.000000e+00 0.000000e+00 0.000000e+00 0.000000e+00 0.000000e+00 0.000000e+00 9.351140e-06 0.000000e+00 0.000000e+00 0.000000e+00 0.000000e+00 0.000000e+00 0.000000e+00 0.000000e+00 0.000000e+00 0.000000e+00 0.000000e+00 0.000000e+00 0.000000e+00
SPEC pbar sel0 meanpt 0.5721 yield 0.04332 4.547284e-02 5.214219e-02 5.493119e-02 5.300834e-02 4.911067e-02 4.414999e-02 4.015602e-02 3.819719e-02 3.209848e-02 2.833676e-02 2.399234e-02 2.008713e-02 1.491509e-02 1.259766e-02 1.147797e-02 1.003336e-02 6.614231e-03 5.664617e-03 4.473544e-03 3.964299e-03 3.460372e-03 2.580319e-03 1.899754e-03 1.315810e-03 1.187862e-03 1.141279e-03 1.132531e-03 7.606366e-04 5.743938e-04 4.624357e-04 3.876373e-04 3.464597e-04 2.518496e-04 2.714796e-04 2.636107e-04 1.537110e-04 9.966650e-05 0.000000e+00 1.417335e-04 6.907267e-05 1.571901e-04 1.534024e-04 4.279797e-05 0.000000e+00 4.087446e-05 1.998806e-05 7.823284e-05 0.000000e+00 1.875169e-05 0.000000e+00 1.800905e-05 0.000000e+00 0.000000e+00 0.000000e+00 1.668728e-05 0.000000e+00 1.609658e-05 0.000000e+00 0.000000e+00 1.528499e-05 0.000000e+00 0.000000e+00 0.000000e+00 0.000000e+00 0.000000e+00 0.000000e+00 0.000000e+00 0.000000e+00 0.000000e+00 0.000000e+00 0.000000e+00 0.000000e+00 0.000000e+00 0.000000e+00 0.000000e+00 0.000000e+00 1.188832e-05 0.000000e+00 0.000000e+00 0.000000e+00 0.000000e+00 0.000000e+00 0.000000e+00 0.000000e+00 0.000000e+00 0.000000e+00 0.000000e+00 0.000000e+00 0.000000e+00 1.016153e-05 0.000000e+00 0.000000e+00 0.000000e+00 0.000000e+00 0.000000e+00 0.000000e+00 0.000000e+00 0.000000e+00 0.000000e+00 0.000000e+00
SPEC pbar sel1 meanpt 0.5783 yield 0.07281 5.891218e-02 6.054863e-02 5.989405e-02 6.124997e-02 5.727573e-02 5.058117e-02 4.745704e-02 4.407504e-02 3.744582e-02 3.290125e-02 2.867683e-02 2.333719e-02 1.800094e-02 1.509170e-02 1.371232e-02 1.150794e-02 8.430194e-03 6.218508e-03 5.218947e-03 4.825428e-03 4.190907e-03 2.930386e-03 2.545588e-03 1.914994e-03 1.335877e-03 1.411839e-03 1.327685e-03 8.331016e-04 7.177410e-04 5.824651e-04 4.560597e-04 4.156062e-04 3.524660e-04 3.419447e-04 2.371666e-04 2.304858e-04 1.793369e-04 8.727731e-05 2.125259e-04 6.214365e-05 1.414216e-04 1.380138e-04 5.775704e-05 0.000000e+00 3.677415e-05 1.798296e-05 7.038493e-05 0.000000e+00 0.000000e+00 0.000000e+00 3.240494e-05 0.000000e+00 0.000000e+00 0.000000e+00 1.501330e-05 1.474279e-05 1.448185e-05 0.000000e+00 0.000000e+00 1.375168e-05 0.000000e+00 0.000000e+00 0.000000e+00 0.000000e+00 0.000000e+00 1.249198e-05 0.000000e+00 1.212185e-05 0.000000e+00 0.000000e+00 0.000000e+00 0.000000e+00 0.000000e+00 0.000000e+00 0.000000e+00 0.000000e+00 1.069575e-05 0.000000e+00 0.000000e+00 0.000000e+00 1.016428e-05 0.000000e+00 0.000000e+00 0.000000e+00 0.000000e+00 0.000000e+00 0.000000e+00 0.000000e+00 0.000000e+00 9.142176e-06 0.000000e+00 0.000000e+00 0.000000e+00 0.000000e+00 0.000000e+00 0.000000e+00 0.000000e+00 0.000000e+00 0.000000e+00 0.000000e+00
SPEC pinc sel0 meanpt 0.5586 yield 0.06495 8.730785e-02 9.397720e-02 8.185111e-02 8.990630e-02 7.780908e-02 7.308726e-02 6.086365e-02 6.075172e-02 4.590082e-02 3.953744e-02 3.481920e-02 2.760004e-02 2.480998e-02 1.926701e-02 1.630750e-02 1.132420e-02 1.063789e-02 8.367003e-03 5.899179e-03 6.063045e-03 3.904010e-03 3.891629e-03 3.274045e-03 2.283317e-03 1.410586e-03 1.462264e-03 1.132531e-03 9.590636e-04 7.658584e-04 6.165809e-04 7.156382e-04 4.042030e-04 6.436156e-04 3.257756e-04 5.535824e-04 2.049480e-04 3.239161e-04 2.182696e-04 1.653558e-04 1.381453e-04 1.122786e-04 6.574387e-05 1.283939e-04 4.181411e-05 1.021862e-04 9.994031e-05 7.823284e-05 1.914646e-05 1.875169e-05 0.000000e+00 0.000000e+00 3.531871e-05 1.732299e-05 0.000000e+00 3.337456e-05 0.000000e+00 0.000000e+00 0.000000e+00 1.554627e-05 0.000000e+00 0.000000e+00 0.000000e+00 0.000000e+00 0.000000e+00 0.000000e+00 0.000000e+00 0.000000e+00 0.000000e+00 1.327674e-05 0.000000e+00 0.000000e+00 0.000000e+00 0.000000e+00 0.000000e+00 0.000000e+00 0.000000e+00 0.000000e+00 0.000000e+00 0.000000e+00 0.000000e+00 0.000000e+00 0.000000e+00 0.000000e+00 0.000000e+00 0.000000e+00 0.000000e+00 0.000000e+00 0.000000e+00 0.000000e+00 0.000000e+00 0.000000e+00 0.000000e+00 0.000000e+00 0.000000e+00 0.000000e+00 0.000000e+00 0.000000e+00 0.000000e+00 0.000000e+00 0.000000e+00
SPEC pinc sel1 meanpt 0.5621 yield 0.11166 1.047328e-01 1.123695e-01 9.295033e-02 1.037977e-01 9.836880e-02 8.435153e-02 7.678725e-02 7.102191e-02 5.477293e-02 4.823220e-02 4.176843e-02 3.287129e-02 3.017613e-02 2.315273e-02 1.845238e-02 1.330275e-02 1.309160e-02 1.061354e-02 7.164995e-03 7.804605e-03 5.228656e-03 4.452665e-03 4.218403e-03 2.994354e-03 1.770037e-03 1.732711e-03 1.296809e-03 1.279406e-03 1.062257e-03 8.320930e-04 7.779842e-04 5.454832e-04 6.797560e-04 4.152185e-04 5.454832e-04 2.996316e-04 3.362567e-04 2.181933e-04 1.487681e-04 1.242873e-04 1.616246e-04 7.886504e-05 1.540188e-04 5.642929e-05 1.287095e-04 8.991481e-05 7.038493e-05 1.722578e-05 1.687061e-05 1.652979e-05 0.000000e+00 3.177572e-05 3.117047e-05 0.000000e+00 6.005319e-05 0.000000e+00 1.448185e-05 0.000000e+00 1.398675e-05 0.000000e+00 0.000000e+00 0.000000e+00 0.000000e+00 1.288543e-05 0.000000e+00 1.249198e-05 0.000000e+00 0.000000e+00 1.194489e-05 0.000000e+00 0.000000e+00 0.000000e+00 0.000000e+00 0.000000e+00 0.000000e+00 0.000000e+00 0.000000e+00 0.000000e+00 0.000000e+00 0.000000e+00 0.000000e+00 0.000000e+00 0.000000e+00 0.000000e+00 0.000000e+00 0.000000e+00 0.000000e+00 9.351140e-06 0.000000e+00 0.000000e+00 0.000000e+00 0.000000e+00 0.000000e+00 0.000000e+00 0.000000e+00 0.000000e+00 0.000000e+00 0.000000e+00 0.000000e+00 0.000000e+00
SPEC pbarinc sel0 meanpt 0.5515 yield 0.06147 7.457546e-02 8.124481e-02 8.294246e-02 7.977236e-02 7.134183e-02 6.812658e-02 6.450148e-02 5.590128e-02 4.557984e-02 3.944171e-02 3.326014e-02 2.823270e-02 2.088113e-02 1.825650e-02 1.555485e-02 1.249770e-02 9.590636e-03 7.327624e-03 5.850020e-03 4.990353e-03 4.702557e-03 3.214824e-03 2.586899e-03 1.702813e-03 1.559069e-03 1.533594e-03 1.407084e-03 9.259924e-04 8.296799e-04 5.857518e-04 4.472738e-04 4.042030e-04 2.798329e-04 3.257756e-04 3.163328e-04 1.793295e-04 1.494998e-04 2.425218e-05 1.653558e-04 9.209689e-05 1.796458e-04 1.534024e-04 4.279797e-05 0.000000e+00 4.087446e-05 1.998806e-05 7.823284e-05 0.000000e+00 3.750337e-05 0.000000e+00 3.601809e-05 0.000000e+00 0.000000e+00 0.000000e+00 1.668728e-05 1.638661e-05 1.609658e-05 0.000000e+00 0.000000e+00 1.528499e-05 0.000000e+00 0.000000e+00 0.000000e+00 0.000000e+00 0.000000e+00 0.000000e+00 0.000000e+00 0.000000e+00 0.000000e+00 0.000000e+00 0.000000e+00 0.000000e+00 0.000000e+00 0.000000e+00 0.000000e+00 0.000000e+00 1.188832e-05 0.000000e+00 0.000000e+00 0.000000e+00 0.000000e+00 0.000000e+00 0.000000e+00 0.000000e+00 0.000000e+00 0.000000e+00 0.000000e+00 0.000000e+00 0.000000e+00 1.016153e-05 0.000000e+00 0.000000e+00 0.000000e+00 0.000000e+00 0.000000e+00 0.000000e+00 0.000000e+00 0.000000e+00 0.000000e+00 0.000000e+00
SPEC pbarinc sel1 meanpt 0.5559 yield 0.10418 9.655052e-02 9.545956e-02 9.458678e-02 9.397896e-02 8.473172e-02 7.884711e-02 7.527668e-02 6.414882e-02 5.438788e-02 4.728478e-02 4.013198e-02 3.365394e-02 2.552861e-02 2.175872e-02 1.850881e-02 1.478083e-02 1.170309e-02 7.995225e-03 6.766940e-03 6.126196e-03 5.587876e-03 3.881810e-03 3.309265e-03 2.402447e-03 1.770037e-03 1.796886e-03 1.636450e-03 1.041377e-03 9.474181e-04 7.766201e-04 5.097138e-04 5.195078e-04 4.028183e-04 4.640678e-04 3.557499e-04 2.765830e-04 2.241712e-04 1.090966e-04 2.762837e-04 1.035728e-04 1.616246e-04 1.380138e-04 5.775704e-05 0.000000e+00 3.677415e-05 1.798296e-05 8.798116e-05 0.000000e+00 1.687061e-05 0.000000e+00 4.860741e-05 0.000000e+00 0.000000e+00 0.000000e+00 1.501330e-05 2.948558e-05 1.448185e-05 0.000000e+00 0.000000e+00 1.375168e-05 0.000000e+00 0.000000e+00 0.000000e+00 0.000000e+00 0.000000e+00 1.249198e-05 0.000000e+00 1.212185e-05 0.000000e+00 0.000000e+00 0.000000e+00 0.000000e+00 0.000000e+00 0.000000e+00 0.000000e+00 0.000000e+00 1.069575e-05 0.000000e+00 0.000000e+00 0.000000e+00 1.016428e-05 0.000000e+00 0.000000e+00 0.000000e+00 0.000000e+00 0.000000e+00 0.000000e+00 0.000000e+00 0.000000e+00 9.142176e-06 0.000000e+00 0.000000e+00 0.000000e+00 0.000000e+00 0.000000e+00 0.000000e+00 0.000000e+00 0.000000e+00 0.000000e+00 0.000000e+00
SPEC chpm sel0eta05 meanpt 0.4602 yield 2.10787 3.135989e+00 2.999752e+00 3.312969e+00 3.015213e+00 2.592882e+00 2.098878e+00 1.694094e+00 1.369666e+00 1.092140e+00 8.761228e-01 6.869430e-01 5.524199e-01 4.368740e-01 3.477830e-01 2.691804e-01 2.108649e-01 1.622030e-01 1.289610e-01 1.004139e-01 8.217292e-02 6.117761e-02 4.891609e-02 3.876307e-02 3.020558e-02 2.237264e-02 1.957294e-02 1.467829e-02 1.224625e-02 1.025293e-02 8.135785e-03 6.867144e-03 6.932082e-03 4.897075e-03 4.047762e-03 3.893530e-03 2.941004e-03 2.511596e-03 1.782535e-03 1.818914e-03 1.321590e-03 1.367554e-03 9.971153e-04 9.886331e-04 8.927312e-04 5.150182e-04 5.316824e-04 7.940634e-04 4.690883e-04 4.200378e-04 2.186371e-04 3.529773e-04 2.719541e-04 1.576392e-04 1.308938e-04 1.985786e-04 1.950007e-04 1.352113e-04 6.642989e-05 9.794150e-05 9.629543e-05 7.365849e-05 1.138670e-04 3.055775e-05 2.005102e-05 3.948030e-05 5.831632e-05 1.914646e-05 1.886281e-05 4.646860e-05 3.663999e-05 2.709020e-05 0.000000e+00 3.512385e-05 5.196896e-05 1.709046e-05 8.432050e-06 1.664365e-05 1.642890e-05 3.243922e-05 0.000000e+00 2.372496e-05 7.811286e-06 0.000000e+00 7.624189e-06 7.533962e-06 0.000000e+00 7.359766e-06 7.275655e-06 1.438689e-05 1.422614e-05 0.000000e+00 0.000000e+00 0.000000e+00 0.000000e+00 6.736717e-06 0.000000e+00 6.597096e-06 6.529434e-06 0.000000e+00 0.000000e+00
