# gen_world scan_p2.60_s0.380_k0.300_q0.081 mode set MultipartonInteractions:pT0Ref=2.60;StringPT:sigma=0.380;StringFlav:probStoUD=0.300;StringFlav:probQQtoQ=0.081 nev 100000 seed 20260929
SUMMARY nev 100000 nnsd 77743 dnde 2.1468 eps 0.5128 classN 17.3012 15.5602 7.1416 1.1075 meanpt_ch05 0.4602
SPEC pip sel0 meanpt 0.4049 yield 0.75766 3.017578e+00 2.782332e+00 2.325299e+00 1.857890e+00 1.436740e+00 1.119789e+00 8.547495e-01 6.552940e-01 5.208513e-01 3.845566e-01 3.159713e-01 2.413619e-01 1.829827e-01 1.434921e-01 1.134626e-01 8.795328e-02 6.818170e-02 5.617845e-02 4.139258e-02 3.124800e-02 2.369024e-02 1.776613e-02 1.487467e-02 1.191969e-02 8.686241e-03 6.776345e-03 5.937209e-03 3.737041e-03 3.861203e-03 2.959588e-03 2.713461e-03 2.771678e-03 1.734964e-03 1.411694e-03 1.028082e-03 1.101596e-03 1.021582e-03 6.305567e-04 6.614231e-04 3.683876e-04 5.164816e-04 1.972316e-04 1.711919e-04 2.926987e-04 1.839351e-04 2.598448e-04 1.760239e-04 1.340252e-04 7.500675e-05 1.102372e-04 1.980995e-04 7.063742e-05 5.196896e-05 6.799677e-05 6.674912e-05 4.915983e-05 6.438632e-05 6.326656e-05 7.773135e-05 4.585497e-05 0.000000e+00 1.478792e-05 1.455131e-05 0.000000e+00 4.230032e-05 1.388484e-05 1.367604e-05 1.347343e-05 1.327674e-05 0.000000e+00 1.290010e-05 1.271968e-05 0.000000e+00 0.000000e+00 0.000000e+00 1.204579e-05 0.000000e+00 0.000000e+00 0.000000e+00 0.000000e+00 0.000000e+00 1.115898e-05 0.000000e+00 0.000000e+00 0.000000e+00 0.000000e+00 0.000000e+00 0.000000e+00 1.027635e-05 0.000000e+00 0.000000e+00 0.000000e+00 0.000000e+00 0.000000e+00 0.000000e+00 0.000000e+00 0.000000e+00 9.327762e-06 0.000000e+00 9.140270e-06
SPEC pip sel1 meanpt 0.4063 yield 1.28437 3.588320e+00 3.264045e+00 2.737998e+00 2.221497e+00 1.700353e+00 1.333877e+00 1.014652e+00 7.721467e-01 6.175298e-01 4.579679e-01 3.769175e-01 2.860374e-01 2.181489e-01 1.689920e-01 1.348606e-01 1.057672e-01 8.104404e-02 6.457432e-02 4.842442e-02 3.682848e-02 2.720270e-02 2.182403e-02 1.819727e-02 1.390349e-02 1.042815e-02 8.060322e-03 7.323544e-03 5.181260e-03 4.740869e-03 3.580853e-03 3.168115e-03 3.431486e-03 1.965305e-03 1.637755e-03 1.519077e-03 1.384018e-03 1.076880e-03 8.079589e-04 6.806253e-04 5.804700e-04 7.278909e-04 2.762478e-04 2.890155e-04 4.517944e-04 2.576243e-04 3.419488e-04 2.465437e-04 1.723952e-04 8.442034e-05 1.488868e-04 2.270155e-04 9.540318e-05 7.798831e-05 1.224489e-04 9.015163e-05 8.852727e-05 8.696042e-05 5.696538e-05 8.398741e-05 4.128793e-05 0.000000e+00 2.663016e-05 1.310204e-05 0.000000e+00 8.887040e-05 2.500389e-05 1.231394e-05 1.213152e-05 1.195441e-05 0.000000e+00 2.323056e-05 2.290566e-05 0.000000e+00 0.000000e+00 1.099164e-05 1.084606e-05 0.000000e+00 0.000000e+00 0.000000e+00 0.000000e+00 0.000000e+00 1.004757e-05 0.000000e+00 0.000000e+00 0.000000e+00 0.000000e+00 0.000000e+00 0.000000e+00 9.252851e-06 0.000000e+00 0.000000e+00 0.000000e+00 0.000000e+00 0.000000e+00 0.000000e+00 0.000000e+00 8.485775e-06 8.398741e-06 0.000000e+00 8.229923e-06
SPEC pim sel0 meanpt 0.4034 yield 0.74034 3.092153e+00 2.685929e+00 2.307838e+00 1.825410e+00 1.411477e+00 1.084238e+00 8.333423e-01 6.521412e-01 5.076909e-01 3.893433e-01 2.983885e-01 2.311602e-01 1.776715e-01 1.404606e-01 1.054343e-01 8.460882e-02 6.702421e-02 5.144927e-02 3.913122e-02 2.858959e-02 2.550915e-02 1.827374e-02 1.321744e-02 1.199709e-02 8.723361e-03 7.739299e-03 5.319464e-03 4.200037e-03 3.574006e-03 2.990417e-03 2.146914e-03 2.165373e-03 1.651014e-03 1.465990e-03 1.212609e-03 9.222661e-04 5.730824e-04 8.003220e-04 7.322899e-04 3.683876e-04 5.164816e-04 4.382924e-04 4.279797e-04 3.136058e-04 3.065585e-04 1.998806e-04 1.955821e-04 1.914646e-04 9.375843e-05 5.511860e-05 1.080543e-04 3.531871e-05 6.929195e-05 5.099758e-05 5.006184e-05 4.915983e-05 6.438632e-05 6.326656e-05 0.000000e+00 4.585497e-05 3.006469e-05 1.478792e-05 1.455131e-05 0.000000e+00 2.820021e-05 1.388484e-05 1.367604e-05 0.000000e+00 0.000000e+00 2.617142e-05 1.290010e-05 0.000000e+00 0.000000e+00 1.237356e-05 1.220747e-05 0.000000e+00 2.377665e-05 1.173493e-05 1.158544e-05 1.143971e-05 0.000000e+00 0.000000e+00 0.000000e+00 0.000000e+00 0.000000e+00 0.000000e+00 0.000000e+00 0.000000e+00 1.027635e-05 0.000000e+00 0.000000e+00 0.000000e+00 0.000000e+00 9.726811e-06 0.000000e+00 0.000000e+00 0.000000e+00 0.000000e+00 0.000000e+00 0.000000e+00
SPEC pim sel1 meanpt 0.4058 yield 1.25182 3.609611e+00 3.199627e+00 2.693124e+00 2.145459e+00 1.653950e+00 1.280575e+00 9.879440e-01 7.753130e-01 5.954683e-01 4.595195e-01 3.559387e-01 2.748579e-01 2.135632e-01 1.693560e-01 1.240176e-01 1.004842e-01 8.039886e-02 5.961427e-02 4.771620e-02 3.477079e-02 3.063799e-02 2.201447e-02 1.630476e-02 1.390349e-02 1.116347e-02 9.409061e-03 6.396513e-03 5.330147e-03 4.453543e-03 3.469819e-03 2.711692e-03 2.521622e-03 1.864521e-03 1.784419e-03 1.447870e-03 1.222549e-03 8.525298e-04 9.826527e-04 8.933207e-04 5.390078e-04 5.459182e-04 5.524955e-04 4.624248e-04 3.764953e-04 4.416417e-04 2.159676e-04 1.761026e-04 2.413533e-04 1.519566e-04 6.617190e-05 1.459385e-04 6.360212e-05 9.358598e-05 9.183671e-05 7.512636e-05 7.377273e-05 8.696042e-05 7.120672e-05 2.799580e-05 6.881322e-05 2.707032e-05 1.331508e-05 1.310204e-05 0.000000e+00 3.808732e-05 1.250194e-05 1.231394e-05 0.000000e+00 0.000000e+00 2.356481e-05 1.161528e-05 0.000000e+00 0.000000e+00 1.114119e-05 1.099164e-05 0.000000e+00 2.140856e-05 1.056616e-05 2.086312e-05 1.030034e-05 0.000000e+00 0.000000e+00 0.000000e+00 0.000000e+00 9.690856e-06 0.000000e+00 0.000000e+00 0.000000e+00 9.252851e-06 0.000000e+00 0.000000e+00 8.949479e-06 0.000000e+00 8.758046e-06 0.000000e+00 0.000000e+00 0.000000e+00 0.000000e+00 0.000000e+00 0.000000e+00
SPEC kp sel0 meanpt 0.5188 yield 0.10842 2.000805e-01 1.824977e-01 1.789811e-01 1.717574e-01 1.529908e-01 1.293082e-01 1.089949e-01 9.615990e-02 8.281407e-02 7.026751e-02 5.690601e-02 4.721267e-02 3.506865e-02 2.802474e-02 2.458669e-02 1.959733e-02 1.598439e-02 1.236861e-02 9.438687e-03 7.881959e-03 5.856015e-03 4.737636e-03 3.476146e-03 2.863821e-03 3.043896e-03 2.674873e-03 1.407084e-03 1.289775e-03 8.615907e-04 8.323842e-04 8.050929e-04 4.330747e-04 6.156323e-04 4.343674e-04 2.636107e-04 3.586590e-04 2.740829e-04 2.425218e-04 1.181113e-04 1.611696e-04 8.982290e-05 8.765849e-05 1.711919e-04 6.272116e-05 6.131170e-05 9.994031e-05 7.823284e-05 5.743938e-05 5.625506e-05 1.837287e-05 3.601809e-05 0.000000e+00 3.464597e-05 3.399839e-05 3.337456e-05 1.638661e-05 6.438632e-05 0.000000e+00 0.000000e+00 4.585497e-05 1.503234e-05 0.000000e+00 1.455131e-05 0.000000e+00 0.000000e+00 0.000000e+00 0.000000e+00 1.347343e-05 0.000000e+00 0.000000e+00 1.290010e-05 0.000000e+00 0.000000e+00 0.000000e+00 0.000000e+00 0.000000e+00 0.000000e+00 0.000000e+00 0.000000e+00 0.000000e+00 0.000000e+00 0.000000e+00 0.000000e+00 0.000000e+00 0.000000e+00 0.000000e+00 0.000000e+00 0.000000e+00 0.000000e+00 0.000000e+00 0.000000e+00 0.000000e+00 0.000000e+00 0.000000e+00 0.000000e+00 9.523108e-06 0.000000e+00 0.000000e+00 0.000000e+00 9.140270e-06
SPEC kp sel1 meanpt 0.5215 yield 0.18469 2.423877e-01 2.194591e-01 2.129081e-01 1.953607e-01 1.827006e-01 1.478446e-01 1.344219e-01 1.139877e-01 9.999937e-02 8.300830e-02 6.605610e-02 5.682296e-02 4.199203e-02 3.487811e-02 2.976195e-02 2.350970e-02 1.871011e-02 1.469300e-02 1.062327e-02 9.868521e-03 7.190142e-03 6.132058e-03 4.185373e-03 3.554276e-03 3.676592e-03 3.018606e-03 1.575953e-03 1.459090e-03 1.235499e-03 9.715493e-04 9.933921e-04 6.758987e-04 7.558867e-04 5.133261e-04 3.797692e-04 4.613393e-04 3.813949e-04 3.493876e-04 1.488868e-04 1.658486e-04 1.213152e-04 1.381239e-04 1.734093e-04 9.412383e-05 1.104104e-04 8.998652e-05 7.044106e-05 6.895809e-05 6.753627e-05 3.308595e-05 3.243078e-05 1.590053e-05 4.679299e-05 3.061224e-05 3.005054e-05 1.475455e-05 5.797361e-05 0.000000e+00 0.000000e+00 5.505057e-05 1.353516e-05 0.000000e+00 1.310204e-05 0.000000e+00 0.000000e+00 1.250194e-05 0.000000e+00 1.213152e-05 0.000000e+00 0.000000e+00 1.161528e-05 0.000000e+00 0.000000e+00 0.000000e+00 0.000000e+00 0.000000e+00 0.000000e+00 0.000000e+00 0.000000e+00 0.000000e+00 0.000000e+00 0.000000e+00 0.000000e+00 0.000000e+00 0.000000e+00 0.000000e+00 0.000000e+00 0.000000e+00 0.000000e+00 0.000000e+00 0.000000e+00 0.000000e+00 0.000000e+00 0.000000e+00 0.000000e+00 8.574631e-06 0.000000e+00 0.000000e+00 0.000000e+00 0.000000e+00
SPEC km sel0 meanpt 0.5185 yield 0.10451 1.818914e-01 1.928048e-01 1.862568e-01 1.494108e-01 1.461194e-01 1.240168e-01 1.017192e-01 9.579612e-02 8.024619e-02 6.308758e-02 5.612648e-02 4.183501e-02 3.601449e-02 2.842895e-02 2.433581e-02 1.859986e-02 1.537809e-02 1.288830e-02 9.143728e-03 8.068514e-03 6.033470e-03 4.906837e-03 4.082451e-03 3.096023e-03 2.561327e-03 1.533594e-03 1.578680e-03 1.091348e-03 7.658584e-04 8.632133e-04 8.945477e-04 6.929195e-04 4.757159e-04 4.343674e-04 1.845275e-04 2.818035e-04 2.740829e-04 1.697653e-04 3.070893e-04 1.611696e-04 8.982290e-05 4.382924e-05 6.419695e-05 8.362821e-05 6.131170e-05 3.997612e-05 9.779106e-05 5.743938e-05 7.500675e-05 1.837287e-05 1.800905e-05 3.531871e-05 0.000000e+00 0.000000e+00 1.668728e-05 0.000000e+00 1.609658e-05 1.581664e-05 1.554627e-05 0.000000e+00 1.503234e-05 1.478792e-05 0.000000e+00 0.000000e+00 0.000000e+00 1.388484e-05 0.000000e+00 0.000000e+00 0.000000e+00 0.000000e+00 0.000000e+00 0.000000e+00 0.000000e+00 0.000000e+00 0.000000e+00 0.000000e+00 0.000000e+00 0.000000e+00 1.158544e-05 0.000000e+00 0.000000e+00 0.000000e+00 0.000000e+00 0.000000e+00 0.000000e+00 0.000000e+00 0.000000e+00 0.000000e+00 0.000000e+00 0.000000e+00 0.000000e+00 0.000000e+00 0.000000e+00 0.000000e+00 0.000000e+00 9.523108e-06 0.000000e+00 0.000000e+00 0.000000e+00 0.000000e+00
SPEC km sel1 meanpt 0.5204 yield 0.17731 2.309234e-01 2.161836e-01 1.975132e-01 1.850663e-01 1.672329e-01 1.521623e-01 1.249733e-01 1.134418e-01 9.662752e-02 7.912941e-02 6.473030e-02 4.991591e-02 4.087835e-02 3.360430e-02 2.914074e-02 2.234743e-02 1.856122e-02 1.497376e-02 1.093312e-02 9.280609e-03 7.190142e-03 5.636923e-03 4.585713e-03 3.658813e-03 3.275509e-03 2.215786e-03 1.946765e-03 1.339981e-03 1.034371e-03 1.054825e-03 9.933921e-04 8.058792e-04 6.047094e-04 5.133261e-04 2.136202e-04 2.768036e-04 2.916549e-04 2.183673e-04 3.828517e-04 1.451175e-04 1.010960e-04 9.865991e-05 9.633850e-05 7.529906e-05 9.200868e-05 7.198921e-05 1.232719e-04 5.171857e-05 8.442034e-05 6.617190e-05 0.000000e+00 4.770159e-05 1.559766e-05 0.000000e+00 1.502527e-05 0.000000e+00 1.449340e-05 1.424134e-05 1.399790e-05 0.000000e+00 1.353516e-05 1.331508e-05 0.000000e+00 0.000000e+00 0.000000e+00 1.250194e-05 0.000000e+00 0.000000e+00 0.000000e+00 0.000000e+00 0.000000e+00 0.000000e+00 1.129486e-05 0.000000e+00 0.000000e+00 0.000000e+00 0.000000e+00 0.000000e+00 1.043156e-05 0.000000e+00 0.000000e+00 0.000000e+00 0.000000e+00 0.000000e+00 0.000000e+00 0.000000e+00 0.000000e+00 0.000000e+00 0.000000e+00 0.000000e+00 0.000000e+00 0.000000e+00 0.000000e+00 0.000000e+00 0.000000e+00 8.574631e-06 0.000000e+00 0.000000e+00 0.000000e+00 0.000000e+00
SPEC p sel0 meanpt 0.5748 yield 0.03880 5.638632e-02 5.153589e-02 4.656419e-02 4.495315e-02 4.466443e-02 4.001610e-02 3.385978e-02 3.213414e-02 2.985158e-02 2.393307e-02 2.226004e-02 1.692381e-02 1.506060e-02 1.212609e-02 1.122709e-02 7.334329e-03 6.007927e-03 5.924462e-03 3.637827e-03 3.124800e-03 3.016735e-03 1.776613e-03 1.899754e-03 1.625412e-03 1.559069e-03 8.916243e-04 8.236590e-04 6.614231e-04 7.020368e-04 3.699485e-04 4.174556e-04 4.042030e-04 3.078162e-04 1.628878e-04 2.372496e-04 7.685551e-05 7.474988e-05 4.850436e-05 9.448902e-05 6.907267e-05 6.736717e-05 6.574387e-05 2.139898e-05 4.181411e-05 4.087446e-05 1.998806e-05 3.911642e-05 0.000000e+00 1.875169e-05 1.837287e-05 1.800905e-05 0.000000e+00 0.000000e+00 3.399839e-05 0.000000e+00 0.000000e+00 0.000000e+00 1.581664e-05 0.000000e+00 0.000000e+00 1.503234e-05 2.957583e-05 0.000000e+00 0.000000e+00 0.000000e+00 1.388484e-05 0.000000e+00 0.000000e+00 0.000000e+00 0.000000e+00 0.000000e+00 0.000000e+00 0.000000e+00 0.000000e+00 0.000000e+00 0.000000e+00 0.000000e+00 0.000000e+00 1.158544e-05 0.000000e+00 0.000000e+00 0.000000e+00 0.000000e+00 0.000000e+00 0.000000e+00 0.000000e+00 0.000000e+00 0.000000e+00 0.000000e+00 0.000000e+00 0.000000e+00 0.000000e+00 0.000000e+00 0.000000e+00 0.000000e+00 0.000000e+00 0.000000e+00 0.000000e+00 0.000000e+00 0.000000e+00
SPEC p sel1 meanpt 0.5806 yield 0.06627 6.714794e-02 6.059692e-02 5.535610e-02 5.264211e-02 5.404590e-02 5.106817e-02 3.955807e-02 3.832346e-02 3.333312e-02 2.741084e-02 2.534620e-02 2.008030e-02 1.788428e-02 1.395124e-02 1.276319e-02 9.615204e-03 7.890999e-03 6.504225e-03 4.647682e-03 4.325352e-03 3.954578e-03 2.513763e-03 2.256462e-03 1.986213e-03 1.804872e-03 1.380852e-03 9.888330e-04 7.444339e-04 8.907086e-04 4.163783e-04 4.832718e-04 4.939260e-04 3.527471e-04 1.955528e-04 2.848269e-04 9.226786e-05 1.794800e-04 1.091836e-04 8.507816e-05 6.219321e-05 1.415343e-04 7.892793e-05 1.926770e-05 3.764953e-05 7.360695e-05 1.799730e-05 1.761026e-05 1.723952e-05 1.688407e-05 1.654298e-05 1.621539e-05 0.000000e+00 0.000000e+00 3.061224e-05 1.502527e-05 0.000000e+00 0.000000e+00 1.424134e-05 0.000000e+00 1.376264e-05 1.353516e-05 1.331508e-05 1.310204e-05 0.000000e+00 0.000000e+00 1.250194e-05 0.000000e+00 0.000000e+00 0.000000e+00 0.000000e+00 0.000000e+00 0.000000e+00 0.000000e+00 0.000000e+00 0.000000e+00 0.000000e+00 0.000000e+00 0.000000e+00 1.043156e-05 0.000000e+00 0.000000e+00 0.000000e+00 0.000000e+00 0.000000e+00 0.000000e+00 0.000000e+00 0.000000e+00 0.000000e+00 0.000000e+00 0.000000e+00 0.000000e+00 0.000000e+00 0.000000e+00 0.000000e+00 0.000000e+00 0.000000e+00 0.000000e+00 0.000000e+00 0.000000e+00 0.000000e+00
SPEC pbar sel0 meanpt 0.5754 yield 0.03533 6.366198e-02 4.183501e-02 4.292636e-02 4.521300e-02 4.001610e-02 3.422865e-02 3.455936e-02 2.873884e-02 2.343189e-02 2.316722e-02 1.836237e-02 1.747739e-02 1.338720e-02 1.057665e-02 8.906405e-03 7.158305e-03 6.669350e-03 5.248865e-03 4.080266e-03 3.031523e-03 2.306915e-03 1.776613e-03 1.778493e-03 1.044908e-03 1.113621e-03 8.916243e-04 8.922973e-04 6.283520e-04 5.105722e-04 2.774614e-04 3.280008e-04 3.175881e-04 2.238663e-04 1.900358e-04 1.054443e-04 1.280925e-04 1.744164e-04 9.700873e-05 4.724451e-05 4.604845e-05 6.736717e-05 4.382924e-05 6.419695e-05 6.272116e-05 4.087446e-05 7.995225e-05 0.000000e+00 1.914646e-05 0.000000e+00 0.000000e+00 0.000000e+00 1.765936e-05 0.000000e+00 1.699919e-05 0.000000e+00 0.000000e+00 0.000000e+00 0.000000e+00 0.000000e+00 0.000000e+00 6.012938e-05 2.957583e-05 0.000000e+00 1.432215e-05 0.000000e+00 0.000000e+00 0.000000e+00 0.000000e+00 0.000000e+00 0.000000e+00 0.000000e+00 0.000000e+00 0.000000e+00 0.000000e+00 0.000000e+00 0.000000e+00 0.000000e+00 0.000000e+00 0.000000e+00 0.000000e+00 0.000000e+00 0.000000e+00 0.000000e+00 0.000000e+00 0.000000e+00 0.000000e+00 0.000000e+00 0.000000e+00 0.000000e+00 0.000000e+00 0.000000e+00 0.000000e+00 9.831966e-06 0.000000e+00 0.000000e+00 0.000000e+00 0.000000e+00 0.000000e+00 0.000000e+00 0.000000e+00
SPEC pbar sel1 meanpt 0.5753 yield 0.05914 6.387243e-02 5.349998e-02 5.175304e-02 5.217418e-02 4.822277e-02 4.019943e-02 3.754237e-02 3.526632e-02 2.967226e-02 2.482491e-02 2.066690e-02 2.008030e-02 1.624653e-02 1.298072e-02 1.039127e-02 8.241604e-03 7.543597e-03 6.457432e-03 4.382100e-03 3.569465e-03 2.516550e-03 2.437588e-03 2.329251e-03 1.498371e-03 1.069554e-03 8.991594e-04 1.143338e-03 8.039886e-04 6.033833e-04 3.608612e-04 4.027265e-04 3.379494e-04 2.519622e-04 2.444410e-04 1.424134e-04 1.153348e-04 2.467849e-04 8.734691e-05 8.507816e-05 6.219321e-05 1.010960e-04 1.973198e-05 7.707080e-05 5.647430e-05 3.680347e-05 7.198921e-05 0.000000e+00 1.723952e-05 0.000000e+00 0.000000e+00 0.000000e+00 1.590053e-05 0.000000e+00 1.530612e-05 1.502527e-05 1.475455e-05 0.000000e+00 0.000000e+00 0.000000e+00 0.000000e+00 5.414065e-05 2.663016e-05 0.000000e+00 1.289571e-05 0.000000e+00 0.000000e+00 0.000000e+00 0.000000e+00 0.000000e+00 0.000000e+00 0.000000e+00 0.000000e+00 0.000000e+00 0.000000e+00 0.000000e+00 0.000000e+00 0.000000e+00 0.000000e+00 0.000000e+00 0.000000e+00 0.000000e+00 0.000000e+00 0.000000e+00 0.000000e+00 0.000000e+00 0.000000e+00 0.000000e+00 0.000000e+00 0.000000e+00 0.000000e+00 0.000000e+00 0.000000e+00 8.852727e-06 0.000000e+00 0.000000e+00 0.000000e+00 0.000000e+00 0.000000e+00 0.000000e+00 0.000000e+00
SPEC pinc sel0 meanpt 0.5552 yield 0.05616 8.548894e-02 7.518176e-02 7.784950e-02 7.405577e-02 6.871452e-02 5.969344e-02 5.442749e-02 4.729175e-02 4.151403e-02 3.589961e-02 3.135461e-02 2.514846e-02 2.095389e-02 1.603339e-02 1.486491e-02 1.067878e-02 8.433145e-03 8.574879e-03 5.063462e-03 4.290771e-03 3.682191e-03 2.538019e-03 2.465638e-03 2.051115e-03 2.078758e-03 1.212609e-03 1.063893e-03 7.606366e-04 8.296799e-04 4.624357e-04 5.963651e-04 4.619463e-04 4.197493e-04 2.171837e-04 2.372496e-04 1.024740e-04 1.494998e-04 4.850436e-05 1.181113e-04 9.209689e-05 1.347343e-04 6.574387e-05 2.139898e-05 6.272116e-05 4.087446e-05 1.998806e-05 3.911642e-05 1.914646e-05 1.875169e-05 1.837287e-05 1.800905e-05 0.000000e+00 1.732299e-05 5.099758e-05 1.668728e-05 0.000000e+00 1.609658e-05 1.581664e-05 0.000000e+00 0.000000e+00 1.503234e-05 2.957583e-05 0.000000e+00 0.000000e+00 0.000000e+00 1.388484e-05 0.000000e+00 0.000000e+00 0.000000e+00 0.000000e+00 0.000000e+00 0.000000e+00 0.000000e+00 0.000000e+00 0.000000e+00 0.000000e+00 0.000000e+00 0.000000e+00 1.158544e-05 0.000000e+00 0.000000e+00 0.000000e+00 0.000000e+00 0.000000e+00 0.000000e+00 0.000000e+00 0.000000e+00 0.000000e+00 0.000000e+00 0.000000e+00 0.000000e+00 0.000000e+00 0.000000e+00 0.000000e+00 0.000000e+00 0.000000e+00 0.000000e+00 0.000000e+00 0.000000e+00 0.000000e+00
SPEC pinc sel1 meanpt 0.5582 yield 0.09719 9.662752e-02 9.444385e-02 8.974895e-02 8.586513e-02 8.589113e-02 7.682558e-02 6.500626e-02 5.775814e-02 4.893996e-02 4.154725e-02 3.712244e-02 3.069010e-02 2.541795e-02 1.928911e-02 1.733761e-02 1.394733e-02 1.037245e-02 9.124633e-03 6.418227e-03 5.711144e-03 4.953209e-03 3.427858e-03 2.947958e-03 2.404363e-03 2.439920e-03 1.798319e-03 1.266942e-03 8.635433e-04 1.149301e-03 5.551710e-04 6.443625e-04 5.719143e-04 4.787283e-04 2.688851e-04 3.085625e-04 1.384018e-04 2.692199e-04 1.310204e-04 8.507816e-05 1.036554e-04 2.021919e-04 7.892793e-05 1.926770e-05 5.647430e-05 7.360695e-05 1.799730e-05 3.522053e-05 3.447904e-05 1.688407e-05 1.654298e-05 3.243078e-05 0.000000e+00 1.559766e-05 4.591835e-05 3.005054e-05 0.000000e+00 1.449340e-05 1.424134e-05 0.000000e+00 2.752529e-05 1.353516e-05 1.331508e-05 1.310204e-05 0.000000e+00 0.000000e+00 1.250194e-05 0.000000e+00 0.000000e+00 0.000000e+00 0.000000e+00 0.000000e+00 0.000000e+00 0.000000e+00 0.000000e+00 0.000000e+00 0.000000e+00 0.000000e+00 0.000000e+00 1.043156e-05 0.000000e+00 0.000000e+00 0.000000e+00 0.000000e+00 0.000000e+00 0.000000e+00 0.000000e+00 0.000000e+00 0.000000e+00 0.000000e+00 0.000000e+00 0.000000e+00 0.000000e+00 0.000000e+00 0.000000e+00 0.000000e+00 0.000000e+00 0.000000e+00 0.000000e+00 0.000000e+00 0.000000e+00
SPEC pbarinc sel0 meanpt 0.5522 yield 0.05260 9.094568e-02 6.729980e-02 7.384789e-02 7.249670e-02 6.386408e-02 5.539419e-02 5.274850e-02 4.401771e-02 3.648527e-02 3.417643e-02 2.754355e-02 2.578112e-02 1.971702e-02 1.529235e-02 1.235607e-02 1.032674e-02 9.094568e-03 7.431561e-03 5.850020e-03 4.337409e-03 3.238554e-03 2.326517e-03 2.263537e-03 1.431911e-03 1.521948e-03 1.212609e-03 1.029574e-03 7.606366e-04 5.743938e-04 4.007776e-04 4.472738e-04 3.753314e-04 3.078162e-04 2.443317e-04 1.845275e-04 1.793295e-04 2.242496e-04 1.212609e-04 4.724451e-05 4.604845e-05 8.982290e-05 6.574387e-05 6.419695e-05 6.272116e-05 6.131170e-05 7.995225e-05 0.000000e+00 1.914646e-05 1.875169e-05 0.000000e+00 1.800905e-05 1.765936e-05 0.000000e+00 1.699919e-05 0.000000e+00 0.000000e+00 0.000000e+00 0.000000e+00 0.000000e+00 0.000000e+00 6.012938e-05 2.957583e-05 0.000000e+00 1.432215e-05 0.000000e+00 0.000000e+00 0.000000e+00 0.000000e+00 0.000000e+00 0.000000e+00 0.000000e+00 0.000000e+00 0.000000e+00 0.000000e+00 0.000000e+00 0.000000e+00 0.000000e+00 0.000000e+00 0.000000e+00 0.000000e+00 0.000000e+00 0.000000e+00 0.000000e+00 0.000000e+00 0.000000e+00 0.000000e+00 0.000000e+00 0.000000e+00 0.000000e+00 0.000000e+00 0.000000e+00 0.000000e+00 9.831966e-06 0.000000e+00 0.000000e+00 0.000000e+00 0.000000e+00 0.000000e+00 0.000000e+00 0.000000e+00
SPEC pbarinc sel1 meanpt 0.5492 yield 0.08886 9.335201e-02 8.953058e-02 8.843875e-02 8.563117e-02 7.879419e-02 6.446798e-02 5.883318e-02 5.426427e-02 4.691685e-02 3.861653e-02 3.166326e-02 3.033406e-02 2.371469e-02 1.916779e-02 1.428800e-02 1.172844e-02 1.027319e-02 8.750289e-03 6.241173e-03 4.997251e-03 3.475235e-03 3.046985e-03 2.947958e-03 1.881675e-03 1.470637e-03 1.220288e-03 1.266942e-03 1.042207e-03 6.608483e-04 4.718954e-04 5.369687e-04 3.899416e-04 3.527471e-04 3.422174e-04 2.373557e-04 1.614688e-04 2.916549e-04 1.310204e-04 8.507816e-05 6.219321e-05 1.213152e-04 3.946397e-05 7.707080e-05 7.529906e-05 7.360695e-05 7.198921e-05 0.000000e+00 1.723952e-05 1.688407e-05 0.000000e+00 1.621539e-05 1.590053e-05 0.000000e+00 1.530612e-05 1.502527e-05 1.475455e-05 0.000000e+00 0.000000e+00 0.000000e+00 0.000000e+00 5.414065e-05 2.663016e-05 0.000000e+00 1.289571e-05 0.000000e+00 0.000000e+00 0.000000e+00 0.000000e+00 0.000000e+00 0.000000e+00 0.000000e+00 1.145283e-05 0.000000e+00 0.000000e+00 1.099164e-05 0.000000e+00 0.000000e+00 0.000000e+00 0.000000e+00 0.000000e+00 0.000000e+00 0.000000e+00 0.000000e+00 0.000000e+00 0.000000e+00 0.000000e+00 0.000000e+00 0.000000e+00 0.000000e+00 0.000000e+00 0.000000e+00 0.000000e+00 8.852727e-06 0.000000e+00 0.000000e+00 0.000000e+00 0.000000e+00 0.000000e+00 0.000000e+00 0.000000e+00
SPEC chpm sel0eta05 meanpt 0.4602 yield 2.14684 3.282412e+00 3.058321e+00 3.367464e+00 3.096337e+00 2.622873e+00 2.150154e+00 1.724456e+00 1.390123e+00 1.121275e+00 8.753187e-01 7.121653e-01 5.594504e-01 4.361609e-01 3.421242e-01 2.722537e-01 2.170257e-01 1.743181e-01 1.354363e-01 1.024098e-01 7.969174e-02 6.384830e-02 4.906414e-02 3.867819e-02 3.112664e-02 2.564668e-02 2.057156e-02 1.571130e-02 1.173695e-02 1.058799e-02 8.049464e-03 7.096745e-03 6.649140e-03 4.759957e-03 3.933740e-03 3.155420e-03 2.923071e-03 2.459271e-03 2.037183e-03 1.885056e-03 1.241006e-03 1.477587e-03 9.357544e-04 9.137366e-04 9.073661e-04 8.154456e-04 6.296240e-04 5.339392e-04 4.690883e-04 3.150283e-04 2.443591e-04 3.907963e-04 1.730617e-04 1.940175e-04 2.498881e-04 1.868975e-04 1.491181e-04 2.028169e-04 1.217881e-04 9.794150e-05 1.497929e-04 9.470377e-05 9.316387e-05 4.074367e-05 1.002551e-05 9.870074e-05 5.831632e-05 1.914646e-05 1.886281e-05 9.293719e-06 1.831999e-05 3.612027e-05 3.561509e-05 8.780962e-06 8.661494e-06 2.563570e-05 8.432050e-06 1.664365e-05 8.214449e-06 3.243922e-05 8.007796e-06 0.000000e+00 7.811286e-06 0.000000e+00 0.000000e+00 7.533962e-06 0.000000e+00 0.000000e+00 0.000000e+00 2.158033e-05 0.000000e+00 0.000000e+00 6.957593e-06 6.882376e-06 6.808768e-06 0.000000e+00 1.333235e-05 6.597096e-06 6.529434e-06 0.000000e+00 1.279638e-05
