# gen_world scan_p2.80_s0.335_k0.217_q0.081 mode set MultipartonInteractions:pT0Ref=2.80;StringPT:sigma=0.335 nev 100000 seed 20260920
SUMMARY nev 100000 nnsd 78067 dnde 1.9992 eps 0.5161 classN 17.6449 15.6537 6.2083 0.7792 meanpt_ch05 0.4321
SPEC pip sel0 meanpt 0.3842 yield 0.72682 2.924813e+00 2.662890e+00 2.284192e+00 1.859709e+00 1.452504e+00 1.145750e+00 8.658029e-01 6.681476e-01 5.027691e-01 3.972890e-01 2.999475e-01 2.230146e-01 1.699593e-01 1.266503e-01 9.966392e-02 7.351932e-02 5.589026e-02 4.079563e-02 2.885682e-02 2.565135e-02 1.654768e-02 1.273240e-02 1.050928e-02 8.320562e-03 5.345379e-03 5.064426e-03 4.083976e-03 3.670898e-03 2.616683e-03 2.219691e-03 1.520731e-03 1.674555e-03 1.175298e-03 1.113067e-03 1.080804e-03 6.660810e-04 5.730824e-04 7.760698e-04 4.488228e-04 4.604845e-04 4.042030e-04 3.506340e-04 1.497929e-04 1.045353e-04 3.065585e-04 1.798926e-04 1.760239e-04 5.743938e-05 9.375843e-05 1.469829e-04 9.004523e-05 3.531871e-05 8.661494e-05 3.399839e-05 6.674912e-05 3.277322e-05 1.609658e-05 3.163328e-05 1.554627e-05 4.585497e-05 1.503234e-05 2.957583e-05 0.000000e+00 0.000000e+00 1.410011e-05 1.388484e-05 1.367604e-05 1.347343e-05 1.327674e-05 0.000000e+00 1.290010e-05 2.543935e-05 0.000000e+00 0.000000e+00 0.000000e+00 0.000000e+00 0.000000e+00 0.000000e+00 0.000000e+00 1.143971e-05 0.000000e+00 0.000000e+00 0.000000e+00 0.000000e+00 0.000000e+00 0.000000e+00 0.000000e+00 0.000000e+00 0.000000e+00 0.000000e+00 0.000000e+00 0.000000e+00 0.000000e+00 0.000000e+00 0.000000e+00 0.000000e+00 0.000000e+00 0.000000e+00 0.000000e+00 0.000000e+00
SPEC pip sel1 meanpt 0.3858 yield 1.21584 3.395653e+00 3.090121e+00 2.670204e+00 2.184784e+00 1.695652e+00 1.343464e+00 1.014330e+00 7.704643e-01 5.941482e-01 4.670547e-01 3.466173e-01 2.609532e-01 2.001511e-01 1.478735e-01 1.168665e-01 8.654597e-02 6.607849e-02 4.874233e-02 3.420603e-02 2.856266e-02 2.004884e-02 1.574064e-02 1.239528e-02 9.889848e-03 7.056387e-03 6.683728e-03 4.985191e-03 4.803911e-03 3.090235e-03 2.626118e-03 1.871591e-03 1.967504e-03 1.329858e-03 1.290160e-03 1.205490e-03 8.729068e-04 6.255727e-04 8.915901e-04 4.659878e-04 5.574158e-04 5.436525e-04 3.930018e-04 2.110651e-04 2.062130e-04 3.848327e-04 1.792261e-04 1.929089e-04 1.030078e-04 1.176980e-04 1.317945e-04 9.688856e-05 9.500723e-05 7.766464e-05 3.048519e-05 7.481456e-05 2.938662e-05 1.443325e-05 5.672895e-05 4.181942e-05 4.111657e-05 1.347899e-05 2.651963e-05 1.304766e-05 0.000000e+00 2.528616e-05 2.490011e-05 1.226284e-05 2.416233e-05 1.190480e-05 0.000000e+00 2.313415e-05 2.281059e-05 0.000000e+00 1.109495e-05 0.000000e+00 0.000000e+00 0.000000e+00 0.000000e+00 0.000000e+00 1.025759e-05 0.000000e+00 0.000000e+00 0.000000e+00 0.000000e+00 0.000000e+00 0.000000e+00 0.000000e+00 0.000000e+00 0.000000e+00 0.000000e+00 0.000000e+00 0.000000e+00 8.815986e-06 0.000000e+00 0.000000e+00 0.000000e+00 0.000000e+00 0.000000e+00 0.000000e+00 0.000000e+00
SPEC pim sel0 meanpt 0.3843 yield 0.70861 2.828411e+00 2.658039e+00 2.223076e+00 1.788252e+00 1.411679e+00 1.106561e+00 8.415973e-01 6.579617e-01 5.010572e-01 3.804401e-01 3.002940e-01 2.211957e-01 1.656667e-01 1.234840e-01 9.176106e-02 6.671306e-02 5.418158e-02 4.053579e-02 3.062657e-02 2.322613e-02 1.685822e-02 1.281700e-02 9.337090e-03 8.862366e-03 6.236275e-03 5.991716e-03 4.324210e-03 3.637827e-03 2.169932e-03 2.558811e-03 1.461095e-03 1.212609e-03 1.315214e-03 1.303102e-03 5.799435e-04 6.404625e-04 5.232491e-04 2.667740e-04 4.724451e-04 4.374602e-04 2.245572e-04 2.629755e-04 2.353888e-04 3.554199e-04 2.043723e-04 9.994031e-05 1.173493e-04 5.743938e-05 1.312618e-04 9.186433e-05 5.402714e-05 3.531871e-05 1.385839e-04 5.099758e-05 1.668728e-05 3.277322e-05 9.657949e-05 0.000000e+00 6.218508e-05 0.000000e+00 1.503234e-05 1.478792e-05 1.455131e-05 1.432215e-05 0.000000e+00 1.388484e-05 1.367604e-05 0.000000e+00 0.000000e+00 1.308571e-05 0.000000e+00 0.000000e+00 0.000000e+00 1.237356e-05 0.000000e+00 0.000000e+00 1.188832e-05 1.173493e-05 0.000000e+00 0.000000e+00 0.000000e+00 0.000000e+00 0.000000e+00 0.000000e+00 0.000000e+00 0.000000e+00 1.051395e-05 0.000000e+00 0.000000e+00 0.000000e+00 0.000000e+00 0.000000e+00 0.000000e+00 0.000000e+00 0.000000e+00 0.000000e+00 0.000000e+00 0.000000e+00 0.000000e+00 0.000000e+00
SPEC pim sel1 meanpt 0.3857 yield 1.18198 3.345094e+00 3.064025e+00 2.621275e+00 2.083432e+00 1.650166e+00 1.284008e+00 9.764417e-01 7.604611e-01 5.853218e-01 4.451655e-01 3.449863e-01 2.557767e-01 1.987811e-01 1.455176e-01 1.094991e-01 7.965386e-02 6.449695e-02 4.622599e-02 3.486723e-02 2.726626e-02 2.072509e-02 1.490619e-02 1.141670e-02 1.023686e-02 7.156242e-03 6.939564e-03 4.831327e-03 4.329451e-03 2.889942e-03 3.151341e-03 1.898328e-03 1.553293e-03 1.505499e-03 1.484902e-03 9.218455e-04 8.729068e-04 5.585471e-04 3.479376e-04 4.871691e-04 4.748357e-04 3.221644e-04 3.144014e-04 3.261915e-04 4.499193e-04 2.565551e-04 1.075357e-04 1.402974e-04 6.867189e-05 1.849539e-04 9.884591e-05 9.688856e-05 7.917269e-05 1.397964e-04 4.572778e-05 2.992582e-05 5.877324e-05 8.659951e-05 1.418224e-05 6.969904e-05 1.370552e-05 1.347899e-05 3.977945e-05 1.304766e-05 1.284218e-05 1.264308e-05 1.245006e-05 2.452568e-05 0.000000e+00 0.000000e+00 1.173351e-05 1.156707e-05 0.000000e+00 1.124798e-05 1.109495e-05 0.000000e+00 0.000000e+00 1.065985e-05 1.052231e-05 0.000000e+00 1.025759e-05 0.000000e+00 0.000000e+00 0.000000e+00 0.000000e+00 9.650636e-06 0.000000e+00 9.427500e-06 0.000000e+00 0.000000e+00 0.000000e+00 0.000000e+00 0.000000e+00 0.000000e+00 0.000000e+00 0.000000e+00 0.000000e+00 0.000000e+00 0.000000e+00 0.000000e+00 0.000000e+00
SPEC kp sel0 meanpt 0.4783 yield 0.08079 1.709779e-01 1.527887e-01 1.396926e-01 1.431745e-01 1.287387e-01 1.093002e-01 9.710200e-02 8.100229e-02 6.259203e-02 5.351435e-02 4.079563e-02 3.361036e-02 2.604684e-02 1.832387e-02 1.423770e-02 1.232167e-02 1.019694e-02 6.703996e-03 6.587417e-03 3.591188e-03 3.948374e-03 2.157316e-03 2.303957e-03 1.818914e-03 1.076500e-03 7.846294e-04 9.952546e-04 4.960674e-04 7.658584e-04 4.932647e-04 3.578191e-04 4.908180e-04 2.798329e-04 2.714796e-04 2.372496e-04 2.561850e-04 9.966650e-05 9.700873e-05 2.362226e-05 9.209689e-05 1.796458e-04 1.095731e-04 4.279797e-05 2.090705e-05 2.043723e-05 1.998806e-05 7.823284e-05 9.573230e-05 1.875169e-05 9.186433e-05 1.800905e-05 3.531871e-05 3.464597e-05 0.000000e+00 3.337456e-05 1.638661e-05 0.000000e+00 0.000000e+00 0.000000e+00 3.056998e-05 1.503234e-05 1.478792e-05 0.000000e+00 0.000000e+00 0.000000e+00 0.000000e+00 0.000000e+00 0.000000e+00 0.000000e+00 0.000000e+00 0.000000e+00 0.000000e+00 0.000000e+00 0.000000e+00 1.220747e-05 0.000000e+00 0.000000e+00 0.000000e+00 0.000000e+00 0.000000e+00 0.000000e+00 0.000000e+00 0.000000e+00 0.000000e+00 0.000000e+00 0.000000e+00 0.000000e+00 0.000000e+00 0.000000e+00 0.000000e+00 0.000000e+00 0.000000e+00 0.000000e+00 0.000000e+00 0.000000e+00 0.000000e+00 0.000000e+00 0.000000e+00 0.000000e+00 0.000000e+00
SPEC kp sel1 meanpt 0.4806 yield 0.13665 1.973459e-01 1.929966e-01 1.719029e-01 1.663577e-01 1.485983e-01 1.285491e-01 1.140416e-01 9.557411e-02 7.521592e-02 6.146134e-02 4.776375e-02 4.027756e-02 2.929200e-02 2.138366e-02 1.765933e-02 1.420511e-02 1.235574e-02 8.201386e-03 7.625828e-03 4.474678e-03 4.256401e-03 2.692976e-03 2.826993e-03 2.186177e-03 1.630957e-03 1.343141e-03 1.138593e-03 8.006518e-04 8.297854e-04 6.910837e-04 5.347401e-04 5.695407e-04 4.014664e-04 2.921118e-04 3.072818e-04 2.297123e-04 1.787351e-04 1.739688e-04 6.354380e-05 1.651602e-04 1.610822e-04 9.825045e-05 7.675094e-05 3.749327e-05 0.000000e+00 1.792261e-05 7.014871e-05 8.583987e-05 1.681399e-05 8.237159e-05 1.614809e-05 3.166908e-05 4.659878e-05 0.000000e+00 2.992582e-05 2.938662e-05 0.000000e+00 0.000000e+00 0.000000e+00 2.741105e-05 1.347899e-05 2.651963e-05 0.000000e+00 0.000000e+00 1.264308e-05 0.000000e+00 0.000000e+00 0.000000e+00 0.000000e+00 0.000000e+00 0.000000e+00 0.000000e+00 0.000000e+00 0.000000e+00 1.094602e-05 0.000000e+00 0.000000e+00 0.000000e+00 0.000000e+00 0.000000e+00 0.000000e+00 0.000000e+00 0.000000e+00 0.000000e+00 0.000000e+00 0.000000e+00 0.000000e+00 0.000000e+00 0.000000e+00 0.000000e+00 0.000000e+00 0.000000e+00 0.000000e+00 0.000000e+00 0.000000e+00 0.000000e+00 0.000000e+00 0.000000e+00 0.000000e+00 0.000000e+00
SPEC km sel0 meanpt 0.4845 yield 0.07592 1.782535e-01 1.527887e-01 1.440580e-01 1.231664e-01 1.194420e-01 9.970954e-02 8.604861e-02 7.360537e-02 6.441094e-02 4.288807e-02 3.837042e-02 3.084245e-02 2.415517e-02 1.973858e-02 1.492764e-02 1.273240e-02 8.047315e-03 7.379592e-03 5.505901e-03 4.150854e-03 3.504736e-03 2.918722e-03 1.778493e-03 1.896314e-03 1.299224e-03 9.629543e-04 1.029574e-03 4.960674e-04 6.382153e-04 4.624357e-04 4.770921e-04 3.753314e-04 3.357994e-04 1.357398e-04 3.690549e-04 2.305665e-04 1.744164e-04 9.700873e-05 7.086677e-05 9.209689e-05 4.491145e-05 1.095731e-04 1.069949e-04 0.000000e+00 0.000000e+00 5.996419e-05 0.000000e+00 3.829292e-05 0.000000e+00 0.000000e+00 1.800905e-05 0.000000e+00 1.732299e-05 0.000000e+00 3.337456e-05 1.638661e-05 3.219316e-05 0.000000e+00 0.000000e+00 1.528499e-05 1.503234e-05 1.478792e-05 0.000000e+00 0.000000e+00 0.000000e+00 1.388484e-05 0.000000e+00 0.000000e+00 0.000000e+00 1.308571e-05 0.000000e+00 1.271968e-05 0.000000e+00 1.237356e-05 0.000000e+00 0.000000e+00 0.000000e+00 0.000000e+00 0.000000e+00 0.000000e+00 0.000000e+00 1.115898e-05 0.000000e+00 0.000000e+00 1.076280e-05 0.000000e+00 0.000000e+00 0.000000e+00 0.000000e+00 0.000000e+00 0.000000e+00 0.000000e+00 0.000000e+00 0.000000e+00 0.000000e+00 9.523108e-06 0.000000e+00 0.000000e+00 0.000000e+00 0.000000e+00
SPEC km sel1 meanpt 0.4839 yield 0.12838 2.071316e-01 1.897347e-01 1.751648e-01 1.533100e-01 1.408060e-01 1.175772e-01 9.835928e-02 8.698440e-02 7.214588e-02 5.347824e-02 4.566681e-02 3.659018e-02 2.909628e-02 2.216894e-02 1.720941e-02 1.488906e-02 9.538630e-03 8.527577e-03 6.215270e-03 4.809233e-03 4.017724e-03 3.451561e-03 2.283340e-03 2.047372e-03 1.897236e-03 1.215223e-03 1.046275e-03 7.413443e-04 6.294923e-04 5.528669e-04 5.882142e-04 4.659878e-04 5.269247e-04 2.677691e-04 3.781930e-04 2.297123e-04 2.010769e-04 1.739688e-04 1.270876e-04 1.032252e-04 6.040583e-05 1.375506e-04 1.151264e-04 1.874664e-05 0.000000e+00 7.169044e-05 3.507435e-05 3.433595e-05 3.362799e-05 1.647432e-05 1.614809e-05 0.000000e+00 1.553293e-05 0.000000e+00 2.992582e-05 2.938662e-05 4.329976e-05 0.000000e+00 0.000000e+00 1.370552e-05 1.347899e-05 1.325982e-05 1.304766e-05 0.000000e+00 0.000000e+00 1.245006e-05 0.000000e+00 0.000000e+00 0.000000e+00 1.173351e-05 0.000000e+00 1.140530e-05 0.000000e+00 1.109495e-05 0.000000e+00 0.000000e+00 0.000000e+00 0.000000e+00 0.000000e+00 0.000000e+00 0.000000e+00 1.000587e-05 0.000000e+00 0.000000e+00 9.650636e-06 0.000000e+00 0.000000e+00 0.000000e+00 0.000000e+00 0.000000e+00 0.000000e+00 0.000000e+00 0.000000e+00 0.000000e+00 0.000000e+00 8.539044e-06 0.000000e+00 0.000000e+00 0.000000e+00 0.000000e+00
SPEC p sel0 meanpt 0.5258 yield 0.04292 8.367003e-02 6.669350e-02 6.075172e-02 4.937051e-02 5.497161e-02 5.175636e-02 4.631234e-02 3.965232e-02 3.552231e-02 2.699651e-02 2.381911e-02 1.811005e-02 1.600644e-02 1.192399e-02 1.078804e-02 8.625171e-03 6.007927e-03 4.261455e-03 4.276905e-03 3.731105e-03 2.440006e-03 2.241917e-03 1.050928e-03 1.238409e-03 1.002259e-03 8.202944e-04 8.236590e-04 3.637827e-04 3.829292e-04 4.624357e-04 3.876373e-04 2.309732e-04 1.399164e-04 1.357398e-04 1.845275e-04 1.024740e-04 9.966650e-05 4.850436e-05 4.724451e-05 6.907267e-05 4.491145e-05 0.000000e+00 2.139898e-05 0.000000e+00 2.043723e-05 3.997612e-05 0.000000e+00 1.914646e-05 0.000000e+00 3.674573e-05 0.000000e+00 1.765936e-05 0.000000e+00 0.000000e+00 1.668728e-05 1.638661e-05 0.000000e+00 0.000000e+00 0.000000e+00 0.000000e+00 0.000000e+00 0.000000e+00 0.000000e+00 0.000000e+00 1.410011e-05 0.000000e+00 0.000000e+00 0.000000e+00 0.000000e+00 0.000000e+00 0.000000e+00 0.000000e+00 0.000000e+00 0.000000e+00 0.000000e+00 0.000000e+00 0.000000e+00 0.000000e+00 0.000000e+00 0.000000e+00 0.000000e+00 0.000000e+00 0.000000e+00 0.000000e+00 0.000000e+00 0.000000e+00 0.000000e+00 0.000000e+00 0.000000e+00 0.000000e+00 0.000000e+00 0.000000e+00 0.000000e+00 0.000000e+00 0.000000e+00 0.000000e+00 0.000000e+00 0.000000e+00 0.000000e+00 0.000000e+00
SPEC p sel1 meanpt 0.5330 yield 0.07280 8.970266e-02 7.882961e-02 7.045736e-02 6.034543e-02 6.705047e-02 5.693524e-02 5.193972e-02 4.958111e-02 4.106175e-02 3.167491e-02 2.788161e-02 2.219520e-02 1.970197e-02 1.341009e-02 1.276646e-02 1.041708e-02 6.770945e-03 5.591854e-03 5.333672e-03 4.558317e-03 2.705003e-03 2.541259e-03 1.739688e-03 1.630957e-03 1.131685e-03 1.055325e-03 1.169366e-03 5.041141e-04 5.150392e-04 4.422935e-04 3.475811e-04 2.847703e-04 2.509165e-04 1.947412e-04 1.654595e-04 1.148562e-04 1.117094e-04 4.349220e-05 8.472506e-05 6.193509e-05 6.040583e-05 3.930018e-05 1.918773e-05 0.000000e+00 1.832536e-05 5.376783e-05 1.753718e-05 1.716797e-05 0.000000e+00 6.589727e-05 0.000000e+00 3.166908e-05 1.553293e-05 0.000000e+00 1.496291e-05 1.469331e-05 0.000000e+00 0.000000e+00 0.000000e+00 1.370552e-05 2.695797e-05 0.000000e+00 0.000000e+00 0.000000e+00 1.264308e-05 0.000000e+00 0.000000e+00 0.000000e+00 0.000000e+00 0.000000e+00 0.000000e+00 0.000000e+00 0.000000e+00 0.000000e+00 0.000000e+00 0.000000e+00 0.000000e+00 0.000000e+00 0.000000e+00 0.000000e+00 0.000000e+00 0.000000e+00 0.000000e+00 0.000000e+00 0.000000e+00 0.000000e+00 0.000000e+00 0.000000e+00 0.000000e+00 0.000000e+00 0.000000e+00 0.000000e+00 0.000000e+00 0.000000e+00 0.000000e+00 0.000000e+00 0.000000e+00 0.000000e+00 0.000000e+00 0.000000e+00
SPEC pbar sel0 meanpt 0.5302 yield 0.03733 5.638632e-02 5.456741e-02 5.565876e-02 5.066974e-02 4.890857e-02 4.266179e-02 4.043585e-02 3.164910e-02 2.781868e-02 2.441174e-02 2.026789e-02 1.724014e-02 1.316893e-02 1.185662e-02 7.212933e-03 6.630234e-03 5.842571e-03 4.573269e-03 3.981946e-03 3.171439e-03 2.528734e-03 2.030415e-03 1.253029e-03 1.006208e-03 1.002259e-03 6.063045e-04 6.520634e-04 3.637827e-04 4.467507e-04 4.007776e-04 2.981826e-04 1.732299e-04 1.119331e-04 1.357398e-04 1.581664e-04 2.561850e-05 4.983325e-05 4.850436e-05 1.181113e-04 4.604845e-05 2.245572e-05 2.191462e-05 6.419695e-05 6.272116e-05 2.043723e-05 1.998806e-05 0.000000e+00 0.000000e+00 1.875169e-05 0.000000e+00 0.000000e+00 0.000000e+00 0.000000e+00 0.000000e+00 1.668728e-05 1.638661e-05 0.000000e+00 0.000000e+00 0.000000e+00 0.000000e+00 0.000000e+00 0.000000e+00 0.000000e+00 0.000000e+00 0.000000e+00 0.000000e+00 0.000000e+00 0.000000e+00 0.000000e+00 0.000000e+00 0.000000e+00 0.000000e+00 0.000000e+00 0.000000e+00 0.000000e+00 0.000000e+00 0.000000e+00 0.000000e+00 0.000000e+00 0.000000e+00 0.000000e+00 0.000000e+00 0.000000e+00 0.000000e+00 0.000000e+00 0.000000e+00 0.000000e+00 0.000000e+00 0.000000e+00 0.000000e+00 0.000000e+00 0.000000e+00 0.000000e+00 0.000000e+00 0.000000e+00 0.000000e+00 0.000000e+00 0.000000e+00 0.000000e+00 0.000000e+00
SPEC pbar sel1 meanpt 0.5311 yield 0.06383 7.339308e-02 6.741291e-02 6.686926e-02 6.244237e-02 6.143273e-02 4.996661e-02 4.391039e-02 3.881679e-02 3.300290e-02 2.978643e-02 2.345472e-02 2.070607e-02 1.598338e-02 1.359131e-02 9.223346e-03 8.260010e-03 6.523830e-03 5.312261e-03 5.069192e-03 3.805567e-03 2.983459e-03 2.351613e-03 1.775931e-03 1.318646e-03 1.231539e-03 6.395912e-04 6.154556e-04 3.854990e-04 5.436525e-04 4.422935e-04 3.208441e-04 2.847703e-04 2.258249e-04 1.217132e-04 1.654595e-04 4.594246e-05 8.936753e-05 6.523830e-05 1.270876e-04 6.193509e-05 2.013528e-05 3.930018e-05 7.675094e-05 5.623991e-05 1.832536e-05 1.792261e-05 0.000000e+00 1.716797e-05 3.362799e-05 1.647432e-05 0.000000e+00 0.000000e+00 0.000000e+00 0.000000e+00 1.496291e-05 1.469331e-05 0.000000e+00 0.000000e+00 0.000000e+00 0.000000e+00 0.000000e+00 0.000000e+00 0.000000e+00 1.284218e-05 0.000000e+00 0.000000e+00 0.000000e+00 0.000000e+00 0.000000e+00 0.000000e+00 0.000000e+00 0.000000e+00 0.000000e+00 0.000000e+00 0.000000e+00 0.000000e+00 0.000000e+00 0.000000e+00 0.000000e+00 0.000000e+00 0.000000e+00 0.000000e+00 0.000000e+00 0.000000e+00 0.000000e+00 0.000000e+00 0.000000e+00 0.000000e+00 0.000000e+00 0.000000e+00 0.000000e+00 0.000000e+00 0.000000e+00 0.000000e+00 0.000000e+00 0.000000e+00 0.000000e+00 0.000000e+00 0.000000e+00 0.000000e+00
SPEC pinc sel0 meanpt 0.5098 yield 0.05679 1.109537e-01 9.640242e-02 8.476138e-02 7.535499e-02 7.983010e-02 6.729980e-02 6.450148e-02 5.396110e-02 4.643580e-02 3.561241e-02 3.109476e-02 2.325046e-02 2.088113e-02 1.535972e-02 1.367321e-02 1.073746e-02 7.330773e-03 5.352803e-03 5.210942e-03 4.430687e-03 2.972371e-03 2.707220e-03 1.253029e-03 1.664112e-03 1.187862e-03 9.629543e-04 1.029574e-03 4.299250e-04 4.467507e-04 4.932647e-04 4.472738e-04 2.309732e-04 1.958830e-04 1.357398e-04 1.845275e-04 2.049480e-04 1.245831e-04 7.275655e-05 4.724451e-05 9.209689e-05 4.491145e-05 0.000000e+00 4.279797e-05 0.000000e+00 2.043723e-05 3.997612e-05 1.955821e-05 1.914646e-05 0.000000e+00 3.674573e-05 0.000000e+00 1.765936e-05 0.000000e+00 0.000000e+00 1.668728e-05 1.638661e-05 0.000000e+00 0.000000e+00 0.000000e+00 0.000000e+00 0.000000e+00 0.000000e+00 0.000000e+00 0.000000e+00 1.410011e-05 0.000000e+00 0.000000e+00 0.000000e+00 0.000000e+00 0.000000e+00 0.000000e+00 0.000000e+00 0.000000e+00 0.000000e+00 0.000000e+00 0.000000e+00 0.000000e+00 0.000000e+00 0.000000e+00 0.000000e+00 0.000000e+00 0.000000e+00 0.000000e+00 0.000000e+00 0.000000e+00 0.000000e+00 0.000000e+00 0.000000e+00 0.000000e+00 0.000000e+00 0.000000e+00 0.000000e+00 0.000000e+00 0.000000e+00 0.000000e+00 0.000000e+00 0.000000e+00 0.000000e+00 0.000000e+00 0.000000e+00
SPEC pinc sel1 meanpt 0.5166 yield 0.09619 1.157980e-01 1.179726e-01 1.001408e-01 9.016865e-02 9.459553e-02 7.621019e-02 7.251488e-02 6.686926e-02 5.458910e-02 4.128898e-02 3.603639e-02 2.843539e-02 2.498627e-02 1.763850e-02 1.642205e-02 1.283721e-02 8.055941e-03 6.850021e-03 6.347510e-03 5.478344e-03 3.421033e-03 3.110198e-03 2.065879e-03 2.082073e-03 1.431248e-03 1.247203e-03 1.415548e-03 6.227292e-04 6.294923e-04 5.252236e-04 4.277921e-04 3.365468e-04 3.010998e-04 1.947412e-04 1.654595e-04 2.067411e-04 1.563932e-04 6.523830e-05 1.059063e-04 8.258012e-05 6.040583e-05 3.930018e-05 3.837547e-05 0.000000e+00 1.832536e-05 5.376783e-05 3.507435e-05 1.716797e-05 0.000000e+00 6.589727e-05 0.000000e+00 3.166908e-05 1.553293e-05 0.000000e+00 1.496291e-05 1.469331e-05 0.000000e+00 1.418224e-05 0.000000e+00 1.370552e-05 2.695797e-05 0.000000e+00 0.000000e+00 0.000000e+00 1.264308e-05 0.000000e+00 0.000000e+00 0.000000e+00 0.000000e+00 0.000000e+00 0.000000e+00 0.000000e+00 0.000000e+00 0.000000e+00 0.000000e+00 0.000000e+00 0.000000e+00 0.000000e+00 0.000000e+00 0.000000e+00 0.000000e+00 0.000000e+00 0.000000e+00 0.000000e+00 0.000000e+00 0.000000e+00 0.000000e+00 0.000000e+00 0.000000e+00 0.000000e+00 0.000000e+00 0.000000e+00 0.000000e+00 0.000000e+00 0.000000e+00 0.000000e+00 0.000000e+00 0.000000e+00 0.000000e+00 0.000000e+00
SPEC pbarinc sel0 meanpt 0.5123 yield 0.05035 8.003220e-02 8.245742e-02 8.839920e-02 7.561484e-02 7.093763e-02 5.936273e-02 5.358799e-02 4.353267e-02 3.819719e-02 3.226178e-02 2.754355e-02 2.222238e-02 1.717054e-02 1.475341e-02 9.909943e-03 8.742520e-03 7.220536e-03 5.404772e-03 4.817663e-03 3.777744e-03 3.016735e-03 2.411118e-03 1.495551e-03 1.470611e-03 1.336345e-03 9.629543e-04 7.550208e-04 5.291385e-04 6.063045e-04 4.624357e-04 3.280008e-04 2.021015e-04 1.678997e-04 1.628878e-04 1.581664e-04 5.123700e-05 4.983325e-05 4.850436e-05 1.417335e-04 4.604845e-05 2.245572e-05 2.191462e-05 6.419695e-05 6.272116e-05 4.087446e-05 1.998806e-05 1.955821e-05 0.000000e+00 1.875169e-05 0.000000e+00 0.000000e+00 0.000000e+00 0.000000e+00 0.000000e+00 1.668728e-05 1.638661e-05 0.000000e+00 0.000000e+00 0.000000e+00 0.000000e+00 0.000000e+00 0.000000e+00 0.000000e+00 0.000000e+00 0.000000e+00 0.000000e+00 0.000000e+00 0.000000e+00 0.000000e+00 0.000000e+00 0.000000e+00 0.000000e+00 0.000000e+00 0.000000e+00 0.000000e+00 0.000000e+00 0.000000e+00 0.000000e+00 0.000000e+00 0.000000e+00 0.000000e+00 0.000000e+00 0.000000e+00 0.000000e+00 0.000000e+00 0.000000e+00 0.000000e+00 0.000000e+00 0.000000e+00 0.000000e+00 0.000000e+00 0.000000e+00 0.000000e+00 0.000000e+00 0.000000e+00 0.000000e+00 0.000000e+00 0.000000e+00 0.000000e+00 0.000000e+00
SPEC pbarinc sel1 meanpt 0.5131 yield 0.08605 1.109051e-01 1.005757e-01 1.053599e-01 8.970266e-02 8.698440e-02 6.983463e-02 5.971813e-02 5.360413e-02 4.614650e-02 3.957218e-02 3.246382e-02 2.694625e-02 2.055006e-02 1.679282e-02 1.214782e-02 1.041708e-02 8.253633e-03 6.617027e-03 6.127110e-03 4.516498e-03 3.580150e-03 2.730905e-03 2.065879e-03 1.769762e-03 1.664242e-03 9.593867e-04 7.693195e-04 5.634217e-04 7.439455e-04 4.975802e-04 3.743181e-04 3.365468e-04 2.760082e-04 1.460559e-04 1.654595e-04 6.891369e-05 1.117094e-04 6.523830e-05 1.694501e-04 6.193509e-05 2.013528e-05 5.895027e-05 7.675094e-05 5.623991e-05 3.665073e-05 1.792261e-05 3.507435e-05 1.716797e-05 3.362799e-05 1.647432e-05 0.000000e+00 0.000000e+00 0.000000e+00 0.000000e+00 1.496291e-05 1.469331e-05 0.000000e+00 0.000000e+00 0.000000e+00 0.000000e+00 0.000000e+00 0.000000e+00 0.000000e+00 1.284218e-05 0.000000e+00 0.000000e+00 0.000000e+00 0.000000e+00 0.000000e+00 0.000000e+00 0.000000e+00 0.000000e+00 0.000000e+00 0.000000e+00 0.000000e+00 0.000000e+00 0.000000e+00 0.000000e+00 0.000000e+00 0.000000e+00 0.000000e+00 0.000000e+00 0.000000e+00 0.000000e+00 0.000000e+00 0.000000e+00 0.000000e+00 0.000000e+00 0.000000e+00 0.000000e+00 0.000000e+00 0.000000e+00 0.000000e+00 0.000000e+00 0.000000e+00 0.000000e+00 0.000000e+00 0.000000e+00 0.000000e+00 0.000000e+00
SPEC chpm sel0eta05 meanpt 0.4321 yield 1.99917 2.981927e+00 2.978956e+00 3.276300e+00 3.063232e+00 2.625844e+00 2.177934e+00 1.733173e+00 1.370091e+00 1.079033e+00 8.486477e-01 6.648129e-01 5.057529e-01 3.943987e-01 2.918548e-01 2.271635e-01 1.734070e-01 1.349248e-01 9.949458e-02 7.525878e-02 5.954843e-02 4.496709e-02 3.417020e-02 2.605897e-02 2.253905e-02 1.681196e-02 1.452991e-02 1.119490e-02 9.352523e-03 6.924636e-03 6.495680e-03 4.466775e-03 4.122871e-03 3.369188e-03 2.983561e-03 2.546479e-03 1.990558e-03 1.395331e-03 1.324169e-03 1.174026e-03 1.128187e-03 9.431404e-04 7.976922e-04 6.590887e-04 6.146674e-04 5.722425e-04 3.637827e-04 4.107224e-04 2.412454e-04 2.887760e-04 3.343861e-04 1.764886e-04 1.854232e-04 2.303957e-04 7.139661e-05 1.518543e-04 1.376475e-04 1.126761e-04 6.642989e-05 8.705911e-05 8.559594e-05 6.313585e-05 8.281233e-05 3.055775e-05 2.005102e-05 4.935037e-05 3.887754e-05 2.871969e-05 1.886281e-05 9.293719e-06 1.831999e-05 2.709020e-05 2.671132e-05 8.780962e-06 2.598448e-05 8.545232e-06 0.000000e+00 8.321827e-06 8.214449e-06 0.000000e+00 1.601559e-05 0.000000e+00 7.811286e-06 0.000000e+00 0.000000e+00 1.506792e-05 0.000000e+00 7.359766e-06 0.000000e+00 0.000000e+00 0.000000e+00 0.000000e+00 0.000000e+00 6.882376e-06 0.000000e+00 0.000000e+00 6.666176e-06 0.000000e+00 0.000000e+00 0.000000e+00 0.000000e+00
