# gen_world scan_p2.45_s0.335_k0.217_q0.081 mode set MultipartonInteractions:pT0Ref=2.45;StringPT:sigma=0.335 nev 100000 seed 20260914
SUMMARY nev 100000 nnsd 77932 dnde 2.3779 eps 0.5203 classN 19.4590 17.2626 7.0436 1.0138 meanpt_ch05 0.4435
SPEC pip sel0 meanpt 0.3937 yield 0.85701 3.448660e+00 3.115193e+00 2.657797e+00 2.103963e+00 1.686133e+00 1.329461e+00 1.035382e+00 7.793439e-01 5.993855e-01 4.590364e-01 3.475857e-01 2.564668e-01 2.053917e-01 1.503635e-01 1.158460e-01 9.118038e-02 6.774075e-02 5.046186e-02 3.750895e-02 3.110809e-02 2.369024e-02 1.734313e-02 1.418753e-02 1.133919e-02 8.983206e-03 8.274274e-03 6.074485e-03 4.001610e-03 4.180310e-03 3.422024e-03 2.802916e-03 2.194245e-03 1.958830e-03 1.465990e-03 1.423498e-03 1.101596e-03 1.195998e-03 8.730785e-04 8.740234e-04 5.986298e-04 6.063045e-04 3.506340e-04 3.209848e-04 2.299776e-04 3.269957e-04 1.399164e-04 1.564657e-04 1.531717e-04 5.625506e-05 1.653558e-04 7.203618e-05 7.063742e-05 5.196896e-05 8.499596e-05 1.168110e-04 6.554644e-05 3.219316e-05 1.581664e-05 9.327762e-05 3.056998e-05 1.503234e-05 1.478792e-05 0.000000e+00 0.000000e+00 2.820021e-05 1.388484e-05 1.367604e-05 0.000000e+00 0.000000e+00 2.617142e-05 0.000000e+00 2.543935e-05 1.254423e-05 2.474712e-05 1.220747e-05 0.000000e+00 0.000000e+00 0.000000e+00 0.000000e+00 0.000000e+00 0.000000e+00 0.000000e+00 2.204744e-05 0.000000e+00 0.000000e+00 0.000000e+00 0.000000e+00 0.000000e+00 0.000000e+00 0.000000e+00 0.000000e+00 0.000000e+00 0.000000e+00 0.000000e+00 9.623882e-06 0.000000e+00 0.000000e+00 0.000000e+00 0.000000e+00 0.000000e+00
SPEC pip sel1 meanpt 0.3952 yield 1.45713 4.059950e+00 3.711954e+00 3.170519e+00 2.493152e+00 1.999387e+00 1.574669e+00 1.225337e+00 9.247210e-01 7.081968e-01 5.461134e-01 4.144362e-01 3.143256e-01 2.407542e-01 1.802607e-01 1.391532e-01 1.072499e-01 8.069896e-02 6.311069e-02 4.552513e-02 3.841484e-02 2.821264e-02 2.036529e-02 1.655566e-02 1.380025e-02 1.080297e-02 1.018712e-02 7.737348e-03 5.168694e-03 4.729371e-03 4.153685e-03 3.455049e-03 2.852636e-03 2.513512e-03 1.755707e-03 1.728495e-03 1.104529e-03 1.477119e-03 9.802696e-04 1.060898e-03 6.824662e-04 7.462958e-04 4.330508e-04 3.844195e-04 3.004658e-04 3.487851e-04 1.615829e-04 1.581080e-04 1.891748e-04 1.179018e-04 2.145371e-04 1.132325e-04 9.517181e-05 4.667951e-05 9.161398e-05 1.049218e-04 5.887505e-05 5.783302e-05 2.841361e-05 9.774768e-05 6.864633e-05 1.350234e-05 1.328279e-05 1.307026e-05 1.286443e-05 3.799495e-05 2.494325e-05 2.456816e-05 1.210209e-05 0.000000e+00 2.350766e-05 0.000000e+00 2.285011e-05 1.126747e-05 2.222834e-05 2.192997e-05 0.000000e+00 0.000000e+00 1.054053e-05 0.000000e+00 0.000000e+00 0.000000e+00 0.000000e+00 1.980343e-05 9.783130e-06 0.000000e+00 0.000000e+00 0.000000e+00 0.000000e+00 0.000000e+00 0.000000e+00 0.000000e+00 0.000000e+00 0.000000e+00 0.000000e+00 8.644353e-06 0.000000e+00 0.000000e+00 0.000000e+00 0.000000e+00 0.000000e+00
SPEC pim sel0 meanpt 0.3928 yield 0.84322 3.388636e+00 3.064869e+00 2.635970e+00 2.093310e+00 1.644298e+00 1.286137e+00 1.009077e+00 7.815266e-01 5.898630e-01 4.477400e-01 3.414361e-01 2.579694e-01 1.929504e-01 1.556855e-01 1.139643e-01 9.018291e-02 6.878801e-02 5.207290e-02 3.726315e-02 2.942909e-02 2.302478e-02 1.861214e-02 1.410669e-02 1.118438e-02 8.389275e-03 7.204325e-03 5.285145e-03 4.795318e-03 3.414452e-03 3.298708e-03 2.594188e-03 2.021015e-03 1.790930e-03 1.601730e-03 1.318053e-03 1.050359e-03 8.720819e-04 8.730785e-04 6.141786e-04 6.446783e-04 3.143801e-04 2.410608e-04 3.637827e-04 2.299776e-04 2.248096e-04 1.399164e-04 1.369075e-04 1.531717e-04 2.812753e-04 1.102372e-04 7.203618e-05 7.063742e-05 8.661494e-05 6.799677e-05 3.337456e-05 0.000000e+00 0.000000e+00 0.000000e+00 3.109254e-05 4.585497e-05 3.006469e-05 2.957583e-05 1.455131e-05 1.432215e-05 0.000000e+00 1.388484e-05 2.735208e-05 0.000000e+00 2.655348e-05 1.308571e-05 1.290010e-05 1.271968e-05 0.000000e+00 0.000000e+00 0.000000e+00 0.000000e+00 0.000000e+00 0.000000e+00 0.000000e+00 0.000000e+00 0.000000e+00 0.000000e+00 0.000000e+00 0.000000e+00 0.000000e+00 0.000000e+00 0.000000e+00 0.000000e+00 0.000000e+00 0.000000e+00 0.000000e+00 0.000000e+00 0.000000e+00 9.726811e-06 0.000000e+00 0.000000e+00 0.000000e+00 0.000000e+00 9.233064e-06 0.000000e+00
SPEC pim sel1 meanpt 0.3944 yield 1.43177 4.030542e+00 3.589421e+00 3.123139e+00 2.494319e+00 1.949103e+00 1.526844e+00 1.199071e+00 9.108883e-01 7.045448e-01 5.367406e-01 4.086791e-01 3.082877e-01 2.349380e-01 1.843149e-01 1.363364e-01 1.052999e-01 8.084749e-02 6.329741e-02 4.393551e-02 3.573376e-02 2.681795e-02 2.230303e-02 1.651936e-02 1.390453e-02 1.063626e-02 8.937752e-03 6.473479e-03 5.733092e-03 4.328091e-03 3.793699e-03 3.455049e-03 2.385841e-03 2.312431e-03 1.780092e-03 1.515393e-03 1.173562e-03 1.141410e-03 9.802696e-04 7.426285e-04 7.651894e-04 4.437435e-04 2.755778e-04 4.228614e-04 3.568031e-04 4.222135e-04 2.333975e-04 1.405404e-04 3.095588e-04 2.863331e-04 1.155200e-04 1.294085e-04 9.517181e-05 7.779918e-05 1.068830e-04 4.496650e-05 4.415629e-05 1.445825e-05 0.000000e+00 5.585582e-05 4.118780e-05 4.050701e-05 2.656557e-05 2.614052e-05 2.572886e-05 0.000000e+00 1.247162e-05 2.456816e-05 0.000000e+00 2.385084e-05 1.175383e-05 1.158711e-05 1.142505e-05 0.000000e+00 0.000000e+00 0.000000e+00 0.000000e+00 0.000000e+00 0.000000e+00 0.000000e+00 0.000000e+00 0.000000e+00 0.000000e+00 0.000000e+00 0.000000e+00 0.000000e+00 0.000000e+00 0.000000e+00 0.000000e+00 0.000000e+00 0.000000e+00 0.000000e+00 0.000000e+00 0.000000e+00 8.736806e-06 0.000000e+00 0.000000e+00 0.000000e+00 0.000000e+00 8.293313e-06 0.000000e+00
SPEC kp sel0 meanpt 0.4968 yield 0.09457 2.018994e-01 1.758283e-01 1.808000e-01 1.701983e-01 1.376311e-01 1.256704e-01 9.836125e-02 8.282120e-02 7.136561e-02 6.002415e-02 4.789806e-02 4.033243e-02 2.888435e-02 2.539742e-02 1.869091e-02 1.572480e-02 1.113396e-02 9.458351e-03 7.619773e-03 6.436156e-03 4.835648e-03 3.891629e-03 2.627320e-03 2.167216e-03 1.856034e-03 1.069949e-03 1.612999e-03 7.275655e-04 1.148788e-03 8.632133e-04 6.560016e-04 5.774329e-04 3.078162e-04 4.072195e-04 4.481381e-04 2.561850e-04 7.474988e-05 9.700873e-05 2.126003e-04 3.223391e-04 6.736717e-05 8.765849e-05 1.069949e-04 2.090705e-05 8.174893e-05 5.996419e-05 1.955821e-05 5.743938e-05 1.875169e-05 1.837287e-05 3.601809e-05 3.531871e-05 3.464597e-05 1.699919e-05 0.000000e+00 0.000000e+00 4.828974e-05 1.581664e-05 0.000000e+00 0.000000e+00 1.503234e-05 1.478792e-05 0.000000e+00 1.432215e-05 0.000000e+00 0.000000e+00 0.000000e+00 0.000000e+00 1.327674e-05 0.000000e+00 0.000000e+00 1.271968e-05 0.000000e+00 0.000000e+00 0.000000e+00 0.000000e+00 0.000000e+00 0.000000e+00 0.000000e+00 0.000000e+00 1.129760e-05 0.000000e+00 0.000000e+00 0.000000e+00 0.000000e+00 0.000000e+00 0.000000e+00 0.000000e+00 0.000000e+00 0.000000e+00 0.000000e+00 0.000000e+00 0.000000e+00 0.000000e+00 0.000000e+00 0.000000e+00 0.000000e+00 0.000000e+00 0.000000e+00 0.000000e+00
SPEC kp sel1 meanpt 0.5008 yield 0.16265 2.368985e-01 2.178377e-01 2.074904e-01 1.967541e-01 1.715472e-01 1.467434e-01 1.212769e-01 9.824480e-02 8.591775e-02 7.317627e-02 5.757139e-02 4.972382e-02 3.496295e-02 3.049728e-02 2.292930e-02 1.844593e-02 1.287223e-02 1.082965e-02 9.228665e-03 7.708103e-03 5.937405e-03 4.977338e-03 3.666935e-03 2.676623e-03 2.233948e-03 1.505643e-03 1.726261e-03 9.505645e-04 1.404480e-03 1.052267e-03 8.838497e-04 7.261257e-04 4.021619e-04 3.901571e-04 5.445942e-04 2.301102e-04 1.790447e-04 1.960539e-04 2.333975e-04 2.895311e-04 8.068063e-05 1.377889e-04 1.153258e-04 7.511645e-05 7.342844e-05 1.436292e-04 5.270267e-05 8.598856e-05 5.052936e-05 3.300571e-05 4.852820e-05 4.758590e-05 4.667951e-05 6.107599e-05 0.000000e+00 1.471876e-05 4.337476e-05 2.841361e-05 0.000000e+00 1.372927e-05 1.350234e-05 1.328279e-05 0.000000e+00 1.286443e-05 0.000000e+00 0.000000e+00 0.000000e+00 0.000000e+00 1.192542e-05 0.000000e+00 0.000000e+00 1.142505e-05 0.000000e+00 0.000000e+00 0.000000e+00 0.000000e+00 0.000000e+00 0.000000e+00 0.000000e+00 0.000000e+00 1.014772e-05 0.000000e+00 0.000000e+00 0.000000e+00 0.000000e+00 0.000000e+00 0.000000e+00 0.000000e+00 0.000000e+00 0.000000e+00 0.000000e+00 0.000000e+00 0.000000e+00 0.000000e+00 0.000000e+00 0.000000e+00 0.000000e+00 0.000000e+00 0.000000e+00 0.000000e+00
SPEC km sel0 meanpt 0.4958 yield 0.09226 1.727968e-01 1.770409e-01 1.538801e-01 1.543478e-01 1.396521e-01 1.197176e-01 1.014394e-01 8.403381e-02 6.922571e-02 6.174733e-02 4.824452e-02 3.969977e-02 3.106704e-02 2.634056e-02 1.825186e-02 1.472733e-02 1.091348e-02 1.013395e-02 6.243298e-03 5.316824e-03 4.525102e-03 3.214824e-03 2.465638e-03 2.051115e-03 2.078758e-03 1.676254e-03 8.922973e-04 1.157490e-03 5.743938e-04 5.549228e-04 3.876373e-04 3.464597e-04 3.357994e-04 4.072195e-04 2.372496e-04 1.793295e-04 2.242496e-04 1.697653e-04 2.126003e-04 1.151211e-04 1.571901e-04 1.753170e-04 2.139898e-05 8.362821e-05 4.087446e-05 7.995225e-05 5.867463e-05 1.914646e-05 5.625506e-05 5.511860e-05 7.203618e-05 3.531871e-05 1.732299e-05 0.000000e+00 1.668728e-05 1.638661e-05 1.609658e-05 1.581664e-05 1.554627e-05 1.528499e-05 0.000000e+00 0.000000e+00 0.000000e+00 0.000000e+00 0.000000e+00 0.000000e+00 1.367604e-05 1.347343e-05 0.000000e+00 0.000000e+00 0.000000e+00 0.000000e+00 0.000000e+00 0.000000e+00 0.000000e+00 0.000000e+00 0.000000e+00 0.000000e+00 0.000000e+00 0.000000e+00 0.000000e+00 1.115898e-05 0.000000e+00 0.000000e+00 2.152561e-05 0.000000e+00 0.000000e+00 0.000000e+00 0.000000e+00 0.000000e+00 0.000000e+00 0.000000e+00 0.000000e+00 0.000000e+00 0.000000e+00 0.000000e+00 0.000000e+00 0.000000e+00 0.000000e+00 0.000000e+00
SPEC km sel1 meanpt 0.4981 yield 0.15671 2.009553e-01 2.167485e-01 1.927864e-01 1.801829e-01 1.644675e-01 1.399112e-01 1.180094e-01 1.002053e-01 8.361123e-02 7.317627e-02 5.943857e-02 4.531971e-02 3.640068e-02 3.067881e-02 2.174621e-02 1.633783e-02 1.311977e-02 1.157652e-02 8.213070e-03 6.660806e-03 5.419377e-03 3.609520e-03 3.231259e-03 2.433293e-03 2.300633e-03 1.858027e-03 1.263870e-03 1.217911e-03 9.745371e-04 6.645896e-04 5.624498e-04 5.964604e-04 4.524321e-04 5.852356e-04 2.604581e-04 2.070992e-04 3.357088e-04 3.049728e-04 2.121796e-04 1.240848e-04 2.017016e-04 2.165254e-04 9.610487e-05 1.314538e-04 5.507133e-05 1.077219e-04 5.270267e-05 1.719771e-05 6.737248e-05 4.950857e-05 8.088033e-05 3.172394e-05 0.000000e+00 1.526900e-05 1.498883e-05 1.471876e-05 1.445825e-05 1.420681e-05 1.396395e-05 1.372927e-05 0.000000e+00 0.000000e+00 0.000000e+00 0.000000e+00 2.532996e-05 0.000000e+00 1.228408e-05 1.210209e-05 0.000000e+00 0.000000e+00 0.000000e+00 0.000000e+00 0.000000e+00 0.000000e+00 0.000000e+00 0.000000e+00 0.000000e+00 0.000000e+00 0.000000e+00 0.000000e+00 0.000000e+00 1.002321e-05 0.000000e+00 0.000000e+00 1.933471e-05 0.000000e+00 0.000000e+00 0.000000e+00 0.000000e+00 0.000000e+00 0.000000e+00 0.000000e+00 0.000000e+00 0.000000e+00 0.000000e+00 0.000000e+00 0.000000e+00 0.000000e+00 0.000000e+00 0.000000e+00
SPEC p sel0 meanpt 0.5573 yield 0.04982 7.093763e-02 7.821329e-02 6.511711e-02 6.911872e-02 5.860944e-02 5.324456e-02 4.533292e-02 4.316888e-02 3.830418e-02 3.073007e-02 2.381911e-02 2.435763e-02 1.891670e-02 1.529235e-02 1.141525e-02 8.977219e-03 8.322908e-03 6.600058e-03 4.473544e-03 4.150854e-03 3.327281e-03 3.172524e-03 2.384798e-03 1.935015e-03 1.373465e-03 1.105614e-03 1.201169e-03 8.598501e-04 5.743938e-04 5.857518e-04 5.069104e-04 4.619463e-04 3.078162e-04 2.171837e-04 1.581664e-04 2.049480e-04 7.474988e-05 2.425218e-04 2.362226e-05 1.611696e-04 4.491145e-05 2.191462e-05 2.139898e-05 2.090705e-05 4.087446e-05 3.997612e-05 1.955821e-05 5.743938e-05 5.625506e-05 1.837287e-05 1.800905e-05 1.765936e-05 0.000000e+00 0.000000e+00 0.000000e+00 0.000000e+00 0.000000e+00 1.581664e-05 0.000000e+00 1.528499e-05 0.000000e+00 1.478792e-05 0.000000e+00 0.000000e+00 0.000000e+00 0.000000e+00 0.000000e+00 0.000000e+00 0.000000e+00 0.000000e+00 0.000000e+00 0.000000e+00 0.000000e+00 0.000000e+00 0.000000e+00 0.000000e+00 0.000000e+00 0.000000e+00 0.000000e+00 1.143971e-05 0.000000e+00 0.000000e+00 0.000000e+00 0.000000e+00 0.000000e+00 0.000000e+00 0.000000e+00 0.000000e+00 0.000000e+00 0.000000e+00 0.000000e+00 0.000000e+00 0.000000e+00 0.000000e+00 0.000000e+00 0.000000e+00 0.000000e+00 0.000000e+00 0.000000e+00 0.000000e+00
SPEC p sel1 meanpt 0.5578 yield 0.08446 8.822427e-02 8.931346e-02 8.005535e-02 8.192253e-02 6.952653e-02 5.970733e-02 5.592564e-02 5.021159e-02 4.430434e-02 3.886683e-02 2.800770e-02 2.827154e-02 2.274226e-02 1.791110e-02 1.442236e-02 1.127837e-02 9.258102e-03 7.188644e-03 5.387067e-03 4.775673e-03 3.905139e-03 3.875485e-03 2.904503e-03 2.224725e-03 1.900523e-03 1.473608e-03 1.418000e-03 9.505645e-04 8.312228e-04 6.368983e-04 5.088831e-04 5.186612e-04 3.770268e-04 1.950785e-04 1.894241e-04 2.070992e-04 8.952234e-05 2.396215e-04 4.243591e-05 1.861271e-04 4.034031e-05 3.936826e-05 1.922097e-05 1.877911e-05 3.671422e-05 3.590731e-05 1.756756e-05 6.879085e-05 5.052936e-05 6.601142e-05 3.235213e-05 1.586197e-05 0.000000e+00 1.526900e-05 1.498883e-05 0.000000e+00 0.000000e+00 2.841361e-05 0.000000e+00 1.372927e-05 0.000000e+00 1.328279e-05 1.307026e-05 0.000000e+00 0.000000e+00 0.000000e+00 0.000000e+00 0.000000e+00 0.000000e+00 0.000000e+00 0.000000e+00 0.000000e+00 0.000000e+00 0.000000e+00 0.000000e+00 0.000000e+00 0.000000e+00 0.000000e+00 0.000000e+00 1.027536e-05 0.000000e+00 0.000000e+00 0.000000e+00 0.000000e+00 0.000000e+00 0.000000e+00 0.000000e+00 0.000000e+00 0.000000e+00 0.000000e+00 0.000000e+00 0.000000e+00 0.000000e+00 0.000000e+00 0.000000e+00 0.000000e+00 0.000000e+00 0.000000e+00 0.000000e+00 0.000000e+00
SPEC pbar sel0 meanpt 0.5561 yield 0.04491 5.820524e-02 6.548089e-02 5.966037e-02 6.548089e-02 5.315270e-02 4.993745e-02 4.757159e-02 3.746962e-02 3.295444e-02 2.670931e-02 2.494510e-02 1.929630e-02 1.687952e-02 1.205872e-02 1.110165e-02 8.683846e-03 6.614231e-03 5.716586e-03 4.080266e-03 4.477326e-03 2.883644e-03 2.538019e-03 1.697653e-03 1.548012e-03 1.002259e-03 9.986193e-04 9.952546e-04 7.275655e-04 5.105722e-04 4.932647e-04 4.174556e-04 2.598448e-04 2.518496e-04 3.529235e-04 2.108885e-04 1.793295e-04 4.983325e-05 4.850436e-05 1.653558e-04 2.302422e-05 1.122786e-04 6.574387e-05 6.419695e-05 1.463494e-04 0.000000e+00 1.998806e-05 5.867463e-05 5.743938e-05 7.500675e-05 0.000000e+00 5.402714e-05 1.765936e-05 0.000000e+00 0.000000e+00 0.000000e+00 0.000000e+00 0.000000e+00 1.581664e-05 1.554627e-05 3.056998e-05 0.000000e+00 0.000000e+00 0.000000e+00 0.000000e+00 0.000000e+00 1.388484e-05 0.000000e+00 1.347343e-05 0.000000e+00 0.000000e+00 0.000000e+00 0.000000e+00 0.000000e+00 0.000000e+00 0.000000e+00 0.000000e+00 0.000000e+00 0.000000e+00 0.000000e+00 0.000000e+00 0.000000e+00 0.000000e+00 0.000000e+00 0.000000e+00 0.000000e+00 0.000000e+00 0.000000e+00 0.000000e+00 0.000000e+00 0.000000e+00 0.000000e+00 0.000000e+00 0.000000e+00 0.000000e+00 0.000000e+00 9.523108e-06 0.000000e+00 0.000000e+00 0.000000e+00 0.000000e+00
SPEC pbar sel1 meanpt 0.5550 yield 0.07652 6.861887e-02 7.678779e-02 7.613427e-02 7.608759e-02 6.480671e-02 6.059849e-02 5.554861e-02 4.661727e-02 3.882637e-02 3.198775e-02 2.761871e-02 2.287296e-02 2.084707e-02 1.440149e-02 1.228154e-02 1.059324e-02 8.119405e-03 6.721849e-03 4.989661e-03 5.068916e-03 3.466807e-03 2.545661e-03 2.178377e-03 2.120441e-03 1.300358e-03 1.089188e-03 1.294696e-03 8.614491e-04 6.879085e-04 7.199720e-04 5.624498e-04 2.852636e-04 4.272970e-04 4.389267e-04 2.131021e-04 1.610772e-04 8.952234e-05 6.535131e-05 1.697437e-04 4.136159e-05 1.210209e-04 7.873652e-05 7.688389e-05 1.314538e-04 0.000000e+00 1.795366e-05 7.027022e-05 6.879085e-05 6.737248e-05 0.000000e+00 4.852820e-05 1.586197e-05 0.000000e+00 0.000000e+00 0.000000e+00 1.471876e-05 0.000000e+00 1.420681e-05 1.396395e-05 2.745853e-05 0.000000e+00 0.000000e+00 0.000000e+00 0.000000e+00 0.000000e+00 1.247162e-05 0.000000e+00 1.210209e-05 0.000000e+00 0.000000e+00 0.000000e+00 0.000000e+00 0.000000e+00 0.000000e+00 0.000000e+00 0.000000e+00 0.000000e+00 0.000000e+00 0.000000e+00 0.000000e+00 0.000000e+00 0.000000e+00 0.000000e+00 0.000000e+00 0.000000e+00 0.000000e+00 0.000000e+00 0.000000e+00 0.000000e+00 0.000000e+00 0.000000e+00 0.000000e+00 0.000000e+00 0.000000e+00 0.000000e+00 8.553836e-06 0.000000e+00 0.000000e+00 0.000000e+00 0.000000e+00
SPEC pinc sel0 meanpt 0.5395 yield 0.06610 9.822134e-02 1.085285e-01 9.858512e-02 9.510320e-02 8.124481e-02 7.507153e-02 6.506114e-02 5.808398e-02 5.360445e-02 4.097342e-02 3.031523e-02 3.171236e-02 2.328209e-02 1.926701e-02 1.568029e-02 1.103083e-02 1.041741e-02 8.315034e-03 5.604220e-03 5.130269e-03 3.770919e-03 3.764728e-03 3.071943e-03 2.244617e-03 1.633310e-03 1.462264e-03 1.304127e-03 1.058277e-03 7.020368e-04 7.090680e-04 6.261834e-04 5.774329e-04 3.637827e-04 2.714796e-04 2.108885e-04 2.818035e-04 7.474988e-05 2.910262e-04 7.086677e-05 1.611696e-04 4.491145e-05 4.382924e-05 4.279797e-05 2.090705e-05 6.131170e-05 5.996419e-05 1.955821e-05 5.743938e-05 5.625506e-05 1.837287e-05 1.800905e-05 1.765936e-05 0.000000e+00 0.000000e+00 0.000000e+00 0.000000e+00 0.000000e+00 1.581664e-05 0.000000e+00 1.528499e-05 0.000000e+00 1.478792e-05 0.000000e+00 0.000000e+00 0.000000e+00 0.000000e+00 0.000000e+00 0.000000e+00 0.000000e+00 0.000000e+00 0.000000e+00 0.000000e+00 0.000000e+00 0.000000e+00 0.000000e+00 0.000000e+00 0.000000e+00 0.000000e+00 0.000000e+00 1.143971e-05 0.000000e+00 0.000000e+00 0.000000e+00 0.000000e+00 0.000000e+00 0.000000e+00 0.000000e+00 0.000000e+00 0.000000e+00 0.000000e+00 0.000000e+00 0.000000e+00 0.000000e+00 0.000000e+00 0.000000e+00 0.000000e+00 0.000000e+00 0.000000e+00 0.000000e+00 0.000000e+00
SPEC pinc sel1 meanpt 0.5403 yield 0.11252 1.241675e-01 1.252567e-01 1.199197e-01 1.124976e-01 9.893462e-02 8.659048e-02 7.942698e-02 6.861887e-02 6.150711e-02 5.262500e-02 3.617662e-02 3.629839e-02 2.797036e-02 2.250990e-02 1.876033e-02 1.380810e-02 1.168402e-02 9.242542e-03 6.800069e-03 5.822969e-03 4.662258e-03 4.711373e-03 3.666935e-03 2.607100e-03 2.267290e-03 1.890062e-03 1.572131e-03 1.247616e-03 9.458742e-04 8.030457e-04 6.427998e-04 6.223934e-04 4.524321e-04 2.926178e-04 2.841361e-04 2.991433e-04 1.342835e-04 2.831890e-04 6.365387e-05 1.861271e-04 4.034031e-05 5.905239e-05 3.844195e-05 3.755822e-05 7.342844e-05 5.386097e-05 1.756756e-05 6.879085e-05 5.052936e-05 6.601142e-05 3.235213e-05 1.586197e-05 0.000000e+00 1.526900e-05 1.498883e-05 0.000000e+00 0.000000e+00 2.841361e-05 0.000000e+00 1.372927e-05 1.350234e-05 1.328279e-05 1.307026e-05 0.000000e+00 0.000000e+00 1.247162e-05 0.000000e+00 0.000000e+00 0.000000e+00 0.000000e+00 0.000000e+00 0.000000e+00 0.000000e+00 0.000000e+00 0.000000e+00 0.000000e+00 0.000000e+00 0.000000e+00 0.000000e+00 1.027536e-05 0.000000e+00 0.000000e+00 0.000000e+00 0.000000e+00 0.000000e+00 0.000000e+00 0.000000e+00 0.000000e+00 0.000000e+00 0.000000e+00 0.000000e+00 0.000000e+00 0.000000e+00 0.000000e+00 0.000000e+00 0.000000e+00 0.000000e+00 0.000000e+00 0.000000e+00 0.000000e+00
SPEC pbarinc sel0 meanpt 0.5364 yield 0.05955 8.730785e-02 9.215829e-02 8.476138e-02 9.588273e-02 7.215024e-02 7.126834e-02 6.226281e-02 5.335480e-02 4.504486e-02 3.532522e-02 3.377982e-02 2.530662e-02 2.102664e-02 1.535972e-02 1.373593e-02 1.103083e-02 8.543382e-03 7.015810e-03 4.866823e-03 5.410102e-03 3.549100e-03 3.130223e-03 2.223117e-03 1.935015e-03 1.187862e-03 1.248274e-03 1.201169e-03 8.598501e-04 5.743938e-04 5.240938e-04 4.770921e-04 2.887165e-04 3.637827e-04 3.800715e-04 2.108885e-04 2.305665e-04 4.983325e-05 4.850436e-05 1.653558e-04 2.302422e-05 1.347343e-04 1.314877e-04 6.419695e-05 1.672564e-04 0.000000e+00 1.998806e-05 5.867463e-05 7.658584e-05 7.500675e-05 0.000000e+00 5.402714e-05 1.765936e-05 0.000000e+00 1.699919e-05 0.000000e+00 0.000000e+00 0.000000e+00 1.581664e-05 1.554627e-05 3.056998e-05 0.000000e+00 0.000000e+00 0.000000e+00 0.000000e+00 0.000000e+00 1.388484e-05 0.000000e+00 1.347343e-05 0.000000e+00 0.000000e+00 0.000000e+00 0.000000e+00 0.000000e+00 0.000000e+00 0.000000e+00 0.000000e+00 0.000000e+00 0.000000e+00 0.000000e+00 0.000000e+00 0.000000e+00 0.000000e+00 0.000000e+00 0.000000e+00 0.000000e+00 0.000000e+00 0.000000e+00 0.000000e+00 0.000000e+00 0.000000e+00 0.000000e+00 0.000000e+00 0.000000e+00 0.000000e+00 0.000000e+00 9.523108e-06 0.000000e+00 0.000000e+00 0.000000e+00 0.000000e+00
SPEC pbarinc sel1 meanpt 0.5367 yield 0.10187 9.802696e-02 1.051067e-01 1.055424e-01 1.110972e-01 8.949499e-02 8.673901e-02 7.515400e-02 6.513347e-02 5.333820e-02 4.222038e-02 3.796600e-02 3.047360e-02 2.581377e-02 1.815314e-02 1.554910e-02 1.370269e-02 1.069385e-02 8.448991e-03 5.916943e-03 6.116212e-03 4.223926e-03 3.229570e-03 2.722971e-03 2.468055e-03 1.500413e-03 1.441573e-03 1.572131e-03 1.039680e-03 8.312228e-04 8.584282e-04 6.427998e-04 3.111967e-04 6.032428e-04 4.876963e-04 2.131021e-04 2.070992e-04 8.952234e-05 6.535131e-05 1.697437e-04 4.136159e-05 1.411911e-04 1.377889e-04 7.688389e-05 1.502329e-04 0.000000e+00 3.590731e-05 8.783778e-05 8.598856e-05 6.737248e-05 0.000000e+00 4.852820e-05 1.586197e-05 0.000000e+00 1.526900e-05 0.000000e+00 1.471876e-05 0.000000e+00 1.420681e-05 1.396395e-05 2.745853e-05 0.000000e+00 0.000000e+00 0.000000e+00 0.000000e+00 0.000000e+00 1.247162e-05 0.000000e+00 1.210209e-05 0.000000e+00 0.000000e+00 0.000000e+00 0.000000e+00 0.000000e+00 0.000000e+00 0.000000e+00 0.000000e+00 0.000000e+00 0.000000e+00 0.000000e+00 0.000000e+00 0.000000e+00 0.000000e+00 0.000000e+00 0.000000e+00 0.000000e+00 0.000000e+00 0.000000e+00 0.000000e+00 0.000000e+00 0.000000e+00 0.000000e+00 0.000000e+00 0.000000e+00 0.000000e+00 0.000000e+00 8.553836e-06 0.000000e+00 0.000000e+00 0.000000e+00 0.000000e+00
SPEC chpm sel0eta05 meanpt 0.4435 yield 2.37789 3.596902e+00 3.431805e+00 3.832706e+00 3.534513e+00 3.047004e+00 2.523908e+00 2.045214e+00 1.615401e+00 1.272640e+00 9.967455e-01 7.754029e-01 6.013012e-01 4.621860e-01 3.623074e-01 2.742295e-01 2.150543e-01 1.653668e-01 1.313619e-01 9.380678e-02 7.933262e-02 5.950066e-02 4.663610e-02 3.610341e-02 2.993467e-02 2.320414e-02 2.027197e-02 1.597555e-02 1.189900e-02 1.036462e-02 9.128480e-03 7.451582e-03 5.901364e-03 5.151723e-03 4.218794e-03 3.653644e-03 2.600278e-03 2.616246e-03 2.240902e-03 2.000805e-03 1.627813e-03 1.288959e-03 9.817751e-04 9.137366e-04 8.049216e-04 7.439152e-04 5.876490e-04 3.970317e-04 5.629059e-04 4.987949e-04 3.472471e-04 3.655836e-04 2.348694e-04 1.455131e-04 2.379887e-04 1.401732e-04 1.032356e-04 1.014085e-04 8.857319e-05 1.414711e-04 1.390934e-04 6.313585e-05 5.175771e-05 4.074367e-05 4.010203e-05 4.935037e-05 4.859693e-05 4.786615e-05 2.829421e-05 2.788116e-05 2.747999e-05 9.030068e-06 3.561509e-05 1.756192e-05 1.732299e-05 1.709046e-05 0.000000e+00 0.000000e+00 8.214449e-06 0.000000e+00 8.007796e-06 7.908320e-06 7.811286e-06 1.543321e-05 7.624189e-06 1.506792e-05 0.000000e+00 0.000000e+00 0.000000e+00 0.000000e+00 0.000000e+00 0.000000e+00 0.000000e+00 0.000000e+00 6.808768e-06 6.736717e-06 6.666176e-06 0.000000e+00 0.000000e+00 6.463145e-06 0.000000e+00
