# gen_world scan_p2.28_s0.335_k0.217_q0.081 mode set MultipartonInteractions:pT0Ref=2.28;StringPT:sigma=0.335 nev 100000 seed 20260911
SUMMARY nev 100000 nnsd 77986 dnde 2.6409 eps 0.5271 classN 20.6944 18.3434 7.6338 1.1806 meanpt_ch05 0.4486
SPEC pip sel0 meanpt 0.3968 yield 0.94547 3.897932e+00 3.401975e+00 2.922630e+00 2.341721e+00 1.837507e+00 1.450170e+00 1.095965e+00 8.533130e-01 6.512781e-01 5.047007e-01 3.927121e-01 2.975110e-01 2.273642e-01 1.670706e-01 1.311499e-01 1.020939e-01 7.413451e-02 5.685404e-02 4.375225e-02 3.563205e-02 2.772734e-02 2.186926e-02 1.592560e-02 1.451261e-02 1.002259e-02 8.238609e-03 6.211762e-03 6.085093e-03 4.818526e-03 3.298708e-03 3.458918e-03 2.511833e-03 2.238663e-03 1.628878e-03 1.344414e-03 1.357781e-03 1.046498e-03 8.245742e-04 9.448902e-04 5.065329e-04 5.389374e-04 5.040363e-04 4.493787e-04 2.717917e-04 4.087446e-04 2.998209e-04 1.760239e-04 1.723181e-04 2.250202e-04 2.755930e-04 1.080543e-04 1.236155e-04 8.661494e-05 3.399839e-05 5.006184e-05 1.638661e-05 0.000000e+00 7.908320e-05 6.218508e-05 3.056998e-05 4.509703e-05 0.000000e+00 1.455131e-05 0.000000e+00 2.820021e-05 0.000000e+00 0.000000e+00 0.000000e+00 1.327674e-05 0.000000e+00 0.000000e+00 1.271968e-05 1.254423e-05 0.000000e+00 0.000000e+00 1.204579e-05 0.000000e+00 0.000000e+00 1.158544e-05 0.000000e+00 0.000000e+00 0.000000e+00 0.000000e+00 0.000000e+00 1.076280e-05 1.063692e-05 1.051395e-05 0.000000e+00 0.000000e+00 0.000000e+00 0.000000e+00 0.000000e+00 0.000000e+00 0.000000e+00 0.000000e+00 0.000000e+00 0.000000e+00 0.000000e+00 9.233064e-06 0.000000e+00
SPEC pip sel1 meanpt 0.3983 yield 1.61070 4.524077e+00 4.038091e+00 3.455017e+00 2.789502e+00 2.218410e+00 1.720815e+00 1.314410e+00 1.016924e+00 7.774302e-01 6.017609e-01 4.600190e-01 3.503102e-01 2.732405e-01 1.988207e-01 1.575227e-01 1.188149e-01 9.009267e-02 6.927107e-02 5.387750e-02 4.332806e-02 3.440514e-02 2.642617e-02 1.970066e-02 1.656968e-02 1.252810e-02 1.018006e-02 7.701186e-03 7.035243e-03 5.986389e-03 4.316841e-03 4.335894e-03 2.928407e-03 2.737831e-03 2.241850e-03 1.679975e-03 1.655647e-03 1.297175e-03 1.066666e-03 1.144976e-03 6.613272e-04 6.853105e-04 5.704445e-04 4.417763e-04 3.753222e-04 4.035768e-04 2.691184e-04 2.282201e-04 2.406013e-04 2.356404e-04 2.968457e-04 1.454838e-04 1.426589e-04 1.243925e-04 3.051685e-05 5.991381e-05 0.000000e+00 2.889649e-05 5.678788e-05 6.977143e-05 2.743952e-05 4.047896e-05 0.000000e+00 3.918363e-05 1.285552e-05 3.796864e-05 1.246299e-05 1.227557e-05 1.209371e-05 1.191716e-05 1.174569e-05 0.000000e+00 1.141714e-05 1.125967e-05 0.000000e+00 1.095739e-05 1.081226e-05 0.000000e+00 0.000000e+00 0.000000e+00 0.000000e+00 1.014069e-05 0.000000e+00 0.000000e+00 0.000000e+00 9.660659e-06 9.547669e-06 9.437292e-06 0.000000e+00 0.000000e+00 9.120958e-06 0.000000e+00 0.000000e+00 0.000000e+00 0.000000e+00 0.000000e+00 0.000000e+00 0.000000e+00 0.000000e+00 8.287571e-06 0.000000e+00
SPEC pim sel0 meanpt 0.3968 yield 0.93981 3.790616e+00 3.436534e+00 2.925904e+00 2.379919e+00 1.827402e+00 1.424209e+00 1.088690e+00 8.358514e-01 6.564138e-01 4.824908e-01 3.835309e-01 2.963248e-01 2.217620e-01 1.787925e-01 1.279512e-01 1.001576e-01 7.468570e-02 5.680207e-02 4.660352e-02 3.479255e-02 2.564225e-02 2.030415e-02 1.600644e-02 1.168749e-02 1.161877e-02 8.345604e-03 7.241335e-03 5.092958e-03 4.914258e-03 3.483682e-03 3.220372e-03 2.742806e-03 2.042780e-03 1.493138e-03 1.344414e-03 1.229688e-03 9.468318e-04 9.458351e-04 9.921347e-04 8.058478e-04 6.287603e-04 4.382924e-04 4.921766e-04 4.390481e-04 2.861212e-04 2.998209e-04 3.129314e-04 1.723181e-04 1.500135e-04 2.572201e-04 1.980995e-04 8.829678e-05 1.559069e-04 1.189943e-04 6.674912e-05 4.915983e-05 6.438632e-05 6.326656e-05 4.663881e-05 0.000000e+00 3.006469e-05 0.000000e+00 1.455131e-05 4.296646e-05 2.820021e-05 2.776967e-05 1.367604e-05 4.042030e-05 0.000000e+00 2.617142e-05 0.000000e+00 1.271968e-05 0.000000e+00 1.237356e-05 0.000000e+00 0.000000e+00 0.000000e+00 0.000000e+00 0.000000e+00 0.000000e+00 0.000000e+00 0.000000e+00 0.000000e+00 0.000000e+00 1.076280e-05 1.063692e-05 0.000000e+00 0.000000e+00 0.000000e+00 0.000000e+00 0.000000e+00 0.000000e+00 0.000000e+00 0.000000e+00 0.000000e+00 0.000000e+00 0.000000e+00 0.000000e+00 0.000000e+00 0.000000e+00
SPEC pim sel1 meanpt 0.3977 yield 1.59886 4.494689e+00 4.074554e+00 3.468405e+00 2.826353e+00 2.181767e+00 1.693653e+00 1.294441e+00 9.940670e-01 7.776223e-01 5.831143e-01 4.593970e-01 3.494584e-01 2.646201e-01 2.089794e-01 1.512736e-01 1.209742e-01 9.118111e-02 6.829148e-02 5.709867e-02 4.077442e-02 3.078145e-02 2.441383e-02 1.995463e-02 1.559703e-02 1.376092e-02 1.011604e-02 8.563719e-03 5.966599e-03 5.699959e-03 4.344513e-03 3.532951e-03 3.032067e-03 2.461536e-03 1.851963e-03 1.632651e-03 1.517676e-03 1.185350e-03 1.153740e-03 1.038960e-03 9.506578e-04 7.457790e-04 5.114330e-04 5.954376e-04 5.254510e-04 3.485436e-04 3.588245e-04 3.335524e-04 1.890438e-04 1.514831e-04 2.968457e-04 1.778135e-04 1.109569e-04 1.554906e-04 1.068090e-04 7.489227e-05 8.825143e-05 8.668946e-05 7.098484e-05 4.186286e-05 0.000000e+00 4.047896e-05 1.327359e-05 6.530606e-05 5.142209e-05 1.265621e-05 2.492598e-05 1.227557e-05 4.837486e-05 1.191716e-05 2.349139e-05 1.157909e-05 2.283429e-05 1.125967e-05 2.221294e-05 0.000000e+00 0.000000e+00 0.000000e+00 0.000000e+00 0.000000e+00 1.026825e-05 0.000000e+00 0.000000e+00 0.000000e+00 0.000000e+00 9.660659e-06 9.547669e-06 0.000000e+00 0.000000e+00 0.000000e+00 0.000000e+00 0.000000e+00 0.000000e+00 0.000000e+00 0.000000e+00 0.000000e+00 0.000000e+00 0.000000e+00 0.000000e+00 0.000000e+00 0.000000e+00
SPEC kp sel0 meanpt 0.5061 yield 0.10588 2.382777e-01 2.164507e-01 1.891670e-01 1.696787e-01 1.540014e-01 1.261665e-01 1.164105e-01 9.591738e-02 8.431200e-02 6.280039e-02 5.785878e-02 4.381209e-02 3.412282e-02 2.775527e-02 2.076070e-02 1.660492e-02 1.388989e-02 1.008198e-02 7.963892e-03 6.715989e-03 5.101831e-03 3.849329e-03 3.799508e-03 2.979922e-03 2.412845e-03 2.353888e-03 1.510042e-03 1.124419e-03 7.977691e-04 1.079017e-03 1.192730e-03 6.351762e-04 7.275655e-04 3.529235e-04 3.426939e-04 1.793295e-04 2.491663e-04 2.910262e-04 1.653558e-04 1.151211e-04 1.347343e-04 1.095731e-04 8.559594e-05 1.254423e-04 1.430606e-04 3.997612e-05 7.823284e-05 1.148788e-04 1.875169e-05 3.674573e-05 7.203618e-05 5.297807e-05 3.464597e-05 1.699919e-05 0.000000e+00 3.277322e-05 4.828974e-05 0.000000e+00 0.000000e+00 0.000000e+00 1.503234e-05 0.000000e+00 0.000000e+00 0.000000e+00 0.000000e+00 0.000000e+00 1.367604e-05 1.347343e-05 0.000000e+00 0.000000e+00 0.000000e+00 0.000000e+00 0.000000e+00 0.000000e+00 1.220747e-05 0.000000e+00 2.377665e-05 0.000000e+00 0.000000e+00 0.000000e+00 0.000000e+00 0.000000e+00 0.000000e+00 0.000000e+00 0.000000e+00 0.000000e+00 0.000000e+00 0.000000e+00 0.000000e+00 0.000000e+00 0.000000e+00 0.000000e+00 0.000000e+00 0.000000e+00 0.000000e+00 0.000000e+00 0.000000e+00 9.327762e-06 0.000000e+00 0.000000e+00
SPEC kp sel1 meanpt 0.5129 yield 0.18090 2.873467e-01 2.487072e-01 2.125712e-01 2.005829e-01 1.799545e-01 1.537661e-01 1.407848e-01 1.114557e-01 1.002640e-01 7.535975e-02 6.864911e-02 5.181894e-02 4.284077e-02 3.277397e-02 2.533425e-02 2.011848e-02 1.602967e-02 1.208162e-02 1.059017e-02 8.246983e-03 6.411143e-03 5.011860e-03 4.789111e-03 3.543201e-03 3.065386e-03 2.721086e-03 1.694261e-03 1.454544e-03 1.002505e-03 1.328259e-03 1.445298e-03 8.292833e-04 9.042377e-04 4.142548e-04 4.968939e-04 2.989362e-04 3.802065e-04 3.265303e-04 3.180490e-04 1.239988e-04 1.209371e-04 1.573640e-04 1.536613e-04 1.501289e-04 1.650996e-04 3.588245e-05 8.777696e-05 1.203006e-04 3.366292e-05 6.596571e-05 8.082433e-05 4.755295e-05 4.664718e-05 1.525842e-05 0.000000e+00 4.412571e-05 4.334473e-05 1.419697e-05 0.000000e+00 1.371976e-05 1.349299e-05 2.654718e-05 0.000000e+00 0.000000e+00 0.000000e+00 0.000000e+00 1.227557e-05 2.418743e-05 1.191716e-05 0.000000e+00 0.000000e+00 0.000000e+00 0.000000e+00 0.000000e+00 1.095739e-05 0.000000e+00 2.134185e-05 0.000000e+00 0.000000e+00 0.000000e+00 0.000000e+00 0.000000e+00 0.000000e+00 0.000000e+00 0.000000e+00 0.000000e+00 0.000000e+00 0.000000e+00 0.000000e+00 0.000000e+00 0.000000e+00 0.000000e+00 0.000000e+00 0.000000e+00 0.000000e+00 0.000000e+00 0.000000e+00 8.372571e-06 0.000000e+00 0.000000e+00
SPEC km sel0 meanpt 0.5073 yield 0.10129 1.837103e-01 1.970490e-01 1.946238e-01 1.624030e-01 1.473320e-01 1.334421e-01 1.123529e-01 8.815668e-02 7.500344e-02 6.835286e-02 4.867759e-02 3.977885e-02 3.041224e-02 2.856368e-02 2.019621e-02 1.648757e-02 1.267728e-02 1.075757e-02 7.226495e-03 5.736574e-03 5.234922e-03 4.483834e-03 3.395305e-03 2.283317e-03 2.524207e-03 1.890244e-03 1.407084e-03 1.355917e-03 9.892337e-04 9.248713e-04 7.156382e-04 8.661494e-04 3.357994e-04 4.072195e-04 3.426939e-04 3.586590e-04 2.740829e-04 3.152784e-04 1.653558e-04 2.072180e-04 1.796458e-04 1.534024e-04 1.069949e-04 8.362821e-05 1.839351e-04 3.997612e-05 3.911642e-05 0.000000e+00 1.875169e-05 5.511860e-05 3.601809e-05 3.531871e-05 5.196896e-05 0.000000e+00 1.668728e-05 1.638661e-05 1.609658e-05 0.000000e+00 0.000000e+00 1.528499e-05 1.503234e-05 1.478792e-05 2.910262e-05 0.000000e+00 1.410011e-05 0.000000e+00 2.735208e-05 0.000000e+00 1.327674e-05 0.000000e+00 1.290010e-05 0.000000e+00 0.000000e+00 0.000000e+00 1.220747e-05 0.000000e+00 0.000000e+00 1.173493e-05 0.000000e+00 0.000000e+00 0.000000e+00 0.000000e+00 0.000000e+00 0.000000e+00 1.076280e-05 0.000000e+00 1.051395e-05 0.000000e+00 0.000000e+00 0.000000e+00 0.000000e+00 0.000000e+00 0.000000e+00 0.000000e+00 0.000000e+00 0.000000e+00 0.000000e+00 9.327762e-06 0.000000e+00 0.000000e+00
SPEC km sel1 meanpt 0.5095 yield 0.17469 2.367345e-01 2.394555e-01 2.243263e-01 1.989502e-01 1.759635e-01 1.598514e-01 1.362636e-01 1.094965e-01 9.104433e-02 7.785169e-02 5.963065e-02 4.834068e-02 3.663670e-02 3.325771e-02 2.471496e-02 1.996048e-02 1.573282e-02 1.268803e-02 9.487029e-03 7.116686e-03 6.371323e-03 5.467484e-03 3.990926e-03 2.917930e-03 3.098706e-03 2.144856e-03 1.971504e-03 1.632651e-03 1.317578e-03 1.217571e-03 7.494138e-04 8.551984e-04 5.023543e-04 5.117266e-04 4.968939e-04 4.599018e-04 3.354763e-04 3.482990e-04 2.332359e-04 2.066647e-04 2.217181e-04 1.770345e-04 1.344536e-04 1.313628e-04 2.017884e-04 8.970612e-05 5.266618e-05 1.718580e-05 3.366292e-05 6.596571e-05 4.849460e-05 3.170197e-05 4.664718e-05 1.525842e-05 1.497845e-05 1.470857e-05 1.444824e-05 0.000000e+00 0.000000e+00 2.743952e-05 1.349299e-05 1.327359e-05 3.918363e-05 0.000000e+00 1.265621e-05 0.000000e+00 2.455115e-05 1.209371e-05 1.191716e-05 0.000000e+00 2.315818e-05 0.000000e+00 0.000000e+00 0.000000e+00 1.095739e-05 0.000000e+00 0.000000e+00 1.053324e-05 0.000000e+00 0.000000e+00 0.000000e+00 0.000000e+00 9.894857e-06 0.000000e+00 9.660659e-06 0.000000e+00 9.437292e-06 0.000000e+00 0.000000e+00 0.000000e+00 0.000000e+00 0.000000e+00 0.000000e+00 0.000000e+00 0.000000e+00 0.000000e+00 0.000000e+00 8.372571e-06 0.000000e+00 0.000000e+00
SPEC p sel0 meanpt 0.5680 yield 0.05584 8.548894e-02 7.336285e-02 8.730785e-02 7.197701e-02 6.487459e-02 5.853595e-02 5.596657e-02 4.644293e-02 4.119304e-02 3.321911e-02 2.840970e-02 2.530662e-02 2.088113e-02 1.569655e-02 1.499036e-02 1.056143e-02 7.992196e-03 7.431561e-03 5.702540e-03 4.943714e-03 3.637827e-03 2.326517e-03 2.546479e-03 2.167216e-03 1.818914e-03 1.141279e-03 1.544361e-03 8.598501e-04 9.573230e-04 7.090680e-04 5.367286e-04 3.753314e-04 2.798329e-04 4.615154e-04 1.845275e-04 1.793295e-04 2.740829e-04 9.700873e-05 2.598448e-04 1.841938e-04 6.736717e-05 6.574387e-05 4.279797e-05 8.362821e-05 4.087446e-05 5.996419e-05 3.911642e-05 9.573230e-05 1.312618e-04 1.837287e-05 0.000000e+00 1.765936e-05 0.000000e+00 1.699919e-05 0.000000e+00 1.638661e-05 0.000000e+00 1.581664e-05 3.109254e-05 0.000000e+00 0.000000e+00 0.000000e+00 0.000000e+00 0.000000e+00 1.410011e-05 2.776967e-05 0.000000e+00 0.000000e+00 0.000000e+00 0.000000e+00 0.000000e+00 0.000000e+00 0.000000e+00 0.000000e+00 1.220747e-05 0.000000e+00 0.000000e+00 1.173493e-05 0.000000e+00 1.143971e-05 0.000000e+00 0.000000e+00 0.000000e+00 0.000000e+00 0.000000e+00 0.000000e+00 0.000000e+00 0.000000e+00 0.000000e+00 0.000000e+00 0.000000e+00 0.000000e+00 9.831966e-06 0.000000e+00 0.000000e+00 0.000000e+00 0.000000e+00 0.000000e+00 0.000000e+00 0.000000e+00
SPEC p sel1 meanpt 0.5710 yield 0.09638 1.142856e-01 8.598631e-02 1.051428e-01 8.536435e-02 7.800446e-02 6.961032e-02 6.530606e-02 5.834008e-02 4.974785e-02 3.978514e-02 3.350823e-02 3.144629e-02 2.481630e-02 1.983369e-02 1.700209e-02 1.274521e-02 1.053802e-02 8.723023e-03 6.883611e-03 5.567760e-03 4.619209e-03 3.075460e-03 3.083897e-03 2.640032e-03 2.232401e-03 1.440575e-03 1.879089e-03 8.905371e-04 1.260292e-03 6.641294e-04 6.423547e-04 5.442171e-04 4.772366e-04 6.091983e-04 2.602778e-04 3.219313e-04 2.907461e-04 1.523808e-04 2.544392e-04 2.066647e-04 8.062476e-05 9.835250e-05 1.152460e-04 1.501289e-04 3.668880e-05 7.176490e-05 7.022157e-05 1.031148e-04 1.009887e-04 1.649143e-05 0.000000e+00 3.170197e-05 0.000000e+00 3.051685e-05 1.497845e-05 1.470857e-05 1.444824e-05 1.419697e-05 2.790857e-05 0.000000e+00 0.000000e+00 0.000000e+00 0.000000e+00 0.000000e+00 1.265621e-05 2.492598e-05 0.000000e+00 0.000000e+00 0.000000e+00 0.000000e+00 0.000000e+00 0.000000e+00 0.000000e+00 0.000000e+00 1.095739e-05 0.000000e+00 0.000000e+00 1.053324e-05 0.000000e+00 1.026825e-05 0.000000e+00 0.000000e+00 0.000000e+00 0.000000e+00 0.000000e+00 0.000000e+00 0.000000e+00 0.000000e+00 9.224019e-06 0.000000e+00 0.000000e+00 0.000000e+00 8.825143e-06 0.000000e+00 0.000000e+00 0.000000e+00 0.000000e+00 0.000000e+00 0.000000e+00 0.000000e+00
SPEC pbar sel0 meanpt 0.5705 yield 0.04966 6.184306e-02 6.123676e-02 7.093763e-02 7.041794e-02 5.517371e-02 5.307921e-02 5.246866e-02 3.928853e-02 3.541532e-02 3.178312e-02 2.381911e-02 2.325046e-02 1.578817e-02 1.670706e-02 1.147797e-02 9.563965e-03 7.275655e-03 5.560679e-03 5.358421e-03 5.130269e-03 3.549100e-03 3.045623e-03 1.940175e-03 2.012415e-03 1.559069e-03 1.248274e-03 9.609355e-04 8.598501e-04 6.701261e-04 8.323842e-04 7.156382e-04 4.330747e-04 3.637827e-04 1.628878e-04 2.372496e-04 2.818035e-04 1.744164e-04 1.697653e-04 7.086677e-05 2.762907e-04 8.982290e-05 1.534024e-04 4.279797e-05 0.000000e+00 4.087446e-05 9.994031e-05 3.911642e-05 0.000000e+00 0.000000e+00 1.837287e-05 1.800905e-05 1.765936e-05 0.000000e+00 0.000000e+00 5.006184e-05 1.638661e-05 0.000000e+00 0.000000e+00 1.554627e-05 0.000000e+00 0.000000e+00 1.478792e-05 0.000000e+00 0.000000e+00 0.000000e+00 0.000000e+00 0.000000e+00 0.000000e+00 0.000000e+00 0.000000e+00 0.000000e+00 0.000000e+00 1.254423e-05 1.237356e-05 0.000000e+00 0.000000e+00 0.000000e+00 0.000000e+00 0.000000e+00 0.000000e+00 0.000000e+00 0.000000e+00 0.000000e+00 0.000000e+00 0.000000e+00 0.000000e+00 0.000000e+00 0.000000e+00 0.000000e+00 0.000000e+00 0.000000e+00 0.000000e+00 0.000000e+00 0.000000e+00 0.000000e+00 0.000000e+00 0.000000e+00 0.000000e+00 0.000000e+00 0.000000e+00
SPEC pbar sel1 meanpt 0.5738 yield 0.08581 8.653053e-02 7.564618e-02 8.457134e-02 7.953345e-02 6.875277e-02 6.337656e-02 6.204075e-02 4.647614e-02 4.177667e-02 3.901178e-02 2.985420e-02 2.633538e-02 2.037549e-02 1.983369e-02 1.435607e-02 1.158656e-02 8.559051e-03 7.137019e-03 6.574731e-03 6.405017e-03 4.260822e-03 3.872801e-03 2.866210e-03 2.396871e-03 1.732610e-03 1.440575e-03 1.139776e-03 9.795909e-04 1.088434e-03 1.106882e-03 8.297081e-04 5.442171e-04 3.516480e-04 1.705755e-04 3.312626e-04 3.219313e-04 2.012858e-04 2.176869e-04 8.481306e-05 3.099971e-04 1.209371e-04 1.573640e-04 1.152460e-04 0.000000e+00 3.668880e-05 1.076473e-04 3.511078e-05 1.718580e-05 0.000000e+00 1.649143e-05 3.232973e-05 1.585098e-05 1.554906e-05 0.000000e+00 4.493536e-05 1.470857e-05 0.000000e+00 0.000000e+00 1.395429e-05 0.000000e+00 0.000000e+00 1.327359e-05 0.000000e+00 0.000000e+00 0.000000e+00 1.246299e-05 0.000000e+00 0.000000e+00 0.000000e+00 0.000000e+00 0.000000e+00 0.000000e+00 1.125967e-05 1.110647e-05 0.000000e+00 0.000000e+00 0.000000e+00 0.000000e+00 0.000000e+00 0.000000e+00 0.000000e+00 0.000000e+00 0.000000e+00 0.000000e+00 0.000000e+00 0.000000e+00 0.000000e+00 0.000000e+00 0.000000e+00 0.000000e+00 0.000000e+00 0.000000e+00 0.000000e+00 0.000000e+00 0.000000e+00 0.000000e+00 0.000000e+00 0.000000e+00 0.000000e+00 0.000000e+00
SPEC pinc sel0 meanpt 0.5567 yield 0.07362 1.182294e-01 1.024655e-01 1.207759e-01 9.900087e-02 9.215829e-02 7.953613e-02 7.457546e-02 6.317693e-02 5.328347e-02 4.413259e-02 3.828380e-02 3.345219e-02 2.510101e-02 1.913228e-02 1.931812e-02 1.414059e-02 1.041741e-02 8.574879e-03 6.833216e-03 6.529434e-03 4.968740e-03 3.130223e-03 3.314465e-03 2.825121e-03 2.598448e-03 1.283939e-03 1.818914e-03 1.091348e-03 1.212609e-03 8.940423e-04 6.858199e-04 4.042030e-04 4.757159e-04 5.701073e-04 2.636107e-04 2.561850e-04 4.235826e-04 1.455131e-04 2.834671e-04 1.841938e-04 6.736717e-05 1.095731e-04 6.419695e-05 8.362821e-05 4.087446e-05 5.996419e-05 5.867463e-05 9.573230e-05 1.312618e-04 3.674573e-05 0.000000e+00 1.765936e-05 0.000000e+00 1.699919e-05 1.668728e-05 1.638661e-05 0.000000e+00 1.581664e-05 3.109254e-05 0.000000e+00 0.000000e+00 0.000000e+00 0.000000e+00 0.000000e+00 1.410011e-05 2.776967e-05 0.000000e+00 0.000000e+00 0.000000e+00 0.000000e+00 0.000000e+00 0.000000e+00 0.000000e+00 0.000000e+00 1.220747e-05 0.000000e+00 0.000000e+00 1.173493e-05 0.000000e+00 1.143971e-05 0.000000e+00 0.000000e+00 0.000000e+00 0.000000e+00 0.000000e+00 0.000000e+00 0.000000e+00 0.000000e+00 0.000000e+00 0.000000e+00 0.000000e+00 0.000000e+00 9.831966e-06 0.000000e+00 0.000000e+00 0.000000e+00 0.000000e+00 0.000000e+00 0.000000e+00 0.000000e+00
SPEC pinc sel1 meanpt 0.5595 yield 0.12715 1.518366e-01 1.175509e-01 1.430203e-01 1.168512e-01 1.112017e-01 9.677170e-02 9.004701e-02 7.934686e-02 6.415360e-02 5.233077e-02 4.548100e-02 4.081629e-02 3.056323e-02 2.400602e-02 2.173115e-02 1.695851e-02 1.325911e-02 1.040232e-02 8.075006e-03 7.409726e-03 6.212040e-03 4.214519e-03 4.027207e-03 3.369515e-03 2.998748e-03 1.728690e-03 2.156332e-03 1.335806e-03 1.546722e-03 9.131779e-04 9.100024e-04 6.478776e-04 6.530606e-04 7.797738e-04 3.549242e-04 4.139116e-04 4.025716e-04 1.959182e-04 2.968457e-04 2.066647e-04 1.007810e-04 1.376935e-04 1.344536e-04 1.688950e-04 3.668880e-05 7.176490e-05 8.777696e-05 1.031148e-04 1.178202e-04 3.298286e-05 0.000000e+00 3.170197e-05 0.000000e+00 4.577527e-05 2.995691e-05 1.470857e-05 1.444824e-05 1.419697e-05 2.790857e-05 0.000000e+00 0.000000e+00 0.000000e+00 0.000000e+00 0.000000e+00 1.265621e-05 2.492598e-05 0.000000e+00 0.000000e+00 0.000000e+00 0.000000e+00 0.000000e+00 0.000000e+00 0.000000e+00 0.000000e+00 1.095739e-05 0.000000e+00 0.000000e+00 1.053324e-05 0.000000e+00 1.026825e-05 0.000000e+00 0.000000e+00 0.000000e+00 0.000000e+00 0.000000e+00 0.000000e+00 0.000000e+00 0.000000e+00 9.224019e-06 0.000000e+00 0.000000e+00 0.000000e+00 8.825143e-06 0.000000e+00 0.000000e+00 0.000000e+00 0.000000e+00 0.000000e+00 0.000000e+00 0.000000e+00
SPEC pbarinc sel0 meanpt 0.5518 yield 0.06692 9.822134e-02 9.882764e-02 9.712999e-02 9.900087e-02 8.265952e-02 7.589831e-02 6.939855e-02 5.553750e-02 5.071559e-02 4.413259e-02 3.230737e-02 2.823270e-02 2.139042e-02 2.068172e-02 1.505308e-02 1.243902e-02 9.755991e-03 7.275655e-03 6.587417e-03 5.923129e-03 4.303283e-03 3.637827e-03 2.384798e-03 2.283317e-03 2.078758e-03 1.640589e-03 1.407084e-03 1.256704e-03 7.658584e-04 1.140675e-03 8.647294e-04 5.196896e-04 4.477326e-04 2.171837e-04 2.899717e-04 3.330405e-04 1.993330e-04 1.940175e-04 9.448902e-05 2.762907e-04 8.982290e-05 1.534024e-04 6.419695e-05 0.000000e+00 4.087446e-05 9.994031e-05 3.911642e-05 0.000000e+00 3.750337e-05 3.674573e-05 1.800905e-05 1.765936e-05 0.000000e+00 0.000000e+00 5.006184e-05 3.277322e-05 1.609658e-05 0.000000e+00 1.554627e-05 0.000000e+00 0.000000e+00 1.478792e-05 0.000000e+00 0.000000e+00 0.000000e+00 0.000000e+00 0.000000e+00 0.000000e+00 0.000000e+00 0.000000e+00 0.000000e+00 0.000000e+00 1.254423e-05 1.237356e-05 0.000000e+00 0.000000e+00 0.000000e+00 0.000000e+00 0.000000e+00 0.000000e+00 0.000000e+00 0.000000e+00 0.000000e+00 0.000000e+00 0.000000e+00 0.000000e+00 0.000000e+00 0.000000e+00 0.000000e+00 0.000000e+00 0.000000e+00 0.000000e+00 0.000000e+00 0.000000e+00 0.000000e+00 0.000000e+00 0.000000e+00 0.000000e+00 0.000000e+00 0.000000e+00
SPEC pbarinc sel1 meanpt 0.5567 yield 0.11548 1.273468e-01 1.180951e-01 1.182040e-01 1.121865e-01 1.015872e-01 8.920214e-02 8.276287e-02 6.628565e-02 5.973583e-02 5.344785e-02 3.996109e-02 3.244007e-02 2.690610e-02 2.479211e-02 1.857845e-02 1.495719e-02 1.177488e-02 9.096201e-03 8.339760e-03 7.535314e-03 5.375803e-03 4.594205e-03 3.482990e-03 2.848456e-03 2.398998e-03 1.952779e-03 1.632651e-03 1.454544e-03 1.260292e-03 1.438947e-03 1.043826e-03 5.960473e-04 5.023543e-04 2.193114e-04 4.022475e-04 3.909165e-04 2.236509e-04 2.394555e-04 1.272196e-04 3.099971e-04 1.209371e-04 1.573640e-04 1.344536e-04 3.753222e-05 3.668880e-05 1.076473e-04 3.511078e-05 1.718580e-05 3.366292e-05 3.298286e-05 3.232973e-05 1.585098e-05 1.554906e-05 0.000000e+00 5.991381e-05 2.941714e-05 1.444824e-05 0.000000e+00 1.395429e-05 0.000000e+00 0.000000e+00 1.327359e-05 0.000000e+00 0.000000e+00 0.000000e+00 1.246299e-05 0.000000e+00 0.000000e+00 0.000000e+00 0.000000e+00 0.000000e+00 0.000000e+00 1.125967e-05 1.110647e-05 0.000000e+00 0.000000e+00 0.000000e+00 0.000000e+00 0.000000e+00 0.000000e+00 0.000000e+00 0.000000e+00 0.000000e+00 0.000000e+00 0.000000e+00 0.000000e+00 0.000000e+00 0.000000e+00 0.000000e+00 0.000000e+00 0.000000e+00 0.000000e+00 0.000000e+00 0.000000e+00 0.000000e+00 0.000000e+00 0.000000e+00 0.000000e+00 0.000000e+00 0.000000e+00
SPEC chpm sel0eta05 meanpt 0.4486 yield 2.64087 4.022164e+00 3.853672e+00 4.231230e+00 3.956319e+00 3.347488e+00 2.775431e+00 2.210540e+00 1.763691e+00 1.402211e+00 1.094517e+00 8.653178e-01 6.693919e-01 5.155602e-01 4.045601e-01 3.080801e-01 2.424084e-01 1.843882e-01 1.421663e-01 1.148669e-01 8.880030e-02 6.956236e-02 5.463086e-02 4.348820e-02 3.481091e-02 2.946640e-02 2.291831e-02 1.866617e-02 1.465383e-02 1.311213e-02 1.059594e-02 9.351005e-03 6.952292e-03 5.994020e-03 4.769897e-03 3.893530e-03 3.604523e-03 3.052287e-03 2.597409e-03 2.463801e-03 1.901801e-03 1.509025e-03 1.395961e-03 1.243281e-03 1.053715e-03 9.442001e-04 7.275655e-04 6.571559e-04 5.361009e-04 4.856687e-04 6.430503e-04 3.781900e-04 2.966772e-04 3.152784e-04 1.665921e-04 1.868975e-04 1.605888e-04 1.464789e-04 1.439314e-04 1.197063e-04 5.349746e-05 8.418113e-05 5.175771e-05 1.120451e-04 5.012754e-05 6.909052e-05 5.831632e-05 4.786615e-05 7.545123e-05 3.717488e-05 2.747999e-05 2.709020e-05 2.671132e-05 2.634289e-05 2.598448e-05 3.418093e-05 8.432050e-06 1.664365e-05 1.642890e-05 8.109806e-06 1.601559e-05 7.908320e-06 0.000000e+00 7.716603e-06 0.000000e+00 2.260189e-05 1.489169e-05 1.471953e-05 0.000000e+00 7.193444e-06 7.113070e-06 0.000000e+00 0.000000e+00 6.882376e-06 0.000000e+00 0.000000e+00 0.000000e+00 0.000000e+00 1.305887e-05 6.463145e-06 0.000000e+00
