# gen_world scan_p2.60_s0.420_k0.217_q0.081 mode set MultipartonInteractions:pT0Ref=2.60;StringPT:sigma=0.420 nev 100000 seed 20260919
SUMMARY nev 100000 nnsd 77833 dnde 2.1118 eps 0.4974 classN 16.3160 14.9563 7.5697 1.3419 meanpt_ch05 0.4873
SPEC pip sel0 meanpt 0.4312 yield 0.74789 2.757473e+00 2.551330e+00 2.050643e+00 1.673141e+00 1.322754e+00 1.054474e+00 8.138939e-01 6.532325e-01 5.156085e-01 3.941299e-01 3.176170e-01 2.578112e-01 1.938962e-01 1.614791e-01 1.202365e-01 9.599170e-02 7.804793e-02 6.085565e-02 4.675100e-02 3.889677e-02 2.963498e-02 2.267297e-02 1.628938e-02 1.505441e-02 1.158165e-02 8.131614e-03 7.618846e-03 6.052022e-03 5.297187e-03 4.038605e-03 3.608009e-03 2.656191e-03 1.790930e-03 1.574582e-03 1.370775e-03 1.075977e-03 8.969985e-04 1.067096e-03 6.378009e-04 5.986298e-04 4.715702e-04 5.259509e-04 3.209848e-04 3.345129e-04 3.678702e-04 2.598448e-04 9.779106e-05 2.297575e-04 7.500675e-05 1.102372e-04 1.980995e-04 1.059561e-04 1.039379e-04 1.529927e-04 8.343641e-05 1.147063e-04 6.438632e-05 7.908320e-05 4.663881e-05 1.528499e-05 0.000000e+00 0.000000e+00 1.455131e-05 0.000000e+00 4.230032e-05 0.000000e+00 0.000000e+00 2.694687e-05 1.327674e-05 1.308571e-05 1.290010e-05 2.543935e-05 3.763270e-05 1.237356e-05 1.220747e-05 0.000000e+00 1.188832e-05 0.000000e+00 2.317087e-05 0.000000e+00 1.129760e-05 0.000000e+00 0.000000e+00 0.000000e+00 0.000000e+00 0.000000e+00 0.000000e+00 0.000000e+00 1.027635e-05 0.000000e+00 1.004925e-05 0.000000e+00 0.000000e+00 0.000000e+00 0.000000e+00 0.000000e+00 0.000000e+00 0.000000e+00 0.000000e+00 0.000000e+00
SPEC pip sel1 meanpt 0.4343 yield 1.26536 3.281537e+00 3.013801e+00 2.396536e+00 1.968408e+00 1.577152e+00 1.224219e+00 9.664162e-01 7.680912e-01 6.005534e-01 4.647567e-01 3.801429e-01 3.058348e-01 2.350405e-01 1.904263e-01 1.456480e-01 1.174126e-01 9.230221e-02 7.169744e-02 5.495608e-02 4.551049e-02 3.638793e-02 2.822811e-02 2.050279e-02 1.789005e-02 1.448905e-02 1.023215e-02 8.981802e-03 7.138302e-03 6.256450e-03 4.879856e-03 4.290782e-03 3.089959e-03 2.516709e-03 2.099762e-03 1.778110e-03 1.382418e-03 1.165271e-03 1.090574e-03 9.135327e-04 6.212130e-04 5.856786e-04 6.109842e-04 4.233993e-04 4.700749e-04 4.962724e-04 3.056004e-04 1.055394e-04 2.755134e-04 1.180518e-04 9.914308e-05 2.267530e-04 1.588214e-04 1.402166e-04 1.987494e-04 1.350711e-04 1.768498e-04 8.685987e-05 7.112438e-05 4.194515e-05 2.749346e-05 2.703902e-05 1.329968e-05 3.926066e-05 1.288079e-05 5.072437e-05 0.000000e+00 0.000000e+00 2.423497e-05 1.194059e-05 2.353757e-05 1.160185e-05 2.287917e-05 3.384540e-05 2.225661e-05 1.097893e-05 0.000000e+00 1.069190e-05 1.055394e-05 2.083899e-05 0.000000e+00 1.016063e-05 1.003596e-05 0.000000e+00 0.000000e+00 0.000000e+00 0.000000e+00 0.000000e+00 0.000000e+00 9.242151e-06 0.000000e+00 9.037905e-06 8.939130e-06 0.000000e+00 0.000000e+00 0.000000e+00 0.000000e+00 0.000000e+00 0.000000e+00 0.000000e+00 8.220406e-06
SPEC pim sel0 meanpt 0.4334 yield 0.73691 2.677441e+00 2.487668e+00 2.037183e+00 1.645597e+00 1.319723e+00 1.027355e+00 8.175317e-01 6.235236e-01 5.055510e-01 3.899176e-01 3.115539e-01 2.491121e-01 1.960789e-01 1.515088e-01 1.208637e-01 9.810399e-02 7.545736e-02 5.992021e-02 4.547284e-02 3.427953e-02 3.034480e-02 2.478799e-02 1.831040e-02 1.435781e-02 1.158165e-02 8.916243e-03 7.241335e-03 5.985879e-03 5.424830e-03 3.822802e-03 3.399281e-03 2.454090e-03 2.014797e-03 1.818914e-03 1.634386e-03 1.280925e-03 1.195998e-03 7.518176e-04 8.976457e-04 8.979447e-04 4.940259e-04 5.040363e-04 5.563736e-04 3.345129e-04 4.700563e-04 2.998209e-04 3.129314e-04 1.148788e-04 2.812753e-04 1.286101e-04 1.440724e-04 7.063742e-05 8.661494e-05 5.099758e-05 8.343641e-05 4.915983e-05 6.438632e-05 4.744992e-05 4.663881e-05 3.056998e-05 7.516172e-05 1.478792e-05 2.910262e-05 2.864431e-05 2.820021e-05 2.776967e-05 5.470417e-05 1.347343e-05 0.000000e+00 1.308571e-05 2.580019e-05 0.000000e+00 1.254423e-05 0.000000e+00 2.441495e-05 0.000000e+00 0.000000e+00 1.173493e-05 0.000000e+00 1.143971e-05 0.000000e+00 1.115898e-05 0.000000e+00 0.000000e+00 0.000000e+00 0.000000e+00 0.000000e+00 0.000000e+00 0.000000e+00 0.000000e+00 0.000000e+00 0.000000e+00 0.000000e+00 0.000000e+00 0.000000e+00 0.000000e+00 0.000000e+00 0.000000e+00 0.000000e+00 0.000000e+00
SPEC pim sel1 meanpt 0.4337 yield 1.24685 3.193200e+00 2.932008e+00 2.439723e+00 1.946207e+00 1.576243e+00 1.208455e+00 9.593694e-01 7.406087e-01 5.964156e-01 4.604518e-01 3.686919e-01 2.922501e-01 2.314416e-01 1.794600e-01 1.434481e-01 1.134549e-01 9.081506e-02 7.057571e-02 5.469081e-02 4.156764e-02 3.578944e-02 2.955962e-02 2.184783e-02 1.754200e-02 1.358766e-02 1.064913e-02 9.352185e-03 6.900358e-03 6.686940e-03 4.602591e-03 4.263965e-03 3.063993e-03 2.642544e-03 2.075346e-03 1.944066e-03 1.382418e-03 1.389361e-03 9.597050e-04 1.019757e-03 9.732336e-04 5.452869e-04 6.898208e-04 5.773626e-04 3.760600e-04 5.514138e-04 3.775063e-04 3.166182e-04 1.721959e-04 2.866973e-04 1.156669e-04 1.781631e-04 7.941072e-05 1.090574e-04 4.586526e-05 9.004738e-05 7.368742e-05 1.013365e-04 4.267463e-05 6.990858e-05 2.749346e-05 9.463658e-05 3.989904e-05 2.617377e-05 2.576159e-05 2.536218e-05 3.746246e-05 3.689912e-05 3.635246e-05 1.194059e-05 1.176878e-05 2.320370e-05 0.000000e+00 1.128180e-05 1.112830e-05 1.097893e-05 0.000000e+00 0.000000e+00 1.055394e-05 1.041950e-05 2.057687e-05 0.000000e+00 1.003596e-05 0.000000e+00 0.000000e+00 0.000000e+00 0.000000e+00 0.000000e+00 9.347776e-06 0.000000e+00 0.000000e+00 0.000000e+00 0.000000e+00 0.000000e+00 0.000000e+00 0.000000e+00 0.000000e+00 0.000000e+00 0.000000e+00 0.000000e+00 0.000000e+00
SPEC kp sel0 meanpt 0.5604 yield 0.08449 1.473320e-01 1.309618e-01 1.273240e-01 1.086151e-01 1.024655e-01 9.243388e-02 7.989228e-02 7.627311e-02 6.098710e-02 5.217410e-02 4.261455e-02 3.550836e-02 3.099429e-02 2.506059e-02 1.956900e-02 1.625287e-02 1.372453e-02 1.003001e-02 8.799609e-03 6.949183e-03 4.924376e-03 4.399233e-03 3.961190e-03 3.057323e-03 2.895414e-03 1.783249e-03 1.990509e-03 1.289775e-03 9.573230e-04 1.387307e-03 5.367286e-04 5.485613e-04 5.876490e-04 5.158113e-04 2.899717e-04 1.280925e-04 4.983325e-04 2.425218e-04 1.653558e-04 2.993149e-04 8.982290e-05 1.753170e-04 1.711919e-04 1.881635e-04 8.174893e-05 3.997612e-05 7.823284e-05 5.743938e-05 3.750337e-05 1.837287e-05 0.000000e+00 3.531871e-05 5.196896e-05 1.699919e-05 0.000000e+00 4.915983e-05 3.219316e-05 1.581664e-05 1.554627e-05 3.056998e-05 1.503234e-05 0.000000e+00 1.455131e-05 0.000000e+00 0.000000e+00 0.000000e+00 1.367604e-05 0.000000e+00 0.000000e+00 1.308571e-05 1.290010e-05 1.271968e-05 0.000000e+00 1.237356e-05 0.000000e+00 0.000000e+00 0.000000e+00 1.173493e-05 0.000000e+00 0.000000e+00 0.000000e+00 0.000000e+00 0.000000e+00 0.000000e+00 0.000000e+00 0.000000e+00 0.000000e+00 0.000000e+00 1.027635e-05 0.000000e+00 0.000000e+00 0.000000e+00 0.000000e+00 0.000000e+00 0.000000e+00 0.000000e+00 0.000000e+00 0.000000e+00 9.233064e-06 0.000000e+00
SPEC kp sel1 meanpt 0.5654 yield 0.14371 1.832164e-01 1.586785e-01 1.465731e-01 1.271298e-01 1.203267e-01 1.110898e-01 9.437659e-02 8.702780e-02 7.217033e-02 6.276540e-02 5.219175e-02 4.068315e-02 3.513829e-02 3.053607e-02 2.239437e-02 2.036911e-02 1.655689e-02 1.224559e-02 1.092048e-02 9.018207e-03 5.825260e-03 5.478232e-03 4.544058e-03 3.863416e-03 3.505416e-03 2.341526e-03 2.500089e-03 1.606118e-03 1.033175e-03 1.663587e-03 6.704348e-04 6.231851e-04 8.808481e-04 5.859800e-04 3.556219e-04 2.534432e-04 5.154082e-04 3.489836e-04 1.912045e-04 3.934349e-04 1.211749e-04 2.562192e-04 1.732088e-04 1.692270e-04 9.190229e-05 8.988246e-05 1.055394e-04 6.887835e-05 3.372909e-05 4.957154e-05 3.239328e-05 3.176429e-05 4.673888e-05 1.528842e-05 3.001579e-05 4.421245e-05 2.895329e-05 1.422488e-05 2.796343e-05 2.749346e-05 1.351951e-05 0.000000e+00 1.308689e-05 0.000000e+00 0.000000e+00 0.000000e+00 1.229971e-05 0.000000e+00 1.194059e-05 1.176878e-05 1.160185e-05 1.143959e-05 0.000000e+00 1.112830e-05 0.000000e+00 0.000000e+00 0.000000e+00 1.055394e-05 0.000000e+00 0.000000e+00 0.000000e+00 0.000000e+00 0.000000e+00 9.795574e-06 0.000000e+00 0.000000e+00 0.000000e+00 0.000000e+00 9.242151e-06 0.000000e+00 0.000000e+00 0.000000e+00 0.000000e+00 0.000000e+00 0.000000e+00 0.000000e+00 0.000000e+00 0.000000e+00 8.303862e-06 0.000000e+00
SPEC km sel0 meanpt 0.5579 yield 0.07916 1.327807e-01 1.073159e-01 1.105899e-01 1.114734e-01 9.882764e-02 8.747321e-02 7.779354e-02 6.014541e-02 5.649332e-02 4.777042e-02 4.607915e-02 3.400578e-02 2.735646e-02 2.290484e-02 1.963172e-02 1.554878e-02 1.372453e-02 1.112136e-02 8.062212e-03 6.249601e-03 5.323650e-03 4.526134e-03 4.244132e-03 2.747721e-03 2.264362e-03 1.497929e-03 1.132531e-03 1.322846e-03 1.021144e-03 7.090680e-04 8.349112e-04 5.485613e-04 3.917660e-04 4.072195e-04 3.426939e-04 2.305665e-04 1.494998e-04 1.697653e-04 1.889780e-04 2.072180e-04 1.571901e-04 1.314877e-04 8.559594e-05 4.181411e-05 6.131170e-05 1.998806e-05 7.823284e-05 1.914646e-05 5.625506e-05 5.511860e-05 3.601809e-05 7.063742e-05 6.929195e-05 0.000000e+00 3.337456e-05 0.000000e+00 1.609658e-05 1.581664e-05 1.554627e-05 0.000000e+00 0.000000e+00 0.000000e+00 0.000000e+00 2.864431e-05 0.000000e+00 1.388484e-05 0.000000e+00 0.000000e+00 0.000000e+00 0.000000e+00 1.290010e-05 0.000000e+00 0.000000e+00 0.000000e+00 0.000000e+00 1.204579e-05 1.188832e-05 0.000000e+00 1.158544e-05 0.000000e+00 0.000000e+00 0.000000e+00 0.000000e+00 0.000000e+00 0.000000e+00 0.000000e+00 0.000000e+00 0.000000e+00 0.000000e+00 1.016153e-05 0.000000e+00 0.000000e+00 0.000000e+00 0.000000e+00 0.000000e+00 0.000000e+00 0.000000e+00 0.000000e+00 0.000000e+00 0.000000e+00
SPEC km sel1 meanpt 0.5609 yield 0.13665 1.439558e-01 1.363217e-01 1.364308e-01 1.289993e-01 1.208719e-01 1.054387e-01 9.324407e-02 7.361374e-02 6.909106e-02 5.803001e-02 5.304863e-02 4.018528e-02 3.369873e-02 2.702200e-02 2.380460e-02 1.952479e-02 1.586289e-02 1.238580e-02 9.770952e-03 8.514865e-03 6.543443e-03 6.163010e-03 4.871230e-03 3.341333e-03 2.704178e-03 2.084921e-03 1.728457e-03 1.487146e-03 1.176672e-03 9.426995e-04 9.654261e-04 8.049474e-04 5.536760e-04 4.883167e-04 4.267463e-04 2.534432e-04 2.464996e-04 1.526803e-04 2.336944e-04 2.277781e-04 2.221539e-04 1.182550e-04 1.154725e-04 5.640899e-05 9.190229e-05 3.595298e-05 7.035960e-05 1.033175e-04 5.059363e-05 4.957154e-05 3.239328e-05 6.352858e-05 7.789813e-05 0.000000e+00 3.001579e-05 0.000000e+00 2.895329e-05 1.422488e-05 1.398172e-05 0.000000e+00 0.000000e+00 0.000000e+00 0.000000e+00 2.576159e-05 1.268109e-05 2.497497e-05 0.000000e+00 0.000000e+00 0.000000e+00 0.000000e+00 1.160185e-05 0.000000e+00 0.000000e+00 0.000000e+00 0.000000e+00 1.083352e-05 1.069190e-05 0.000000e+00 2.083899e-05 0.000000e+00 0.000000e+00 0.000000e+00 0.000000e+00 9.795574e-06 0.000000e+00 0.000000e+00 0.000000e+00 0.000000e+00 0.000000e+00 9.138887e-06 0.000000e+00 0.000000e+00 0.000000e+00 0.000000e+00 0.000000e+00 0.000000e+00 0.000000e+00 0.000000e+00 0.000000e+00 0.000000e+00
SPEC p sel0 meanpt 0.6166 yield 0.04322 3.092153e-02 5.032328e-02 4.510906e-02 4.521300e-02 4.466443e-02 3.803183e-02 3.399969e-02 3.589323e-02 3.295444e-02 2.623065e-02 2.191358e-02 2.000805e-02 1.586093e-02 1.367554e-02 1.185430e-02 9.563965e-03 7.771722e-03 6.288244e-03 6.341618e-03 4.663881e-03 3.904010e-03 2.876422e-03 2.182696e-03 1.780213e-03 1.781793e-03 1.105614e-03 8.922973e-04 7.606366e-04 8.615907e-04 6.782390e-04 4.770921e-04 4.619463e-04 5.036992e-04 5.158113e-04 2.636107e-04 1.793295e-04 1.744164e-04 1.697653e-04 9.448902e-05 1.381453e-04 1.571901e-04 6.574387e-05 4.279797e-05 2.090705e-05 2.043723e-05 3.997612e-05 1.955821e-05 3.829292e-05 1.875169e-05 7.349146e-05 0.000000e+00 7.063742e-05 5.196896e-05 0.000000e+00 0.000000e+00 3.277322e-05 1.609658e-05 1.581664e-05 0.000000e+00 1.528499e-05 1.503234e-05 0.000000e+00 0.000000e+00 0.000000e+00 0.000000e+00 1.388484e-05 1.367604e-05 0.000000e+00 0.000000e+00 0.000000e+00 0.000000e+00 0.000000e+00 0.000000e+00 0.000000e+00 0.000000e+00 0.000000e+00 0.000000e+00 0.000000e+00 0.000000e+00 0.000000e+00 0.000000e+00 0.000000e+00 0.000000e+00 0.000000e+00 0.000000e+00 0.000000e+00 0.000000e+00 0.000000e+00 0.000000e+00 0.000000e+00 0.000000e+00 0.000000e+00 0.000000e+00 0.000000e+00 0.000000e+00 0.000000e+00 0.000000e+00 0.000000e+00 0.000000e+00 0.000000e+00
SPEC p sel1 meanpt 0.6200 yield 0.07404 3.435308e-02 6.161742e-02 5.790947e-02 5.351602e-02 5.452869e-02 4.669639e-02 3.951233e-02 4.013312e-02 3.762480e-02 3.142575e-02 2.601798e-02 2.297318e-02 1.910685e-02 1.744918e-02 1.393302e-02 1.203149e-02 9.022020e-03 7.992349e-03 7.914029e-03 5.285089e-03 4.668188e-03 3.690198e-03 2.835492e-03 2.088333e-03 2.136635e-03 1.443407e-03 1.203747e-03 1.011259e-03 9.470773e-04 8.595201e-04 7.240695e-04 5.972190e-04 6.040101e-04 5.859800e-04 3.319138e-04 1.843223e-04 2.240905e-04 2.399263e-04 8.497978e-05 1.449497e-04 2.221539e-04 9.854583e-05 3.849084e-05 3.760600e-05 5.514138e-05 3.595298e-05 5.276970e-05 3.443917e-05 3.372909e-05 6.609539e-05 0.000000e+00 4.764643e-05 4.673888e-05 0.000000e+00 0.000000e+00 2.947497e-05 2.895329e-05 1.422488e-05 0.000000e+00 1.374673e-05 1.351951e-05 0.000000e+00 0.000000e+00 0.000000e+00 0.000000e+00 1.248749e-05 1.229971e-05 0.000000e+00 0.000000e+00 0.000000e+00 0.000000e+00 0.000000e+00 0.000000e+00 0.000000e+00 0.000000e+00 0.000000e+00 0.000000e+00 0.000000e+00 0.000000e+00 0.000000e+00 0.000000e+00 0.000000e+00 0.000000e+00 0.000000e+00 0.000000e+00 0.000000e+00 0.000000e+00 0.000000e+00 0.000000e+00 0.000000e+00 0.000000e+00 0.000000e+00 0.000000e+00 0.000000e+00 0.000000e+00 0.000000e+00 0.000000e+00 0.000000e+00 0.000000e+00 0.000000e+00
SPEC pbar sel0 meanpt 0.6078 yield 0.03898 5.092958e-02 3.759088e-02 4.583662e-02 4.339408e-02 3.880349e-02 3.141760e-02 3.036187e-02 3.249792e-02 2.824666e-02 2.422027e-02 2.226004e-02 1.771464e-02 1.549714e-02 1.293450e-02 1.034899e-02 8.331798e-03 6.889824e-03 5.612648e-03 5.407581e-03 3.544550e-03 3.282917e-03 2.622620e-03 1.818914e-03 1.780213e-03 1.707552e-03 1.462264e-03 1.029574e-03 8.598501e-04 6.063045e-04 4.316066e-04 6.858199e-04 3.175881e-04 2.518496e-04 3.257756e-04 3.426939e-04 1.280925e-04 1.993330e-04 1.212609e-04 4.724451e-05 1.151211e-04 4.491145e-05 8.765849e-05 4.279797e-05 4.181411e-05 2.043723e-05 3.997612e-05 3.911642e-05 1.914646e-05 0.000000e+00 0.000000e+00 5.402714e-05 0.000000e+00 0.000000e+00 0.000000e+00 0.000000e+00 0.000000e+00 1.609658e-05 1.581664e-05 1.554627e-05 0.000000e+00 0.000000e+00 0.000000e+00 0.000000e+00 0.000000e+00 0.000000e+00 0.000000e+00 0.000000e+00 0.000000e+00 0.000000e+00 0.000000e+00 0.000000e+00 0.000000e+00 0.000000e+00 0.000000e+00 0.000000e+00 0.000000e+00 1.188832e-05 0.000000e+00 0.000000e+00 0.000000e+00 0.000000e+00 0.000000e+00 0.000000e+00 0.000000e+00 0.000000e+00 0.000000e+00 0.000000e+00 0.000000e+00 0.000000e+00 0.000000e+00 0.000000e+00 0.000000e+00 0.000000e+00 0.000000e+00 0.000000e+00 0.000000e+00 0.000000e+00 0.000000e+00 0.000000e+00 0.000000e+00
SPEC pbar sel1 meanpt 0.6089 yield 0.06627 6.052685e-02 5.343812e-02 5.169320e-02 5.047799e-02 4.489529e-02 3.985552e-02 3.762480e-02 3.489836e-02 3.493044e-02 2.789573e-02 2.617377e-02 2.083944e-02 1.832164e-02 1.593450e-02 1.229716e-02 1.018455e-02 8.278447e-03 7.244526e-03 5.968681e-03 4.110625e-03 3.790409e-03 3.233678e-03 2.326558e-03 2.088333e-03 2.069865e-03 1.507558e-03 1.234612e-03 1.011259e-03 6.600842e-04 5.268026e-04 8.313391e-04 3.894907e-04 3.271722e-04 4.639008e-04 4.030382e-04 1.843223e-04 2.016815e-04 1.090574e-04 8.497978e-05 1.656568e-04 8.078325e-05 9.854583e-05 3.849084e-05 3.760600e-05 5.514138e-05 1.797649e-05 3.517980e-05 5.165876e-05 1.686454e-05 0.000000e+00 6.478657e-05 0.000000e+00 0.000000e+00 0.000000e+00 0.000000e+00 0.000000e+00 1.447664e-05 2.844975e-05 1.398172e-05 0.000000e+00 0.000000e+00 0.000000e+00 0.000000e+00 0.000000e+00 0.000000e+00 0.000000e+00 0.000000e+00 0.000000e+00 0.000000e+00 0.000000e+00 0.000000e+00 0.000000e+00 0.000000e+00 0.000000e+00 0.000000e+00 0.000000e+00 1.069190e-05 0.000000e+00 0.000000e+00 0.000000e+00 0.000000e+00 0.000000e+00 0.000000e+00 0.000000e+00 0.000000e+00 0.000000e+00 0.000000e+00 0.000000e+00 0.000000e+00 0.000000e+00 0.000000e+00 0.000000e+00 0.000000e+00 0.000000e+00 0.000000e+00 0.000000e+00 0.000000e+00 0.000000e+00 0.000000e+00 0.000000e+00
SPEC pinc sel0 meanpt 0.5959 yield 0.05693 6.002415e-02 7.336285e-02 6.839115e-02 6.054384e-02 6.184306e-02 5.555954e-02 4.953042e-02 4.935319e-02 4.301196e-02 3.369777e-02 2.884277e-02 2.609746e-02 2.124491e-02 1.771757e-02 1.411226e-02 1.226300e-02 9.425280e-03 8.003220e-03 7.668933e-03 5.596657e-03 4.480738e-03 3.680128e-03 2.789001e-03 2.167216e-03 2.153000e-03 1.390934e-03 1.166850e-03 9.590636e-04 9.892337e-04 7.090680e-04 5.963651e-04 5.774329e-04 6.156323e-04 6.244032e-04 2.636107e-04 2.818035e-04 2.740829e-04 1.697653e-04 1.181113e-04 1.611696e-04 1.571901e-04 6.574387e-05 4.279797e-05 6.272116e-05 2.043723e-05 3.997612e-05 3.911642e-05 3.829292e-05 3.750337e-05 7.349146e-05 0.000000e+00 7.063742e-05 5.196896e-05 0.000000e+00 0.000000e+00 3.277322e-05 1.609658e-05 1.581664e-05 0.000000e+00 3.056998e-05 1.503234e-05 0.000000e+00 0.000000e+00 0.000000e+00 0.000000e+00 2.776967e-05 1.367604e-05 0.000000e+00 0.000000e+00 0.000000e+00 0.000000e+00 0.000000e+00 0.000000e+00 0.000000e+00 0.000000e+00 0.000000e+00 0.000000e+00 0.000000e+00 0.000000e+00 0.000000e+00 0.000000e+00 0.000000e+00 0.000000e+00 0.000000e+00 0.000000e+00 0.000000e+00 0.000000e+00 0.000000e+00 0.000000e+00 0.000000e+00 0.000000e+00 0.000000e+00 0.000000e+00 0.000000e+00 0.000000e+00 0.000000e+00 0.000000e+00 0.000000e+00 0.000000e+00 0.000000e+00
SPEC pinc sel1 meanpt 0.6027 yield 0.09732 6.216271e-02 8.615534e-02 8.473759e-02 7.221157e-02 7.379550e-02 6.632672e-02 5.662595e-02 5.485587e-02 4.965319e-02 4.037993e-02 3.372989e-02 3.037011e-02 2.584660e-02 2.205383e-02 1.754320e-02 1.540875e-02 1.135188e-02 1.014234e-02 9.549890e-03 6.543443e-03 5.506068e-03 4.793453e-03 3.489836e-03 2.610416e-03 2.570638e-03 1.860391e-03 1.543265e-03 1.308689e-03 1.090574e-03 9.426995e-04 8.313391e-04 7.010832e-04 7.046785e-04 7.080592e-04 3.793300e-04 2.764835e-04 3.361358e-04 2.617377e-04 1.487146e-04 1.656568e-04 2.423497e-04 9.854583e-05 5.773626e-05 7.521199e-05 7.352183e-05 3.595298e-05 7.035960e-05 3.443917e-05 5.059363e-05 6.609539e-05 0.000000e+00 4.764643e-05 4.673888e-05 0.000000e+00 0.000000e+00 2.947497e-05 2.895329e-05 1.422488e-05 0.000000e+00 2.749346e-05 1.351951e-05 0.000000e+00 0.000000e+00 0.000000e+00 0.000000e+00 2.497497e-05 1.229971e-05 0.000000e+00 0.000000e+00 0.000000e+00 0.000000e+00 0.000000e+00 0.000000e+00 0.000000e+00 0.000000e+00 0.000000e+00 0.000000e+00 0.000000e+00 0.000000e+00 0.000000e+00 0.000000e+00 0.000000e+00 0.000000e+00 0.000000e+00 0.000000e+00 0.000000e+00 0.000000e+00 0.000000e+00 0.000000e+00 0.000000e+00 0.000000e+00 0.000000e+00 0.000000e+00 0.000000e+00 0.000000e+00 0.000000e+00 0.000000e+00 0.000000e+00 0.000000e+00 0.000000e+00
SPEC pbarinc sel0 meanpt 0.5880 yield 0.05220 7.821329e-02 5.881154e-02 6.511711e-02 6.418167e-02 5.133378e-02 5.159100e-02 4.309426e-02 4.195627e-02 3.916014e-02 3.245325e-02 2.953569e-02 2.317138e-02 2.080837e-02 1.758283e-02 1.285784e-02 1.073746e-02 8.102433e-03 7.171717e-03 6.636577e-03 4.850436e-03 3.904010e-03 3.172524e-03 2.506059e-03 2.244617e-03 2.078758e-03 1.640589e-03 1.338446e-03 8.929212e-04 8.615907e-04 5.549228e-04 8.050929e-04 4.330747e-04 2.798329e-04 4.072195e-04 3.426939e-04 2.049480e-04 2.989995e-04 1.212609e-04 4.724451e-05 1.381453e-04 4.491145e-05 8.765849e-05 6.419695e-05 8.362821e-05 2.043723e-05 3.997612e-05 3.911642e-05 1.914646e-05 0.000000e+00 0.000000e+00 5.402714e-05 0.000000e+00 0.000000e+00 0.000000e+00 0.000000e+00 0.000000e+00 1.609658e-05 1.581664e-05 1.554627e-05 0.000000e+00 0.000000e+00 0.000000e+00 0.000000e+00 0.000000e+00 0.000000e+00 1.388484e-05 0.000000e+00 0.000000e+00 0.000000e+00 0.000000e+00 0.000000e+00 0.000000e+00 0.000000e+00 0.000000e+00 0.000000e+00 0.000000e+00 1.188832e-05 0.000000e+00 0.000000e+00 0.000000e+00 0.000000e+00 0.000000e+00 0.000000e+00 0.000000e+00 0.000000e+00 0.000000e+00 0.000000e+00 0.000000e+00 0.000000e+00 0.000000e+00 0.000000e+00 0.000000e+00 0.000000e+00 0.000000e+00 0.000000e+00 0.000000e+00 0.000000e+00 0.000000e+00 0.000000e+00 0.000000e+00
SPEC pbarinc sel1 meanpt 0.5905 yield 0.08838 8.997234e-02 7.688546e-02 7.623111e-02 7.384743e-02 6.198095e-02 6.052685e-02 5.171837e-02 4.624033e-02 4.849846e-02 3.762480e-02 3.474257e-02 2.773851e-02 2.388357e-02 2.114502e-02 1.528684e-02 1.308689e-02 9.616879e-03 9.301037e-03 7.073993e-03 5.494815e-03 4.867683e-03 4.032587e-03 3.053607e-03 2.610416e-03 2.637408e-03 1.700012e-03 1.512400e-03 1.130231e-03 8.896787e-04 6.654349e-04 9.922434e-04 5.193209e-04 4.026734e-04 5.371483e-04 4.030382e-04 2.764835e-04 3.137267e-04 1.090574e-04 8.497978e-05 1.863639e-04 8.078325e-05 1.182550e-04 5.773626e-05 9.401499e-05 5.514138e-05 1.797649e-05 3.517980e-05 5.165876e-05 3.372909e-05 0.000000e+00 6.478657e-05 0.000000e+00 0.000000e+00 0.000000e+00 0.000000e+00 0.000000e+00 1.447664e-05 2.844975e-05 1.398172e-05 0.000000e+00 0.000000e+00 0.000000e+00 0.000000e+00 0.000000e+00 0.000000e+00 1.248749e-05 0.000000e+00 1.211749e-05 0.000000e+00 0.000000e+00 0.000000e+00 0.000000e+00 0.000000e+00 0.000000e+00 0.000000e+00 0.000000e+00 1.069190e-05 0.000000e+00 0.000000e+00 0.000000e+00 0.000000e+00 0.000000e+00 0.000000e+00 0.000000e+00 0.000000e+00 0.000000e+00 0.000000e+00 0.000000e+00 0.000000e+00 0.000000e+00 0.000000e+00 0.000000e+00 0.000000e+00 0.000000e+00 0.000000e+00 0.000000e+00 0.000000e+00 0.000000e+00 0.000000e+00 0.000000e+00
SPEC chpm sel0eta05 meanpt 0.4873 yield 2.11180 2.900440e+00 2.829563e+00 2.948823e+00 2.769114e+00 2.419721e+00 1.994935e+00 1.635721e+00 1.322217e+00 1.079408e+00 8.611120e-01 7.048290e-01 5.700792e-01 4.537826e-01 3.676361e-01 2.884546e-01 2.347689e-01 1.875135e-01 1.460588e-01 1.171724e-01 9.324031e-02 7.502797e-02 6.096745e-02 4.668545e-02 3.822428e-02 3.094752e-02 2.291831e-02 2.041988e-02 1.530202e-02 1.367057e-02 1.085491e-02 9.288387e-03 6.891662e-03 6.033197e-03 5.168972e-03 4.096510e-03 3.030669e-03 3.174378e-03 2.393690e-03 2.050412e-03 2.030736e-03 1.398992e-03 1.472663e-03 1.108467e-03 9.805408e-04 1.044343e-03 7.275655e-04 5.339392e-04 5.495034e-04 4.594163e-04 3.215251e-04 4.160090e-04 3.090387e-04 3.274045e-04 2.141898e-04 2.336219e-04 2.523538e-04 2.253521e-04 1.550031e-04 1.305887e-04 8.559594e-05 1.157490e-04 4.140616e-05 6.111550e-05 5.012754e-05 6.909052e-05 7.775509e-05 5.743938e-05 4.715702e-05 2.788116e-05 3.663999e-05 4.515034e-05 2.671132e-05 3.512385e-05 3.464597e-05 2.563570e-05 8.432050e-06 2.496548e-05 2.464335e-05 4.054903e-05 1.601559e-05 7.908320e-06 1.562257e-05 0.000000e+00 1.524838e-05 0.000000e+00 0.000000e+00 0.000000e+00 7.275655e-06 1.438689e-05 7.113070e-06 7.034473e-06 6.957593e-06 0.000000e+00 0.000000e+00 0.000000e+00 0.000000e+00 0.000000e+00 0.000000e+00 6.463145e-06 6.398189e-06
