# gen_world scan_p2.60_s0.380_k0.270_q0.110 mode set MultipartonInteractions:pT0Ref=2.60;StringPT:sigma=0.380;StringFlav:probStoUD=0.270;StringFlav:probQQtoQ=0.110 nev 100000 seed 20260928
SUMMARY nev 100000 nnsd 77856 dnde 2.0988 eps 0.5101 classN 17.0643 15.3197 7.1033 1.1244 meanpt_ch05 0.4601
SPEC pip sel0 meanpt 0.4013 yield 0.73447 2.993932e+00 2.786576e+00 2.359859e+00 1.806701e+00 1.375099e+00 1.065057e+00 8.323629e-01 6.510498e-01 4.961354e-01 3.879073e-01 2.907663e-01 2.294995e-01 1.829100e-01 1.362838e-01 1.078177e-01 7.932810e-02 6.564625e-02 4.952642e-02 3.736147e-02 2.882279e-02 2.196005e-02 1.708933e-02 1.410669e-02 1.075868e-02 8.574879e-03 7.596639e-03 6.280400e-03 4.464606e-03 3.286809e-03 2.990417e-03 2.743280e-03 2.223117e-03 2.070763e-03 1.438842e-03 8.962763e-04 8.710291e-04 1.096332e-03 5.578002e-04 7.559122e-04 4.835087e-04 4.042030e-04 3.287193e-04 2.353888e-04 2.926987e-04 1.021862e-04 2.398567e-04 1.564657e-04 2.106111e-04 7.500675e-05 7.349146e-05 1.260633e-04 5.297807e-05 6.929195e-05 8.499596e-05 1.668728e-05 1.638661e-05 1.609658e-05 1.107165e-04 0.000000e+00 4.585497e-05 3.006469e-05 1.478792e-05 0.000000e+00 1.432215e-05 0.000000e+00 1.388484e-05 2.735208e-05 1.347343e-05 2.655348e-05 1.308571e-05 1.290010e-05 0.000000e+00 0.000000e+00 0.000000e+00 0.000000e+00 1.204579e-05 0.000000e+00 0.000000e+00 1.158544e-05 0.000000e+00 0.000000e+00 0.000000e+00 1.102372e-05 0.000000e+00 1.076280e-05 0.000000e+00 0.000000e+00 0.000000e+00 0.000000e+00 0.000000e+00 0.000000e+00 0.000000e+00 9.831966e-06 0.000000e+00 0.000000e+00 0.000000e+00 0.000000e+00 9.327762e-06 0.000000e+00 0.000000e+00
SPEC pip sel1 meanpt 0.4036 yield 1.24155 3.548769e+00 3.293105e+00 2.751032e+00 2.131131e+00 1.622658e+00 1.261322e+00 9.881454e-01 7.632852e-01 5.860424e-01 4.564425e-01 3.483354e-01 2.703350e-01 2.141036e-01 1.626292e-01 1.276158e-01 9.701482e-02 7.671407e-02 5.859324e-02 4.526018e-02 3.501385e-02 2.704356e-02 2.137400e-02 1.700793e-02 1.294384e-02 1.037964e-02 9.010610e-03 7.683189e-03 5.560284e-03 4.361007e-03 3.714247e-03 3.297565e-03 2.492004e-03 2.440486e-03 1.781829e-03 1.185056e-03 1.082574e-03 1.299341e-03 7.413712e-04 8.495468e-04 6.210294e-04 4.845563e-04 4.728803e-04 3.463152e-04 3.571514e-04 1.837503e-04 2.695677e-04 1.758470e-04 2.065740e-04 1.011574e-04 1.156328e-04 1.781104e-04 7.938726e-05 9.345015e-05 7.641951e-05 3.000693e-05 4.419939e-05 1.447237e-05 1.279861e-04 0.000000e+00 4.122801e-05 4.054655e-05 1.329575e-05 1.308302e-05 2.575398e-05 0.000000e+00 2.496760e-05 1.229607e-05 2.422782e-05 2.387412e-05 1.176531e-05 2.319684e-05 0.000000e+00 0.000000e+00 0.000000e+00 2.195138e-05 1.083031e-05 0.000000e+00 0.000000e+00 1.041642e-05 0.000000e+00 0.000000e+00 0.000000e+00 9.911379e-06 0.000000e+00 9.676790e-06 0.000000e+00 0.000000e+00 0.000000e+00 0.000000e+00 0.000000e+00 0.000000e+00 0.000000e+00 8.839879e-06 0.000000e+00 0.000000e+00 0.000000e+00 0.000000e+00 8.386552e-06 0.000000e+00 0.000000e+00
SPEC pim sel0 meanpt 0.4013 yield 0.72938 3.072145e+00 2.666527e+00 2.268913e+00 1.817874e+00 1.394905e+00 1.056127e+00 8.220090e-01 6.429253e-01 4.967774e-01 3.789084e-01 2.992546e-01 2.349562e-01 1.762891e-01 1.416058e-01 1.110165e-01 7.938678e-02 6.195330e-02 5.040989e-02 3.652575e-02 2.826312e-02 2.138333e-02 1.607412e-02 1.568308e-02 1.099088e-02 8.315034e-03 7.453979e-03 5.353784e-03 4.464606e-03 3.605917e-03 3.360366e-03 2.027641e-03 1.905529e-03 1.427148e-03 1.004475e-03 1.001721e-03 9.478846e-04 5.730824e-04 6.548089e-04 5.669341e-04 5.986298e-04 2.694687e-04 5.259509e-04 2.567878e-04 2.090705e-04 2.452468e-04 1.798926e-04 1.955821e-04 9.573230e-05 1.312618e-04 3.674573e-05 1.080543e-04 1.412748e-04 8.661494e-05 5.099758e-05 3.337456e-05 3.277322e-05 4.828974e-05 0.000000e+00 3.109254e-05 6.113995e-05 0.000000e+00 2.957583e-05 4.365393e-05 4.296646e-05 0.000000e+00 4.165451e-05 2.735208e-05 0.000000e+00 0.000000e+00 0.000000e+00 0.000000e+00 0.000000e+00 0.000000e+00 1.237356e-05 0.000000e+00 0.000000e+00 0.000000e+00 0.000000e+00 0.000000e+00 0.000000e+00 0.000000e+00 0.000000e+00 0.000000e+00 0.000000e+00 0.000000e+00 0.000000e+00 0.000000e+00 0.000000e+00 0.000000e+00 1.016153e-05 1.004925e-05 0.000000e+00 0.000000e+00 9.726811e-06 0.000000e+00 0.000000e+00 9.424423e-06 0.000000e+00 0.000000e+00 9.140270e-06
SPEC pim sel1 meanpt 0.4041 yield 1.22678 3.506249e+00 3.112669e+00 2.679730e+00 2.101694e+00 1.630471e+00 1.252105e+00 9.687725e-01 7.518376e-01 5.880625e-01 4.563564e-01 3.521513e-01 2.683441e-01 2.086742e-01 1.660817e-01 1.293640e-01 9.595973e-02 7.532648e-02 5.906049e-02 4.393420e-02 3.459453e-02 2.616604e-02 1.989075e-02 1.871599e-02 1.322220e-02 1.027952e-02 8.850279e-03 6.448942e-03 5.292676e-03 4.561843e-03 4.102303e-03 2.573709e-03 2.388170e-03 2.063092e-03 1.098388e-03 1.327263e-03 9.904399e-04 6.720730e-04 8.722014e-04 6.159214e-04 6.624314e-04 3.836071e-04 5.911003e-04 3.847947e-04 2.631642e-04 2.205003e-04 2.156542e-04 2.813553e-04 1.205015e-04 1.854552e-04 9.911379e-05 1.457267e-04 1.746520e-04 7.787512e-05 6.113561e-05 4.501039e-05 4.419939e-05 4.341710e-05 1.422067e-05 4.193276e-05 5.497067e-05 8.109310e-05 1.329575e-05 3.924906e-05 3.863097e-05 0.000000e+00 3.745139e-05 2.459214e-05 1.211391e-05 0.000000e+00 0.000000e+00 0.000000e+00 0.000000e+00 0.000000e+00 1.112502e-05 1.097569e-05 0.000000e+00 0.000000e+00 0.000000e+00 0.000000e+00 0.000000e+00 0.000000e+00 0.000000e+00 9.911379e-06 0.000000e+00 0.000000e+00 0.000000e+00 0.000000e+00 0.000000e+00 0.000000e+00 9.136187e-06 1.807047e-05 0.000000e+00 0.000000e+00 8.745334e-06 0.000000e+00 0.000000e+00 8.473459e-06 0.000000e+00 0.000000e+00 8.217978e-06
SPEC kp sel0 meanpt 0.5240 yield 0.09540 1.600644e-01 1.552140e-01 1.593368e-01 1.496706e-01 1.325786e-01 1.246783e-01 9.612259e-02 8.512516e-02 7.297054e-02 5.849243e-02 4.815790e-02 3.827627e-02 3.194012e-02 2.506059e-02 2.088615e-02 1.613552e-02 1.416548e-02 1.039379e-02 8.504650e-03 7.275655e-03 4.569466e-03 4.187731e-03 3.718668e-03 2.979922e-03 2.412845e-03 1.961574e-03 1.818914e-03 1.521273e-03 9.892337e-04 8.632133e-04 8.050929e-04 5.196896e-04 4.757159e-04 5.701073e-04 1.845275e-04 3.586590e-04 1.993330e-04 1.697653e-04 1.889780e-04 2.993149e-04 1.122786e-04 4.382924e-05 1.497929e-04 6.272116e-05 8.174893e-05 7.995225e-05 5.867463e-05 7.658584e-05 1.875169e-05 0.000000e+00 5.402714e-05 3.531871e-05 0.000000e+00 3.399839e-05 3.337456e-05 0.000000e+00 0.000000e+00 1.581664e-05 1.554627e-05 1.528499e-05 4.509703e-05 2.957583e-05 0.000000e+00 1.432215e-05 1.410011e-05 0.000000e+00 0.000000e+00 2.694687e-05 0.000000e+00 0.000000e+00 0.000000e+00 0.000000e+00 1.254423e-05 1.237356e-05 0.000000e+00 0.000000e+00 0.000000e+00 0.000000e+00 0.000000e+00 0.000000e+00 0.000000e+00 0.000000e+00 0.000000e+00 0.000000e+00 0.000000e+00 0.000000e+00 0.000000e+00 0.000000e+00 0.000000e+00 0.000000e+00 0.000000e+00 0.000000e+00 0.000000e+00 0.000000e+00 0.000000e+00 0.000000e+00 0.000000e+00 0.000000e+00 0.000000e+00 0.000000e+00
SPEC kp sel1 meanpt 0.5258 yield 0.16212 2.044222e-01 1.957002e-01 1.831623e-01 1.710138e-01 1.600853e-01 1.424265e-01 1.110799e-01 1.001941e-01 8.831039e-02 6.971873e-02 5.754971e-02 4.756816e-02 3.682870e-02 3.113274e-02 2.515098e-02 1.920250e-02 1.694846e-02 1.298957e-02 1.051946e-02 9.057476e-03 6.022976e-03 4.715972e-03 4.142956e-03 3.757889e-03 2.670004e-03 2.244636e-03 2.036508e-03 1.635378e-03 1.118943e-03 1.081012e-03 9.651408e-04 6.489593e-04 5.031931e-04 6.102155e-04 3.555169e-04 4.146028e-04 2.464268e-04 1.962453e-04 2.336254e-04 4.140196e-04 1.211391e-04 1.773301e-04 1.346782e-04 7.518977e-05 9.187514e-05 7.188473e-05 7.033882e-05 5.164350e-05 1.685956e-05 0.000000e+00 6.476743e-05 3.175490e-05 1.557502e-05 3.056780e-05 3.000693e-05 0.000000e+00 1.447237e-05 2.844135e-05 1.397759e-05 1.374267e-05 4.054655e-05 3.988726e-05 0.000000e+00 1.287699e-05 1.267735e-05 1.248380e-05 0.000000e+00 1.211391e-05 0.000000e+00 0.000000e+00 0.000000e+00 0.000000e+00 1.127847e-05 1.112502e-05 0.000000e+00 1.083031e-05 0.000000e+00 0.000000e+00 0.000000e+00 0.000000e+00 0.000000e+00 0.000000e+00 0.000000e+00 0.000000e+00 0.000000e+00 0.000000e+00 0.000000e+00 0.000000e+00 0.000000e+00 0.000000e+00 0.000000e+00 0.000000e+00 0.000000e+00 0.000000e+00 0.000000e+00 0.000000e+00 0.000000e+00 0.000000e+00 0.000000e+00 0.000000e+00
SPEC km sel0 meanpt 0.5246 yield 0.09348 1.673401e-01 1.837103e-01 1.633384e-01 1.309618e-01 1.214630e-01 1.185601e-01 9.724192e-02 7.857707e-02 6.976069e-02 6.002415e-02 4.772483e-02 3.985793e-02 3.135807e-02 2.485849e-02 2.000805e-02 1.725034e-02 1.405524e-02 1.091348e-02 8.799609e-03 6.529434e-03 5.856015e-03 3.849329e-03 3.071943e-03 2.399418e-03 2.375724e-03 1.640589e-03 1.956190e-03 1.157490e-03 1.308341e-03 6.782390e-04 5.665469e-04 6.640478e-04 3.357994e-04 3.529235e-04 3.954160e-04 2.049480e-04 2.242496e-04 9.700873e-05 1.653558e-04 9.209689e-05 1.347343e-04 1.534024e-04 8.559594e-05 4.181411e-05 1.634979e-04 9.994031e-05 5.867463e-05 0.000000e+00 1.875169e-05 0.000000e+00 9.004523e-05 1.765936e-05 6.929195e-05 5.099758e-05 1.668728e-05 4.915983e-05 1.609658e-05 3.163328e-05 3.109254e-05 3.056998e-05 0.000000e+00 1.478792e-05 0.000000e+00 0.000000e+00 1.410011e-05 1.388484e-05 0.000000e+00 1.347343e-05 0.000000e+00 0.000000e+00 0.000000e+00 0.000000e+00 0.000000e+00 1.237356e-05 0.000000e+00 0.000000e+00 0.000000e+00 0.000000e+00 0.000000e+00 1.143971e-05 0.000000e+00 0.000000e+00 0.000000e+00 0.000000e+00 1.076280e-05 0.000000e+00 0.000000e+00 0.000000e+00 0.000000e+00 0.000000e+00 0.000000e+00 0.000000e+00 0.000000e+00 0.000000e+00 0.000000e+00 0.000000e+00 0.000000e+00 9.327762e-06 0.000000e+00 0.000000e+00
SPEC km sel1 meanpt 0.5272 yield 0.15714 1.847977e-01 2.104186e-01 1.861060e-01 1.527910e-01 1.422778e-01 1.409398e-01 1.171182e-01 9.278042e-02 8.157648e-02 7.032123e-02 5.575859e-02 4.451071e-02 3.728661e-02 3.070876e-02 2.317725e-02 1.999381e-02 1.675023e-02 1.331665e-02 1.091725e-02 7.589829e-03 6.541510e-03 4.373684e-03 4.288323e-03 3.305550e-03 2.703379e-03 1.956040e-03 2.345070e-03 1.367770e-03 1.463233e-03 8.869844e-04 6.702367e-04 7.008761e-04 4.025545e-04 4.393552e-04 4.740225e-04 2.994353e-04 2.016219e-04 1.962453e-04 1.911480e-04 1.035049e-04 1.413289e-04 1.773301e-04 9.619868e-05 7.518977e-05 1.286252e-04 1.257983e-04 7.033882e-05 1.721450e-05 3.371912e-05 0.000000e+00 8.095928e-05 3.175490e-05 6.230010e-05 4.585171e-05 1.500346e-05 4.419939e-05 1.447237e-05 2.844135e-05 2.795517e-05 2.748534e-05 0.000000e+00 1.329575e-05 0.000000e+00 1.287699e-05 2.535469e-05 1.248380e-05 0.000000e+00 1.211391e-05 0.000000e+00 0.000000e+00 1.159842e-05 0.000000e+00 0.000000e+00 2.225003e-05 0.000000e+00 0.000000e+00 0.000000e+00 0.000000e+00 0.000000e+00 1.028539e-05 0.000000e+00 0.000000e+00 0.000000e+00 0.000000e+00 9.676790e-06 0.000000e+00 0.000000e+00 0.000000e+00 9.239421e-06 0.000000e+00 0.000000e+00 0.000000e+00 0.000000e+00 0.000000e+00 0.000000e+00 0.000000e+00 0.000000e+00 8.386552e-06 0.000000e+00 0.000000e+00
SPEC p sel0 meanpt 0.5724 yield 0.05135 7.093763e-02 6.426828e-02 7.057385e-02 6.444151e-02 5.476951e-02 5.059887e-02 5.176908e-02 4.474528e-02 3.851817e-02 3.140019e-02 2.711047e-02 2.253871e-02 2.080837e-02 1.414711e-02 1.367321e-02 1.114818e-02 7.992196e-03 7.639437e-03 4.522704e-03 4.104215e-03 3.504736e-03 3.468626e-03 2.182696e-03 2.205917e-03 1.113621e-03 1.248274e-03 1.029574e-03 8.598501e-04 6.382153e-04 5.857518e-04 2.981826e-04 4.619463e-04 4.757159e-04 3.257756e-04 2.108885e-04 3.586590e-04 1.245831e-04 1.697653e-04 4.724451e-05 1.611696e-04 8.982290e-05 6.574387e-05 1.283939e-04 0.000000e+00 4.087446e-05 7.995225e-05 3.911642e-05 3.829292e-05 3.750337e-05 0.000000e+00 3.601809e-05 1.765936e-05 5.196896e-05 1.699919e-05 0.000000e+00 1.638661e-05 1.609658e-05 1.581664e-05 0.000000e+00 0.000000e+00 0.000000e+00 1.478792e-05 1.455131e-05 0.000000e+00 0.000000e+00 0.000000e+00 1.367604e-05 0.000000e+00 0.000000e+00 0.000000e+00 0.000000e+00 0.000000e+00 1.254423e-05 0.000000e+00 0.000000e+00 0.000000e+00 0.000000e+00 0.000000e+00 0.000000e+00 0.000000e+00 0.000000e+00 0.000000e+00 0.000000e+00 1.089170e-05 0.000000e+00 0.000000e+00 0.000000e+00 0.000000e+00 0.000000e+00 0.000000e+00 0.000000e+00 0.000000e+00 0.000000e+00 0.000000e+00 0.000000e+00 0.000000e+00 0.000000e+00 0.000000e+00 0.000000e+00 0.000000e+00
SPEC p sel1 meanpt 0.5773 yield 0.08758 7.522737e-02 7.631762e-02 8.373133e-02 7.639549e-02 6.468827e-02 6.229302e-02 5.975418e-02 5.342233e-02 4.425139e-02 3.701118e-02 3.278543e-02 2.645045e-02 2.453066e-02 1.695947e-02 1.657934e-02 1.324128e-02 9.663595e-03 9.111389e-03 5.524924e-03 5.157729e-03 4.467373e-03 4.335652e-03 2.907338e-03 2.609645e-03 1.635378e-03 1.378848e-03 1.388528e-03 8.622900e-04 8.607250e-04 6.375201e-04 5.361894e-04 5.191675e-04 5.031931e-04 4.393552e-04 2.133101e-04 4.146028e-04 1.568170e-04 2.398554e-04 1.061933e-04 1.656079e-04 1.211391e-04 5.911003e-05 1.346782e-04 1.879744e-05 3.675006e-05 7.188473e-05 5.275411e-05 3.442900e-05 6.743825e-05 1.651897e-05 4.857557e-05 1.587745e-05 4.672507e-05 1.528390e-05 1.500346e-05 1.473313e-05 1.447237e-05 1.422067e-05 2.795517e-05 0.000000e+00 0.000000e+00 1.329575e-05 1.308302e-05 0.000000e+00 0.000000e+00 0.000000e+00 2.459214e-05 0.000000e+00 0.000000e+00 0.000000e+00 0.000000e+00 0.000000e+00 1.127847e-05 0.000000e+00 0.000000e+00 0.000000e+00 0.000000e+00 0.000000e+00 0.000000e+00 0.000000e+00 0.000000e+00 0.000000e+00 0.000000e+00 9.792680e-06 0.000000e+00 0.000000e+00 0.000000e+00 0.000000e+00 0.000000e+00 0.000000e+00 0.000000e+00 0.000000e+00 0.000000e+00 0.000000e+00 0.000000e+00 0.000000e+00 0.000000e+00 0.000000e+00 0.000000e+00 0.000000e+00
SPEC pbar sel0 meanpt 0.5787 yield 0.04694 4.729175e-02 6.305567e-02 6.184306e-02 5.352803e-02 5.638632e-02 4.365393e-02 4.211485e-02 3.977358e-02 3.338241e-02 3.005994e-02 2.555141e-02 1.969172e-02 1.811638e-02 1.670706e-02 1.229335e-02 9.211917e-03 8.047315e-03 6.859903e-03 5.555061e-03 4.197493e-03 3.460372e-03 2.961022e-03 2.101856e-03 1.780213e-03 1.113621e-03 1.069949e-03 8.922973e-04 4.299250e-04 7.020368e-04 5.240938e-04 4.472738e-04 4.330747e-04 3.357994e-04 2.714796e-04 3.426939e-04 2.561850e-04 1.494998e-04 1.940175e-04 2.362226e-05 1.381453e-04 1.571901e-04 4.382924e-05 4.279797e-05 8.362821e-05 1.021862e-04 7.995225e-05 0.000000e+00 3.829292e-05 1.875169e-05 1.837287e-05 1.800905e-05 0.000000e+00 0.000000e+00 0.000000e+00 0.000000e+00 0.000000e+00 1.609658e-05 0.000000e+00 0.000000e+00 0.000000e+00 1.503234e-05 1.478792e-05 0.000000e+00 0.000000e+00 0.000000e+00 0.000000e+00 0.000000e+00 0.000000e+00 2.655348e-05 0.000000e+00 0.000000e+00 0.000000e+00 0.000000e+00 0.000000e+00 0.000000e+00 0.000000e+00 0.000000e+00 0.000000e+00 0.000000e+00 0.000000e+00 0.000000e+00 0.000000e+00 0.000000e+00 0.000000e+00 0.000000e+00 0.000000e+00 0.000000e+00 0.000000e+00 0.000000e+00 0.000000e+00 1.004925e-05 0.000000e+00 0.000000e+00 0.000000e+00 0.000000e+00 0.000000e+00 0.000000e+00 0.000000e+00 0.000000e+00 0.000000e+00
SPEC pbar sel1 meanpt 0.5795 yield 0.07911 6.377972e-02 7.141149e-02 7.228369e-02 6.564873e-02 6.705048e-02 5.441347e-02 4.868393e-02 4.524545e-02 3.886427e-02 3.425686e-02 2.982617e-02 2.524170e-02 2.073659e-02 1.938225e-02 1.353416e-02 1.113112e-02 9.267139e-03 8.083438e-03 6.453111e-03 4.906133e-03 4.307824e-03 3.422883e-03 2.398554e-03 2.331283e-03 1.335002e-03 1.442980e-03 1.049110e-03 7.136193e-04 8.033434e-04 6.375201e-04 5.898083e-04 5.710842e-04 4.528738e-04 3.905379e-04 3.555169e-04 2.533684e-04 1.792195e-04 1.962453e-04 1.061933e-04 1.242059e-04 1.413289e-04 5.911003e-05 5.771921e-05 7.518977e-05 9.187514e-05 7.188473e-05 0.000000e+00 3.442900e-05 3.371912e-05 3.303793e-05 3.238371e-05 0.000000e+00 0.000000e+00 0.000000e+00 0.000000e+00 0.000000e+00 1.447237e-05 0.000000e+00 0.000000e+00 0.000000e+00 1.351552e-05 1.329575e-05 0.000000e+00 0.000000e+00 1.267735e-05 0.000000e+00 0.000000e+00 0.000000e+00 3.581119e-05 0.000000e+00 0.000000e+00 0.000000e+00 0.000000e+00 0.000000e+00 0.000000e+00 0.000000e+00 0.000000e+00 0.000000e+00 0.000000e+00 0.000000e+00 0.000000e+00 0.000000e+00 0.000000e+00 0.000000e+00 0.000000e+00 0.000000e+00 0.000000e+00 0.000000e+00 0.000000e+00 0.000000e+00 9.035235e-06 0.000000e+00 0.000000e+00 0.000000e+00 0.000000e+00 0.000000e+00 0.000000e+00 0.000000e+00 0.000000e+00 0.000000e+00
SPEC pinc sel0 meanpt 0.5561 yield 0.07270 9.822134e-02 1.012529e-01 1.029505e-01 1.008198e-01 8.286162e-02 7.755186e-02 7.583471e-02 6.160054e-02 5.553036e-02 4.700456e-02 3.733104e-02 3.321494e-02 2.764749e-02 1.940175e-02 1.775009e-02 1.466866e-02 1.113396e-02 9.666227e-03 6.194138e-03 5.596657e-03 4.569466e-03 4.272332e-03 2.991102e-03 2.825121e-03 1.893155e-03 1.711919e-03 1.510042e-03 1.157490e-03 8.296799e-04 8.323842e-04 3.876373e-04 6.063045e-04 5.596657e-04 3.529235e-04 2.372496e-04 4.611330e-04 1.993330e-04 1.940175e-04 7.086677e-05 1.611696e-04 1.571901e-04 1.095731e-04 1.283939e-04 0.000000e+00 6.131170e-05 7.995225e-05 3.911642e-05 3.829292e-05 5.625506e-05 0.000000e+00 3.601809e-05 1.765936e-05 5.196896e-05 3.399839e-05 1.668728e-05 1.638661e-05 1.609658e-05 1.581664e-05 0.000000e+00 1.528499e-05 0.000000e+00 1.478792e-05 1.455131e-05 0.000000e+00 0.000000e+00 0.000000e+00 1.367604e-05 0.000000e+00 0.000000e+00 0.000000e+00 0.000000e+00 0.000000e+00 1.254423e-05 0.000000e+00 0.000000e+00 0.000000e+00 0.000000e+00 0.000000e+00 0.000000e+00 0.000000e+00 0.000000e+00 0.000000e+00 0.000000e+00 1.089170e-05 0.000000e+00 0.000000e+00 0.000000e+00 0.000000e+00 0.000000e+00 0.000000e+00 1.004925e-05 0.000000e+00 0.000000e+00 0.000000e+00 0.000000e+00 0.000000e+00 0.000000e+00 0.000000e+00 0.000000e+00 0.000000e+00
SPEC pinc sel1 meanpt 0.5586 yield 0.12442 1.112057e-01 1.231984e-01 1.249428e-01 1.165791e-01 9.685069e-02 9.589259e-02 8.755560e-02 7.533639e-02 6.387592e-02 5.577498e-02 4.617995e-02 3.875134e-02 3.238048e-02 2.319813e-02 2.193662e-02 1.809466e-02 1.367770e-02 1.154109e-02 7.955891e-03 6.876972e-03 5.783652e-03 5.400549e-03 3.779539e-03 3.375141e-03 2.536504e-03 1.763642e-03 1.851371e-03 1.189365e-03 1.090252e-03 9.701392e-04 6.434272e-04 6.489593e-04 6.038317e-04 4.881724e-04 2.844135e-04 5.067367e-04 2.464268e-04 2.398554e-04 1.274320e-04 1.656079e-04 2.018985e-04 9.851672e-05 1.346782e-04 1.879744e-05 5.512509e-05 7.188473e-05 5.275411e-05 3.442900e-05 8.429781e-05 1.651897e-05 4.857557e-05 1.587745e-05 4.672507e-05 3.056780e-05 3.000693e-05 1.473313e-05 1.447237e-05 1.422067e-05 2.795517e-05 1.374267e-05 0.000000e+00 1.329575e-05 1.308302e-05 0.000000e+00 0.000000e+00 0.000000e+00 2.459214e-05 0.000000e+00 0.000000e+00 0.000000e+00 0.000000e+00 0.000000e+00 1.127847e-05 0.000000e+00 0.000000e+00 0.000000e+00 0.000000e+00 0.000000e+00 0.000000e+00 0.000000e+00 0.000000e+00 0.000000e+00 0.000000e+00 9.792680e-06 0.000000e+00 0.000000e+00 0.000000e+00 0.000000e+00 0.000000e+00 0.000000e+00 9.035235e-06 0.000000e+00 0.000000e+00 0.000000e+00 0.000000e+00 0.000000e+00 0.000000e+00 0.000000e+00 0.000000e+00 0.000000e+00
SPEC pbarinc sel0 meanpt 0.5531 yield 0.06734 8.912677e-02 9.579612e-02 9.931268e-02 8.289049e-02 8.589314e-02 6.978014e-02 6.464139e-02 6.075172e-02 4.953865e-02 4.173928e-02 3.611843e-02 2.831179e-02 2.517376e-02 2.344378e-02 1.662111e-02 1.202830e-02 1.118907e-02 8.522910e-03 7.275655e-03 5.876490e-03 4.525102e-03 3.637827e-03 2.789001e-03 2.089816e-03 1.559069e-03 1.319604e-03 1.201169e-03 5.291385e-04 8.615907e-04 7.090680e-04 4.770921e-04 5.196896e-04 3.917660e-04 3.257756e-04 3.954160e-04 2.561850e-04 1.993330e-04 2.425218e-04 9.448902e-05 1.611696e-04 1.796458e-04 6.574387e-05 6.419695e-05 1.045353e-04 1.021862e-04 9.994031e-05 0.000000e+00 3.829292e-05 1.875169e-05 1.837287e-05 1.800905e-05 0.000000e+00 0.000000e+00 0.000000e+00 1.668728e-05 0.000000e+00 1.609658e-05 0.000000e+00 0.000000e+00 0.000000e+00 1.503234e-05 1.478792e-05 0.000000e+00 0.000000e+00 0.000000e+00 0.000000e+00 0.000000e+00 0.000000e+00 2.655348e-05 0.000000e+00 0.000000e+00 0.000000e+00 0.000000e+00 0.000000e+00 0.000000e+00 0.000000e+00 0.000000e+00 0.000000e+00 0.000000e+00 0.000000e+00 0.000000e+00 0.000000e+00 0.000000e+00 0.000000e+00 0.000000e+00 0.000000e+00 0.000000e+00 0.000000e+00 0.000000e+00 0.000000e+00 1.004925e-05 0.000000e+00 0.000000e+00 0.000000e+00 0.000000e+00 0.000000e+00 0.000000e+00 0.000000e+00 0.000000e+00 0.000000e+00
SPEC pbarinc sel1 meanpt 0.5573 yield 0.11443 1.193826e-01 1.090252e-01 1.125140e-01 1.018607e-01 1.010300e-01 8.637767e-02 7.610796e-02 6.944903e-02 5.694962e-02 4.914740e-02 4.259769e-02 3.583610e-02 2.917514e-02 2.719572e-02 1.877865e-02 1.498217e-02 1.268657e-02 1.079349e-02 8.707280e-03 7.086636e-03 5.624103e-03 4.373684e-03 3.270755e-03 2.888007e-03 1.935753e-03 1.795709e-03 1.388528e-03 9.812265e-04 1.090252e-03 8.592662e-04 6.434272e-04 6.749177e-04 5.535124e-04 4.637638e-04 4.029191e-04 2.533684e-04 2.240243e-04 2.834654e-04 1.699094e-04 1.242059e-04 1.615188e-04 7.881338e-05 7.695894e-05 1.127847e-04 9.187514e-05 1.078271e-04 0.000000e+00 3.442900e-05 3.371912e-05 3.303793e-05 3.238371e-05 0.000000e+00 0.000000e+00 0.000000e+00 1.500346e-05 0.000000e+00 2.894474e-05 0.000000e+00 0.000000e+00 0.000000e+00 1.351552e-05 1.329575e-05 0.000000e+00 0.000000e+00 1.267735e-05 0.000000e+00 0.000000e+00 0.000000e+00 3.581119e-05 0.000000e+00 1.159842e-05 0.000000e+00 0.000000e+00 0.000000e+00 0.000000e+00 0.000000e+00 0.000000e+00 0.000000e+00 0.000000e+00 0.000000e+00 0.000000e+00 0.000000e+00 0.000000e+00 0.000000e+00 0.000000e+00 0.000000e+00 0.000000e+00 0.000000e+00 0.000000e+00 0.000000e+00 9.035235e-06 0.000000e+00 0.000000e+00 0.000000e+00 0.000000e+00 0.000000e+00 0.000000e+00 0.000000e+00 0.000000e+00 0.000000e+00
SPEC chpm sel0eta05 meanpt 0.4601 yield 2.09883 3.082513e+00 3.047711e+00 3.362371e+00 3.049591e+00 2.536293e+00 2.085219e+00 1.697424e+00 1.364149e+00 1.095660e+00 8.669421e-01 6.833659e-01 5.388018e-01 4.305078e-01 3.386346e-01 2.677754e-01 2.051148e-01 1.644408e-01 1.292156e-01 9.903739e-02 7.815732e-02 6.015280e-02 4.710986e-02 4.046072e-02 3.063902e-02 2.390572e-02 2.044673e-02 1.693649e-02 1.261665e-02 1.078903e-02 9.236382e-03 6.867144e-03 5.982205e-03 5.190900e-03 3.686694e-03 3.118514e-03 2.869272e-03 2.337179e-03 1.969277e-03 1.620487e-03 1.692280e-03 1.131768e-03 1.242559e-03 9.436952e-04 7.024770e-04 6.294667e-04 6.995822e-04 5.202484e-04 3.752706e-04 3.544069e-04 2.186371e-04 4.286153e-04 2.472310e-04 2.303957e-04 1.903910e-04 1.284921e-04 1.147063e-04 1.014085e-04 1.660747e-04 7.617672e-05 1.176944e-04 1.473170e-04 9.316387e-05 6.111550e-05 7.017856e-05 3.948030e-05 6.803570e-05 5.743938e-05 5.658842e-05 4.646860e-05 9.159997e-06 3.612027e-05 0.000000e+00 1.756192e-05 4.330747e-05 2.563570e-05 1.686410e-05 0.000000e+00 0.000000e+00 8.109806e-06 8.007796e-06 0.000000e+00 0.000000e+00 1.543321e-05 7.624189e-06 1.506792e-05 0.000000e+00 0.000000e+00 0.000000e+00 7.193444e-06 7.113070e-06 2.813789e-05 0.000000e+00 6.882376e-06 6.808768e-06 0.000000e+00 0.000000e+00 6.597096e-06 1.305887e-05 0.000000e+00 6.398189e-06
