# gen_world scan_p2.60_s0.335_k0.217_q0.081 mode set MultipartonInteractions:pT0Ref=2.60;StringPT:sigma=0.335 nev 100000 seed 20260917
SUMMARY nev 100000 nnsd 77821 dnde 2.1858 eps 0.5179 classN 18.4811 16.4055 6.6210 0.8944 meanpt_ch05 0.4377
SPEC pip sel0 meanpt 0.3877 yield 0.79062 2.983018e+00 2.963010e+00 2.431160e+00 2.012758e+00 1.593975e+00 1.235042e+00 9.424771e-01 7.134992e-01 5.418223e-01 4.208392e-01 3.310423e-01 2.468187e-01 1.880757e-01 1.378332e-01 1.049325e-01 8.237919e-02 6.052022e-02 4.843507e-02 3.333036e-02 2.751690e-02 1.876587e-02 1.666632e-02 1.265155e-02 9.791173e-03 7.832465e-03 6.669350e-03 4.804678e-03 3.836254e-03 2.616683e-03 2.712956e-03 2.027641e-03 2.194245e-03 1.371181e-03 9.230308e-04 7.908320e-04 7.941736e-04 7.225821e-04 5.092958e-04 5.433119e-04 4.374602e-04 2.694687e-04 2.410608e-04 3.209848e-04 2.926987e-04 1.839351e-04 1.199284e-04 9.779106e-05 1.340252e-04 7.500675e-05 1.469829e-04 1.080543e-04 5.297807e-05 3.464597e-05 5.099758e-05 1.668728e-05 4.915983e-05 6.438632e-05 3.163328e-05 1.554627e-05 1.528499e-05 4.509703e-05 2.957583e-05 1.455131e-05 2.864431e-05 1.410011e-05 0.000000e+00 0.000000e+00 2.694687e-05 0.000000e+00 1.308571e-05 1.290010e-05 0.000000e+00 1.254423e-05 0.000000e+00 0.000000e+00 0.000000e+00 1.188832e-05 0.000000e+00 0.000000e+00 0.000000e+00 1.129760e-05 0.000000e+00 0.000000e+00 0.000000e+00 1.076280e-05 0.000000e+00 0.000000e+00 0.000000e+00 0.000000e+00 0.000000e+00 0.000000e+00 0.000000e+00 0.000000e+00 0.000000e+00 0.000000e+00 0.000000e+00 0.000000e+00 0.000000e+00 0.000000e+00 0.000000e+00
SPEC pip sel1 meanpt 0.3898 yield 1.34077 3.641988e+00 3.511099e+00 2.898865e+00 2.366053e+00 1.887166e+00 1.448109e+00 1.105257e+00 8.533966e-01 6.461684e-01 5.029756e-01 3.875251e-01 2.880982e-01 2.266344e-01 1.662170e-01 1.252473e-01 9.531678e-02 7.332761e-02 5.777816e-02 4.152190e-02 3.234470e-02 2.378350e-02 2.012800e-02 1.537946e-02 1.145279e-02 9.382608e-03 7.891839e-03 5.988791e-03 4.551369e-03 3.415745e-03 2.967188e-03 2.762617e-03 2.804765e-03 1.912994e-03 1.245399e-03 1.090742e-03 1.060017e-03 9.189128e-04 6.980749e-04 7.224395e-04 4.970470e-04 4.039785e-04 4.139563e-04 3.272226e-04 3.008944e-04 2.389828e-04 1.258549e-04 1.583335e-04 2.066669e-04 1.012029e-04 2.148431e-04 1.457923e-04 4.765378e-05 4.674609e-05 4.587233e-05 1.501021e-05 5.895903e-05 5.791551e-05 2.845414e-05 2.796774e-05 2.749770e-05 6.760798e-05 2.660346e-05 1.308890e-05 2.576556e-05 2.536609e-05 2.497883e-05 1.230160e-05 2.423871e-05 0.000000e+00 1.177060e-05 3.481092e-05 0.000000e+00 1.128354e-05 0.000000e+00 1.098062e-05 0.000000e+00 1.069355e-05 1.055557e-05 2.084220e-05 0.000000e+00 1.016219e-05 0.000000e+00 0.000000e+00 0.000000e+00 9.681142e-06 9.567913e-06 0.000000e+00 0.000000e+00 0.000000e+00 0.000000e+00 0.000000e+00 0.000000e+00 0.000000e+00 0.000000e+00 0.000000e+00 0.000000e+00 0.000000e+00 0.000000e+00 0.000000e+00 0.000000e+00
SPEC pim sel0 meanpt 0.3889 yield 0.77755 3.110342e+00 2.881159e+00 2.456625e+00 1.940521e+00 1.557192e+00 1.206767e+00 9.157531e-01 6.993117e-01 5.425712e-01 4.114574e-01 3.177902e-01 2.441298e-01 1.809455e-01 1.432900e-01 1.079431e-01 7.745052e-02 5.870130e-02 4.651222e-02 3.510012e-02 2.397235e-02 1.929823e-02 1.493201e-02 1.321744e-02 1.029428e-02 8.240792e-03 6.812010e-03 4.770358e-03 4.398464e-03 3.861203e-03 2.404665e-03 1.759277e-03 1.732299e-03 1.706980e-03 1.058771e-03 1.265331e-03 7.685551e-04 5.481658e-04 6.305567e-04 5.669341e-04 2.993149e-04 4.266588e-04 2.629755e-04 1.497929e-04 1.672564e-04 2.248096e-04 1.599045e-04 1.173493e-04 1.148788e-04 5.625506e-05 1.102372e-04 5.402714e-05 1.059561e-04 6.929195e-05 6.799677e-05 1.668728e-05 3.277322e-05 3.219316e-05 4.744992e-05 4.663881e-05 4.585497e-05 4.509703e-05 2.957583e-05 2.910262e-05 1.432215e-05 2.820021e-05 1.388484e-05 0.000000e+00 1.347343e-05 1.327674e-05 0.000000e+00 3.870029e-05 2.543935e-05 0.000000e+00 1.237356e-05 2.441495e-05 0.000000e+00 0.000000e+00 1.173493e-05 0.000000e+00 1.143971e-05 0.000000e+00 0.000000e+00 2.204744e-05 0.000000e+00 0.000000e+00 0.000000e+00 0.000000e+00 0.000000e+00 0.000000e+00 0.000000e+00 0.000000e+00 0.000000e+00 0.000000e+00 0.000000e+00 0.000000e+00 0.000000e+00 0.000000e+00 0.000000e+00 0.000000e+00 0.000000e+00
SPEC pim sel1 meanpt 0.3904 yield 1.31481 3.772877e+00 3.437474e+00 2.890685e+00 2.297804e+00 1.822448e+00 1.404082e+00 1.091665e+00 8.329997e-01 6.411638e-01 4.877339e-01 3.696836e-01 2.913704e-01 2.132837e-01 1.688832e-01 1.277861e-01 9.341678e-02 7.094781e-02 5.567459e-02 4.147768e-02 2.953394e-02 2.354407e-02 1.742651e-02 1.603391e-02 1.242750e-02 9.649728e-03 8.340969e-03 5.896181e-03 5.443794e-03 4.391672e-03 2.883996e-03 2.440759e-03 2.207454e-03 2.038849e-03 1.367497e-03 1.422707e-03 1.036973e-03 6.275502e-04 8.944085e-04 6.799431e-04 4.763367e-04 4.847742e-04 2.562587e-04 2.309807e-04 2.068649e-04 2.389828e-04 1.977719e-04 1.231483e-04 1.377779e-04 8.433572e-05 9.915837e-05 9.719484e-05 1.111921e-04 7.791015e-05 7.645388e-05 1.501021e-05 5.895903e-05 2.895775e-05 7.113535e-05 4.195162e-05 4.124655e-05 6.760798e-05 3.990520e-05 2.617781e-05 2.576556e-05 3.804914e-05 3.746824e-05 1.230160e-05 2.423871e-05 3.582729e-05 0.000000e+00 3.481092e-05 2.288270e-05 0.000000e+00 1.113002e-05 3.294187e-05 0.000000e+00 0.000000e+00 1.055557e-05 0.000000e+00 1.029002e-05 0.000000e+00 0.000000e+00 1.983167e-05 1.959417e-05 0.000000e+00 0.000000e+00 0.000000e+00 0.000000e+00 0.000000e+00 0.000000e+00 0.000000e+00 0.000000e+00 0.000000e+00 0.000000e+00 0.000000e+00 0.000000e+00 0.000000e+00 0.000000e+00 0.000000e+00 0.000000e+00
SPEC kp sel0 meanpt 0.4832 yield 0.08636 1.837103e-01 1.697653e-01 1.618833e-01 1.397965e-01 1.374290e-01 1.197176e-01 9.472343e-02 7.954716e-02 7.072364e-02 5.619486e-02 4.374054e-02 3.440119e-02 2.699268e-02 2.081646e-02 1.850274e-02 1.337782e-02 1.008670e-02 7.795344e-03 6.734896e-03 4.897075e-03 3.460372e-03 2.749521e-03 2.789001e-03 1.857614e-03 1.670431e-03 9.272893e-04 1.166850e-03 8.598501e-04 7.977691e-04 8.940423e-04 5.963651e-04 4.042030e-04 3.357994e-04 2.171837e-04 2.108885e-04 2.049480e-04 2.491663e-04 1.455131e-04 9.448902e-05 6.907267e-05 1.347343e-04 4.382924e-05 4.279797e-05 4.181411e-05 6.131170e-05 3.997612e-05 1.955821e-05 3.829292e-05 0.000000e+00 5.511860e-05 1.800905e-05 0.000000e+00 1.732299e-05 0.000000e+00 0.000000e+00 0.000000e+00 1.609658e-05 3.163328e-05 0.000000e+00 0.000000e+00 0.000000e+00 0.000000e+00 0.000000e+00 0.000000e+00 0.000000e+00 0.000000e+00 0.000000e+00 1.347343e-05 0.000000e+00 0.000000e+00 0.000000e+00 0.000000e+00 0.000000e+00 0.000000e+00 0.000000e+00 0.000000e+00 0.000000e+00 1.173493e-05 0.000000e+00 0.000000e+00 0.000000e+00 0.000000e+00 0.000000e+00 0.000000e+00 0.000000e+00 1.063692e-05 0.000000e+00 0.000000e+00 0.000000e+00 0.000000e+00 0.000000e+00 0.000000e+00 0.000000e+00 0.000000e+00 0.000000e+00 0.000000e+00 0.000000e+00 0.000000e+00 0.000000e+00 0.000000e+00
SPEC kp sel1 meanpt 0.4887 yield 0.14852 2.143308e-01 1.957882e-01 1.989513e-01 1.703895e-01 1.590665e-01 1.366898e-01 1.164157e-01 9.576715e-02 8.421170e-02 6.966397e-02 5.235562e-02 4.189872e-02 3.298404e-02 2.520826e-02 2.189006e-02 1.572780e-02 1.224606e-02 9.723186e-03 8.357442e-03 6.082984e-03 4.629003e-03 3.234177e-03 3.344942e-03 2.193088e-03 2.036794e-03 1.507790e-03 1.389153e-03 8.924253e-04 9.759271e-04 9.428448e-04 7.241812e-04 5.194010e-04 5.537613e-04 2.930352e-04 3.319650e-04 2.534823e-04 2.465376e-04 1.308890e-04 1.062411e-04 8.284117e-05 1.615914e-04 9.856103e-05 7.699356e-05 9.402949e-05 9.191646e-05 3.595853e-05 3.518523e-05 5.166673e-05 1.686714e-05 8.263197e-05 3.239828e-05 0.000000e+00 3.116406e-05 0.000000e+00 0.000000e+00 1.473976e-05 1.447888e-05 4.268121e-05 0.000000e+00 0.000000e+00 0.000000e+00 0.000000e+00 2.617781e-05 0.000000e+00 0.000000e+00 0.000000e+00 0.000000e+00 1.211936e-05 0.000000e+00 0.000000e+00 0.000000e+00 0.000000e+00 0.000000e+00 0.000000e+00 0.000000e+00 0.000000e+00 0.000000e+00 1.055557e-05 0.000000e+00 0.000000e+00 0.000000e+00 0.000000e+00 0.000000e+00 0.000000e+00 0.000000e+00 9.567913e-06 0.000000e+00 0.000000e+00 9.243577e-06 0.000000e+00 0.000000e+00 0.000000e+00 0.000000e+00 0.000000e+00 0.000000e+00 0.000000e+00 0.000000e+00 0.000000e+00 0.000000e+00 0.000000e+00
SPEC km sel0 meanpt 0.4889 yield 0.08379 1.436942e-01 1.624896e-01 1.527887e-01 1.325209e-01 1.279303e-01 1.073159e-01 9.892092e-02 7.772824e-02 7.029566e-02 5.380155e-02 4.512638e-02 3.424303e-02 2.706543e-02 2.122066e-02 1.568029e-02 1.372986e-02 9.370161e-03 7.015810e-03 6.538257e-03 5.176908e-03 3.460372e-03 3.299425e-03 2.506059e-03 2.322017e-03 1.744672e-03 9.986193e-04 1.201169e-03 6.944943e-04 5.424830e-04 9.248713e-04 5.367286e-04 2.598448e-04 2.798329e-04 2.986276e-04 3.163328e-04 1.537110e-04 7.474988e-05 9.700873e-05 4.724451e-05 1.611696e-04 1.796458e-04 1.534024e-04 4.279797e-05 8.362821e-05 2.043723e-05 3.997612e-05 3.911642e-05 3.829292e-05 3.750337e-05 1.837287e-05 1.800905e-05 3.531871e-05 0.000000e+00 0.000000e+00 1.668728e-05 0.000000e+00 0.000000e+00 3.163328e-05 1.554627e-05 0.000000e+00 0.000000e+00 0.000000e+00 0.000000e+00 0.000000e+00 0.000000e+00 0.000000e+00 0.000000e+00 0.000000e+00 0.000000e+00 0.000000e+00 0.000000e+00 0.000000e+00 0.000000e+00 1.237356e-05 0.000000e+00 0.000000e+00 0.000000e+00 0.000000e+00 0.000000e+00 0.000000e+00 0.000000e+00 0.000000e+00 0.000000e+00 1.089170e-05 0.000000e+00 0.000000e+00 0.000000e+00 0.000000e+00 1.027635e-05 0.000000e+00 0.000000e+00 0.000000e+00 0.000000e+00 0.000000e+00 0.000000e+00 0.000000e+00 0.000000e+00 0.000000e+00 0.000000e+00 0.000000e+00
SPEC km sel1 meanpt 0.4910 yield 0.14208 1.783363e-01 1.941521e-01 1.816085e-01 1.610403e-01 1.507042e-01 1.252370e-01 1.142762e-01 9.554900e-02 7.988081e-02 6.518619e-02 5.165443e-02 4.054715e-02 3.167515e-02 2.423871e-02 1.822291e-02 1.746947e-02 1.140321e-02 9.162233e-03 7.782592e-03 6.334694e-03 4.549192e-03 4.071258e-03 2.726855e-03 2.819684e-03 2.170354e-03 1.251145e-03 1.450893e-03 8.031828e-04 6.601860e-04 9.705755e-04 7.241812e-04 3.635807e-04 3.523936e-04 3.418744e-04 2.845414e-04 1.843508e-04 1.344750e-04 1.527039e-04 4.249644e-05 1.863926e-04 2.423871e-04 1.379854e-04 5.774517e-05 7.522359e-05 3.676659e-05 7.191706e-05 7.037045e-05 3.444449e-05 6.746858e-05 3.305279e-05 1.619914e-05 4.765378e-05 0.000000e+00 1.529078e-05 1.501021e-05 0.000000e+00 0.000000e+00 1.422707e-05 2.796774e-05 0.000000e+00 0.000000e+00 0.000000e+00 0.000000e+00 0.000000e+00 0.000000e+00 0.000000e+00 0.000000e+00 0.000000e+00 0.000000e+00 0.000000e+00 0.000000e+00 0.000000e+00 0.000000e+00 1.113002e-05 0.000000e+00 0.000000e+00 0.000000e+00 0.000000e+00 0.000000e+00 0.000000e+00 0.000000e+00 0.000000e+00 0.000000e+00 9.797084e-06 0.000000e+00 0.000000e+00 0.000000e+00 0.000000e+00 9.243577e-06 0.000000e+00 0.000000e+00 0.000000e+00 0.000000e+00 0.000000e+00 0.000000e+00 0.000000e+00 0.000000e+00 0.000000e+00 0.000000e+00 0.000000e+00
SPEC p sel0 meanpt 0.5340 yield 0.04564 9.094568e-02 7.639437e-02 7.021007e-02 6.132337e-02 5.476951e-02 5.026816e-02 4.953042e-02 4.001610e-02 3.541532e-02 2.814530e-02 2.546479e-02 1.961263e-02 1.651574e-02 1.226083e-02 1.016083e-02 8.331798e-03 7.275655e-03 6.236275e-03 3.785307e-03 3.684466e-03 2.617461e-03 2.495719e-03 1.374290e-03 1.431911e-03 1.373465e-03 9.986193e-04 1.166850e-03 5.291385e-04 3.829292e-04 4.316066e-04 2.683643e-04 1.732299e-04 3.357994e-04 1.628878e-04 1.318053e-04 1.280925e-04 9.966650e-05 9.700873e-05 7.086677e-05 4.604845e-05 1.122786e-04 2.191462e-05 4.279797e-05 4.181411e-05 2.043723e-05 3.997612e-05 7.823284e-05 0.000000e+00 1.875169e-05 5.511860e-05 3.601809e-05 0.000000e+00 3.464597e-05 0.000000e+00 0.000000e+00 0.000000e+00 1.609658e-05 0.000000e+00 0.000000e+00 0.000000e+00 0.000000e+00 0.000000e+00 0.000000e+00 0.000000e+00 0.000000e+00 0.000000e+00 0.000000e+00 0.000000e+00 0.000000e+00 0.000000e+00 0.000000e+00 0.000000e+00 0.000000e+00 0.000000e+00 0.000000e+00 0.000000e+00 0.000000e+00 0.000000e+00 0.000000e+00 0.000000e+00 0.000000e+00 0.000000e+00 0.000000e+00 0.000000e+00 0.000000e+00 0.000000e+00 0.000000e+00 0.000000e+00 0.000000e+00 0.000000e+00 0.000000e+00 0.000000e+00 0.000000e+00 0.000000e+00 0.000000e+00 0.000000e+00 0.000000e+00 0.000000e+00 0.000000e+00 0.000000e+00
SPEC p sel1 meanpt 0.5417 yield 0.07790 1.063473e-01 8.780473e-02 8.180565e-02 7.315763e-02 6.508094e-02 6.142861e-02 5.638297e-02 4.930154e-02 4.196149e-02 3.444449e-02 2.898257e-02 2.354580e-02 1.910980e-02 1.393726e-02 1.246831e-02 9.763901e-03 8.725936e-03 7.245644e-03 5.306313e-03 4.153210e-03 3.072700e-03 2.853686e-03 1.926978e-03 1.879789e-03 1.769673e-03 1.219065e-03 1.203932e-03 6.544452e-04 6.314822e-04 6.378068e-04 4.023229e-04 2.856705e-04 4.027355e-04 2.930352e-04 2.134061e-04 2.073946e-04 2.017126e-04 8.725936e-05 8.499289e-05 6.213088e-05 1.413925e-04 3.942441e-05 7.699356e-05 3.761179e-05 3.676659e-05 3.595853e-05 7.037045e-05 1.722224e-05 1.686714e-05 8.263197e-05 1.619914e-05 1.588459e-05 3.116406e-05 1.529078e-05 0.000000e+00 0.000000e+00 1.447888e-05 0.000000e+00 1.398387e-05 0.000000e+00 0.000000e+00 0.000000e+00 0.000000e+00 0.000000e+00 0.000000e+00 0.000000e+00 0.000000e+00 0.000000e+00 0.000000e+00 0.000000e+00 0.000000e+00 0.000000e+00 0.000000e+00 0.000000e+00 0.000000e+00 0.000000e+00 0.000000e+00 0.000000e+00 0.000000e+00 0.000000e+00 0.000000e+00 0.000000e+00 0.000000e+00 0.000000e+00 0.000000e+00 0.000000e+00 0.000000e+00 0.000000e+00 0.000000e+00 0.000000e+00 0.000000e+00 0.000000e+00 0.000000e+00 0.000000e+00 0.000000e+00 0.000000e+00 0.000000e+00 0.000000e+00 0.000000e+00 0.000000e+00
SPEC pbar sel0 meanpt 0.5400 yield 0.04154 6.548089e-02 4.729175e-02 6.875494e-02 5.768555e-02 4.870647e-02 4.563820e-02 4.211485e-02 3.795466e-02 3.134951e-02 2.881542e-02 2.174035e-02 1.692381e-02 1.615195e-02 1.300186e-02 9.596337e-03 7.510353e-03 6.118164e-03 4.833113e-03 4.473544e-03 3.357994e-03 2.440006e-03 2.241917e-03 1.495551e-03 1.238409e-03 1.076500e-03 9.629543e-04 6.863825e-04 4.299250e-04 3.829292e-04 4.932647e-04 2.683643e-04 2.887165e-04 2.798329e-04 1.900358e-04 1.845275e-04 1.280925e-04 9.966650e-05 7.275655e-05 1.181113e-04 0.000000e+00 1.122786e-04 2.191462e-05 4.279797e-05 4.181411e-05 4.087446e-05 3.997612e-05 3.911642e-05 5.743938e-05 0.000000e+00 0.000000e+00 0.000000e+00 0.000000e+00 0.000000e+00 1.699919e-05 0.000000e+00 0.000000e+00 1.609658e-05 0.000000e+00 0.000000e+00 0.000000e+00 0.000000e+00 0.000000e+00 0.000000e+00 0.000000e+00 0.000000e+00 1.388484e-05 0.000000e+00 0.000000e+00 0.000000e+00 0.000000e+00 0.000000e+00 0.000000e+00 0.000000e+00 0.000000e+00 0.000000e+00 0.000000e+00 0.000000e+00 0.000000e+00 0.000000e+00 0.000000e+00 0.000000e+00 0.000000e+00 0.000000e+00 0.000000e+00 0.000000e+00 0.000000e+00 0.000000e+00 0.000000e+00 0.000000e+00 0.000000e+00 0.000000e+00 0.000000e+00 0.000000e+00 0.000000e+00 0.000000e+00 0.000000e+00 0.000000e+00 0.000000e+00 0.000000e+00 0.000000e+00
SPEC pbar sel1 meanpt 0.5434 yield 0.07038 7.526120e-02 5.562784e-02 7.820620e-02 6.380841e-02 5.744575e-02 5.488416e-02 5.097121e-02 4.362968e-02 3.772684e-02 3.496115e-02 2.547662e-02 2.190969e-02 1.884802e-02 1.484621e-02 1.156563e-02 9.447233e-03 7.139402e-03 4.861593e-03 5.173655e-03 4.153210e-03 3.152511e-03 2.549292e-03 1.781545e-03 1.496869e-03 1.435773e-03 1.122823e-03 9.569718e-04 6.544452e-04 4.879635e-04 4.714224e-04 3.218583e-04 4.674609e-04 3.272226e-04 2.686156e-04 1.659825e-04 1.382631e-04 8.965003e-05 8.725936e-05 1.699858e-04 0.000000e+00 1.009946e-04 1.971221e-05 5.774517e-05 3.761179e-05 3.676659e-05 3.595853e-05 7.037045e-05 3.444449e-05 0.000000e+00 1.652639e-05 0.000000e+00 0.000000e+00 1.558203e-05 1.529078e-05 0.000000e+00 0.000000e+00 1.447888e-05 0.000000e+00 0.000000e+00 0.000000e+00 0.000000e+00 0.000000e+00 0.000000e+00 0.000000e+00 0.000000e+00 2.497883e-05 0.000000e+00 0.000000e+00 0.000000e+00 0.000000e+00 0.000000e+00 0.000000e+00 0.000000e+00 0.000000e+00 0.000000e+00 0.000000e+00 0.000000e+00 0.000000e+00 0.000000e+00 0.000000e+00 0.000000e+00 0.000000e+00 0.000000e+00 0.000000e+00 0.000000e+00 0.000000e+00 0.000000e+00 0.000000e+00 0.000000e+00 0.000000e+00 0.000000e+00 0.000000e+00 0.000000e+00 0.000000e+00 0.000000e+00 0.000000e+00 0.000000e+00 0.000000e+00 0.000000e+00 0.000000e+00
SPEC pinc sel0 meanpt 0.5166 yield 0.06073 1.255050e-01 1.042844e-01 1.022229e-01 9.276460e-02 8.063850e-02 6.763052e-02 6.743972e-02 5.565876e-02 4.718476e-02 3.752706e-02 3.239399e-02 2.665104e-02 2.008081e-02 1.589865e-02 1.285784e-02 1.038541e-02 9.094568e-03 7.327624e-03 4.866823e-03 4.570603e-03 3.016735e-03 3.257124e-03 1.859334e-03 1.664112e-03 1.707552e-03 1.212609e-03 1.304127e-03 6.944943e-04 4.786615e-04 5.549228e-04 3.280008e-04 2.309732e-04 3.637827e-04 1.628878e-04 1.581664e-04 1.280925e-04 1.494998e-04 1.212609e-04 7.086677e-05 4.604845e-05 1.347343e-04 4.382924e-05 4.279797e-05 6.272116e-05 4.087446e-05 5.996419e-05 9.779106e-05 1.914646e-05 1.875169e-05 5.511860e-05 3.601809e-05 0.000000e+00 3.464597e-05 0.000000e+00 0.000000e+00 0.000000e+00 1.609658e-05 0.000000e+00 0.000000e+00 0.000000e+00 0.000000e+00 0.000000e+00 0.000000e+00 0.000000e+00 0.000000e+00 0.000000e+00 0.000000e+00 0.000000e+00 0.000000e+00 0.000000e+00 0.000000e+00 0.000000e+00 0.000000e+00 0.000000e+00 0.000000e+00 0.000000e+00 0.000000e+00 0.000000e+00 0.000000e+00 0.000000e+00 0.000000e+00 0.000000e+00 0.000000e+00 0.000000e+00 0.000000e+00 0.000000e+00 0.000000e+00 0.000000e+00 0.000000e+00 0.000000e+00 0.000000e+00 0.000000e+00 0.000000e+00 0.000000e+00 0.000000e+00 0.000000e+00 0.000000e+00 0.000000e+00 0.000000e+00 0.000000e+00
SPEC pinc sel1 meanpt 0.5242 yield 0.10373 1.423418e-01 1.194363e-01 1.181274e-01 1.077497e-01 9.562172e-02 8.254934e-02 7.752659e-02 6.860767e-02 5.639778e-02 4.675839e-02 3.739687e-02 3.129955e-02 2.408358e-02 1.823963e-02 1.590979e-02 1.198057e-02 1.090742e-02 8.881757e-03 6.765549e-03 4.992242e-03 3.711183e-03 3.538570e-03 2.472349e-03 2.227899e-03 2.270524e-03 1.475710e-03 1.296542e-03 7.734353e-04 7.462972e-04 7.764604e-04 4.827875e-04 3.635807e-04 4.530775e-04 2.930352e-04 2.371178e-04 2.304385e-04 2.465376e-04 1.527039e-04 8.499289e-05 8.284117e-05 1.615914e-04 5.913662e-05 7.699356e-05 5.641769e-05 7.353317e-05 5.393779e-05 8.796307e-05 5.166673e-05 1.686714e-05 8.263197e-05 1.619914e-05 1.588459e-05 4.674609e-05 1.529078e-05 0.000000e+00 0.000000e+00 1.447888e-05 0.000000e+00 1.398387e-05 0.000000e+00 0.000000e+00 0.000000e+00 0.000000e+00 0.000000e+00 0.000000e+00 0.000000e+00 0.000000e+00 0.000000e+00 0.000000e+00 0.000000e+00 0.000000e+00 0.000000e+00 0.000000e+00 0.000000e+00 0.000000e+00 0.000000e+00 0.000000e+00 0.000000e+00 0.000000e+00 0.000000e+00 0.000000e+00 0.000000e+00 0.000000e+00 0.000000e+00 0.000000e+00 0.000000e+00 0.000000e+00 0.000000e+00 0.000000e+00 0.000000e+00 0.000000e+00 0.000000e+00 0.000000e+00 0.000000e+00 0.000000e+00 0.000000e+00 0.000000e+00 0.000000e+00 0.000000e+00 0.000000e+00
SPEC pbarinc sel0 meanpt 0.5225 yield 0.05542 9.276460e-02 7.881959e-02 9.494729e-02 8.081173e-02 7.012923e-02 6.481947e-02 5.792540e-02 5.044454e-02 4.397491e-02 3.829292e-02 2.866954e-02 2.174788e-02 2.117215e-02 1.623549e-02 1.204246e-02 9.622640e-03 7.771722e-03 5.560679e-03 5.260102e-03 4.523965e-03 3.061099e-03 2.580319e-03 1.899754e-03 1.470611e-03 1.224983e-03 1.355269e-03 1.029574e-03 5.291385e-04 5.424830e-04 5.549228e-04 2.981826e-04 4.619463e-04 3.637827e-04 1.900358e-04 1.845275e-04 1.280925e-04 1.245831e-04 1.212609e-04 1.181113e-04 2.302422e-05 1.122786e-04 2.191462e-05 4.279797e-05 4.181411e-05 4.087446e-05 3.997612e-05 3.911642e-05 5.743938e-05 0.000000e+00 0.000000e+00 0.000000e+00 0.000000e+00 0.000000e+00 1.699919e-05 0.000000e+00 0.000000e+00 1.609658e-05 0.000000e+00 0.000000e+00 0.000000e+00 0.000000e+00 0.000000e+00 0.000000e+00 0.000000e+00 0.000000e+00 1.388484e-05 0.000000e+00 0.000000e+00 0.000000e+00 0.000000e+00 0.000000e+00 0.000000e+00 0.000000e+00 0.000000e+00 0.000000e+00 0.000000e+00 0.000000e+00 0.000000e+00 0.000000e+00 0.000000e+00 0.000000e+00 0.000000e+00 0.000000e+00 0.000000e+00 0.000000e+00 0.000000e+00 0.000000e+00 0.000000e+00 0.000000e+00 0.000000e+00 0.000000e+00 0.000000e+00 0.000000e+00 0.000000e+00 0.000000e+00 0.000000e+00 0.000000e+00 0.000000e+00 0.000000e+00 0.000000e+00
SPEC pbarinc sel1 meanpt 0.5260 yield 0.09424 1.047112e-01 9.162233e-02 1.083107e-01 9.138860e-02 8.362356e-02 7.838469e-02 7.110799e-02 5.944544e-02 5.139320e-02 4.675839e-02 3.381300e-02 2.781392e-02 2.460714e-02 1.884560e-02 1.449935e-02 1.229724e-02 8.973832e-03 5.656277e-03 5.969602e-03 5.369807e-03 3.990520e-03 3.043931e-03 2.217842e-03 1.984222e-03 1.636113e-03 1.604032e-03 1.234802e-03 7.734353e-04 6.027785e-04 5.823453e-04 4.291444e-04 6.492512e-04 4.279065e-04 2.930352e-04 1.896943e-04 1.382631e-04 1.120625e-04 1.308890e-04 1.912340e-04 2.071029e-05 1.009946e-04 1.971221e-05 5.774517e-05 3.761179e-05 3.676659e-05 5.393779e-05 7.037045e-05 3.444449e-05 0.000000e+00 1.652639e-05 0.000000e+00 0.000000e+00 1.558203e-05 1.529078e-05 0.000000e+00 0.000000e+00 1.447888e-05 0.000000e+00 0.000000e+00 0.000000e+00 0.000000e+00 0.000000e+00 1.308890e-05 0.000000e+00 0.000000e+00 2.497883e-05 0.000000e+00 0.000000e+00 0.000000e+00 0.000000e+00 0.000000e+00 0.000000e+00 0.000000e+00 0.000000e+00 0.000000e+00 0.000000e+00 0.000000e+00 0.000000e+00 0.000000e+00 0.000000e+00 0.000000e+00 0.000000e+00 0.000000e+00 0.000000e+00 0.000000e+00 0.000000e+00 0.000000e+00 0.000000e+00 0.000000e+00 0.000000e+00 0.000000e+00 0.000000e+00 0.000000e+00 0.000000e+00 0.000000e+00 0.000000e+00 0.000000e+00 0.000000e+00 0.000000e+00 0.000000e+00
SPEC chpm sel0eta05 meanpt 0.4377 yield 2.18582 3.240395e+00 3.229360e+00 3.540625e+00 3.312060e+00 2.872994e+00 2.344381e+00 1.874404e+00 1.483239e+00 1.173253e+00 9.165984e-01 7.162276e-01 5.539699e-01 4.275029e-01 3.301463e-01 2.522770e-01 1.925467e-01 1.475415e-01 1.153191e-01 8.733735e-02 6.757964e-02 5.058798e-02 4.068444e-02 3.324570e-02 2.565442e-02 2.130727e-02 1.760066e-02 1.366931e-02 1.039426e-02 8.644626e-03 7.402054e-03 5.948742e-03 5.335480e-03 4.426956e-03 2.926551e-03 2.841723e-03 2.295418e-03 1.779047e-03 1.629747e-03 1.438595e-03 1.079836e-03 1.210364e-03 7.976922e-04 6.441094e-04 6.293023e-04 5.579364e-04 4.337409e-04 4.244132e-04 4.154782e-04 2.231451e-04 3.858302e-04 2.521266e-04 1.730617e-04 1.697653e-04 1.427932e-04 3.504329e-05 1.032356e-04 1.014085e-04 1.328598e-04 7.617672e-05 5.349746e-05 1.052264e-04 5.175771e-05 6.111550e-05 4.010203e-05 4.935037e-05 6.803570e-05 1.914646e-05 4.715702e-05 2.788116e-05 9.159997e-06 5.418041e-05 1.780755e-05 8.780962e-06 1.732299e-05 3.418093e-05 0.000000e+00 8.321827e-06 2.464335e-05 1.621961e-05 8.007796e-06 7.908320e-06 0.000000e+00 1.543321e-05 2.287257e-05 7.533962e-06 1.489169e-05 0.000000e+00 0.000000e+00 1.438689e-05 0.000000e+00 0.000000e+00 0.000000e+00 0.000000e+00 0.000000e+00 0.000000e+00 0.000000e+00 0.000000e+00 0.000000e+00 0.000000e+00 0.000000e+00
