# gen_world scan_p2.45_s0.380_k0.217_q0.081 mode set MultipartonInteractions:pT0Ref=2.45;StringPT:sigma=0.380 nev 100000 seed 20260915
SUMMARY nev 100000 nnsd 78048 dnde 2.3312 eps 0.5148 classN 18.1511 16.4157 7.6490 1.2494 meanpt_ch05 0.4690
SPEC pip sel0 meanpt 0.4146 yield 0.83138 3.257674e+00 2.878128e+00 2.481362e+00 1.988073e+00 1.547491e+00 1.216523e+00 9.283455e-01 7.173795e-01 5.804474e-01 4.329972e-01 3.459401e-01 2.689620e-01 2.065558e-01 1.643759e-01 1.248778e-01 9.757592e-02 7.435498e-02 6.132337e-02 4.689848e-02 3.726441e-02 2.839280e-02 2.237687e-02 1.839124e-02 1.428041e-02 1.135893e-02 8.809248e-03 7.550208e-03 5.456741e-03 4.882347e-03 3.637827e-03 3.458918e-03 2.916036e-03 2.098747e-03 1.818914e-03 1.159887e-03 1.101596e-03 1.021582e-03 8.003220e-04 7.322899e-04 6.907267e-04 4.491145e-04 6.793533e-04 4.921766e-04 5.435834e-04 3.269957e-04 2.398567e-04 1.955821e-04 2.106111e-04 1.687652e-04 1.286101e-04 9.004523e-05 7.063742e-05 8.661494e-05 1.699919e-05 5.006184e-05 6.554644e-05 6.438632e-05 1.581664e-05 4.663881e-05 3.056998e-05 6.012938e-05 2.957583e-05 0.000000e+00 1.432215e-05 2.820021e-05 1.388484e-05 0.000000e+00 4.042030e-05 3.983023e-05 1.308571e-05 1.290010e-05 0.000000e+00 0.000000e+00 1.237356e-05 0.000000e+00 0.000000e+00 0.000000e+00 0.000000e+00 0.000000e+00 0.000000e+00 0.000000e+00 0.000000e+00 1.102372e-05 1.089170e-05 0.000000e+00 1.063692e-05 0.000000e+00 2.078758e-05 0.000000e+00 0.000000e+00 0.000000e+00 0.000000e+00 0.000000e+00 0.000000e+00 0.000000e+00 9.523108e-06 0.000000e+00 0.000000e+00 0.000000e+00 0.000000e+00
SPEC pip sel1 meanpt 0.4173 yield 1.41191 3.825526e+00 3.391586e+00 2.916536e+00 2.354045e+00 1.843793e+00 1.422986e+00 1.097149e+00 8.543947e-01 6.879518e-01 5.185131e-01 4.189474e-01 3.199583e-01 2.482269e-01 1.957625e-01 1.490158e-01 1.179838e-01 8.898297e-02 7.341095e-02 5.722968e-02 4.350279e-02 3.517359e-02 2.705013e-02 2.200516e-02 1.752838e-02 1.288437e-02 1.081172e-02 9.449544e-03 6.940672e-03 5.609570e-03 4.534612e-03 4.065014e-03 3.392182e-03 2.635265e-03 2.240069e-03 1.442212e-03 1.470517e-03 1.363187e-03 1.044067e-03 9.322026e-04 8.466523e-04 6.646259e-04 6.879206e-04 6.909266e-04 6.375408e-04 5.682246e-04 3.764664e-04 2.280388e-04 2.232380e-04 2.186351e-04 1.647833e-04 1.130642e-04 6.335357e-05 9.322026e-05 1.524630e-05 4.489966e-05 7.348444e-05 5.774706e-05 4.255707e-05 4.182960e-05 4.112658e-05 8.089361e-05 6.631522e-05 0.000000e+00 3.853593e-05 3.793848e-05 1.245309e-05 1.226582e-05 4.833643e-05 3.572309e-05 2.347273e-05 1.156989e-05 0.000000e+00 0.000000e+00 1.109765e-05 0.000000e+00 0.000000e+00 0.000000e+00 0.000000e+00 0.000000e+00 0.000000e+00 0.000000e+00 1.000831e-05 9.886997e-06 9.768590e-06 0.000000e+00 9.540085e-06 0.000000e+00 1.864405e-05 0.000000e+00 0.000000e+00 0.000000e+00 0.000000e+00 0.000000e+00 0.000000e+00 0.000000e+00 8.541123e-06 0.000000e+00 0.000000e+00 0.000000e+00 0.000000e+00
SPEC pim sel0 meanpt 0.4169 yield 0.81678 3.099429e+00 2.872065e+00 2.369681e+00 1.940001e+00 1.507677e+00 1.192877e+00 9.079177e-01 7.292631e-01 5.510238e-01 4.349118e-01 3.403967e-01 2.607373e-01 2.040821e-01 1.651169e-01 1.263204e-01 9.910146e-02 7.644949e-02 5.747767e-02 5.083126e-02 3.348667e-02 2.865898e-02 2.081176e-02 1.863376e-02 1.315810e-02 1.113621e-02 7.846294e-03 7.515888e-03 5.456741e-03 5.169544e-03 4.316066e-03 3.220372e-03 3.002651e-03 1.986813e-03 1.927505e-03 1.318053e-03 1.127214e-03 1.096332e-03 1.018592e-03 7.086677e-04 5.295571e-04 4.940259e-04 3.287193e-04 4.707776e-04 5.017693e-04 2.452468e-04 2.198687e-04 2.346985e-04 1.723181e-04 9.375843e-05 2.021015e-04 1.440724e-04 1.765936e-04 1.385839e-04 1.019952e-04 1.001237e-04 1.147063e-04 4.828974e-05 4.744992e-05 4.663881e-05 3.056998e-05 7.516172e-05 1.478792e-05 1.455131e-05 1.432215e-05 2.820021e-05 1.388484e-05 0.000000e+00 1.347343e-05 1.327674e-05 0.000000e+00 3.870029e-05 0.000000e+00 0.000000e+00 1.237356e-05 3.662242e-05 0.000000e+00 0.000000e+00 1.173493e-05 0.000000e+00 0.000000e+00 1.129760e-05 1.115898e-05 0.000000e+00 0.000000e+00 0.000000e+00 0.000000e+00 1.051395e-05 0.000000e+00 0.000000e+00 0.000000e+00 0.000000e+00 0.000000e+00 0.000000e+00 0.000000e+00 0.000000e+00 9.523108e-06 0.000000e+00 0.000000e+00 0.000000e+00 0.000000e+00
SPEC pim sel1 meanpt 0.4187 yield 1.38792 3.726014e+00 3.392674e+00 2.824201e+00 2.303706e+00 1.773464e+00 1.419575e+00 1.076067e+00 8.597238e-01 6.619461e-01 5.143060e-01 4.058965e-01 3.144258e-01 2.441159e-01 1.930436e-01 1.480595e-01 1.189836e-01 8.967506e-02 6.805079e-02 6.005148e-02 4.287534e-02 3.397992e-02 2.545672e-02 2.215017e-02 1.603587e-02 1.335047e-02 1.023595e-02 9.234082e-03 7.148299e-03 5.838532e-03 5.253514e-03 3.904553e-03 3.935966e-03 2.660363e-03 2.386160e-03 1.631354e-03 1.493494e-03 1.385534e-03 1.196327e-03 9.533890e-04 7.640521e-04 6.243455e-04 4.324072e-04 5.565798e-04 5.437848e-04 3.299369e-04 2.509776e-04 2.982046e-04 2.060658e-04 8.409044e-05 2.801316e-04 2.099763e-04 1.583839e-04 1.398304e-04 1.067241e-04 1.047659e-04 1.322720e-04 7.218383e-05 5.674276e-05 5.577280e-05 4.112658e-05 9.437588e-05 2.652609e-05 1.305084e-05 1.284531e-05 5.058464e-05 1.245309e-05 0.000000e+00 1.208411e-05 1.190770e-05 1.173636e-05 3.470967e-05 0.000000e+00 0.000000e+00 1.109765e-05 3.284606e-05 1.080367e-05 0.000000e+00 1.052487e-05 0.000000e+00 1.026009e-05 1.013264e-05 1.000831e-05 0.000000e+00 0.000000e+00 9.652985e-06 0.000000e+00 9.429795e-06 0.000000e+00 0.000000e+00 0.000000e+00 0.000000e+00 0.000000e+00 0.000000e+00 0.000000e+00 0.000000e+00 8.541123e-06 0.000000e+00 0.000000e+00 0.000000e+00 0.000000e+00
SPEC kp sel0 meanpt 0.5249 yield 0.09362 1.637022e-01 1.624896e-01 1.495147e-01 1.371981e-01 1.301534e-01 1.078120e-01 1.011596e-01 8.354877e-02 6.997468e-02 6.021561e-02 4.807129e-02 4.001610e-02 3.259493e-02 2.553216e-02 2.119975e-02 1.642890e-02 1.251192e-02 1.117333e-02 8.996249e-03 6.529434e-03 5.722923e-03 4.060830e-03 3.961190e-03 2.322017e-03 2.004517e-03 1.854579e-03 1.132531e-03 1.388989e-03 8.296799e-04 8.323842e-04 5.665469e-04 4.042030e-04 3.637827e-04 4.615154e-04 4.744992e-04 2.305665e-04 2.989995e-04 2.425218e-04 1.653558e-04 9.209689e-05 2.021015e-04 1.534024e-04 8.559594e-05 1.045353e-04 8.174893e-05 0.000000e+00 7.823284e-05 1.914646e-05 5.625506e-05 3.674573e-05 5.402714e-05 5.297807e-05 3.464597e-05 0.000000e+00 6.674912e-05 3.277322e-05 1.609658e-05 1.581664e-05 0.000000e+00 0.000000e+00 0.000000e+00 4.436375e-05 0.000000e+00 0.000000e+00 0.000000e+00 0.000000e+00 1.367604e-05 1.347343e-05 0.000000e+00 0.000000e+00 0.000000e+00 0.000000e+00 0.000000e+00 1.237356e-05 0.000000e+00 0.000000e+00 1.188832e-05 0.000000e+00 0.000000e+00 0.000000e+00 0.000000e+00 0.000000e+00 1.102372e-05 0.000000e+00 0.000000e+00 0.000000e+00 0.000000e+00 0.000000e+00 0.000000e+00 0.000000e+00 0.000000e+00 0.000000e+00 0.000000e+00 0.000000e+00 0.000000e+00 0.000000e+00 0.000000e+00 0.000000e+00 0.000000e+00 0.000000e+00
SPEC kp sel1 meanpt 0.5300 yield 0.15925 1.941312e-01 1.941312e-01 1.735761e-01 1.636015e-01 1.540724e-01 1.265041e-01 1.217241e-01 9.494483e-02 8.300715e-02 6.868861e-02 5.958328e-02 4.745114e-02 3.934827e-02 3.147910e-02 2.441406e-02 2.004987e-02 1.537428e-02 1.337711e-02 1.049358e-02 7.696647e-03 6.366261e-03 4.969940e-03 5.039073e-03 3.054451e-03 2.496971e-03 2.622962e-03 1.508233e-03 1.809320e-03 1.030329e-03 8.295023e-04 9.360231e-04 5.178903e-04 6.023463e-04 4.626229e-04 5.201420e-04 2.527451e-04 2.905152e-04 3.262709e-04 1.906778e-04 2.065006e-04 1.812616e-04 1.768939e-04 9.596203e-05 1.500096e-04 7.331930e-05 0.000000e+00 1.052487e-04 1.717215e-05 6.727235e-05 3.295666e-05 4.845607e-05 4.751518e-05 6.214684e-05 1.524630e-05 7.483277e-05 2.939377e-05 4.331030e-05 1.418569e-05 0.000000e+00 0.000000e+00 0.000000e+00 3.978913e-05 3.915251e-05 0.000000e+00 1.264616e-05 0.000000e+00 1.226582e-05 1.208411e-05 0.000000e+00 0.000000e+00 0.000000e+00 0.000000e+00 0.000000e+00 2.219530e-05 0.000000e+00 0.000000e+00 1.066245e-05 0.000000e+00 0.000000e+00 0.000000e+00 0.000000e+00 0.000000e+00 1.977399e-05 0.000000e+00 0.000000e+00 0.000000e+00 0.000000e+00 0.000000e+00 0.000000e+00 0.000000e+00 0.000000e+00 0.000000e+00 0.000000e+00 0.000000e+00 0.000000e+00 0.000000e+00 0.000000e+00 0.000000e+00 0.000000e+00 0.000000e+00
SPEC km sel0 meanpt 0.5346 yield 0.08892 1.509698e-01 1.546077e-01 1.295067e-01 1.325209e-01 1.204525e-01 1.021899e-01 8.744777e-02 8.185111e-02 6.494592e-02 5.447168e-02 4.521300e-02 3.930435e-02 3.281320e-02 2.553216e-02 1.963172e-02 1.807179e-02 1.190562e-02 1.122530e-02 7.963892e-03 6.063045e-03 4.702557e-03 4.060830e-03 3.516566e-03 3.173424e-03 1.856034e-03 1.854579e-03 1.612999e-03 1.223633e-03 9.254122e-04 8.015552e-04 4.770921e-04 4.042030e-04 4.197493e-04 2.986276e-04 3.426939e-04 3.842775e-04 2.740829e-04 3.395305e-04 1.889780e-04 3.223391e-04 1.347343e-04 8.765849e-05 2.995858e-04 8.362821e-05 8.174893e-05 7.995225e-05 3.911642e-05 3.829292e-05 5.625506e-05 1.837287e-05 1.800905e-05 3.531871e-05 0.000000e+00 0.000000e+00 1.668728e-05 1.638661e-05 1.609658e-05 0.000000e+00 3.109254e-05 3.056998e-05 0.000000e+00 0.000000e+00 1.455131e-05 0.000000e+00 0.000000e+00 1.388484e-05 0.000000e+00 0.000000e+00 2.655348e-05 0.000000e+00 0.000000e+00 0.000000e+00 0.000000e+00 0.000000e+00 0.000000e+00 0.000000e+00 0.000000e+00 1.173493e-05 0.000000e+00 0.000000e+00 0.000000e+00 0.000000e+00 0.000000e+00 0.000000e+00 1.076280e-05 0.000000e+00 0.000000e+00 0.000000e+00 0.000000e+00 0.000000e+00 0.000000e+00 0.000000e+00 0.000000e+00 0.000000e+00 0.000000e+00 0.000000e+00 0.000000e+00 9.327762e-06 0.000000e+00 0.000000e+00
SPEC km sel1 meanpt 0.5375 yield 0.15246 1.745549e-01 1.827117e-01 1.569363e-01 1.594066e-01 1.377588e-01 1.245762e-01 1.067910e-01 9.744624e-02 7.868886e-02 6.637037e-02 5.515532e-02 4.532328e-02 3.889149e-02 3.002901e-02 2.379527e-02 2.141811e-02 1.483050e-02 1.272456e-02 9.655855e-03 7.571158e-03 6.047948e-03 4.932002e-03 4.024008e-03 3.783354e-03 2.430385e-03 2.175139e-03 1.908377e-03 1.483050e-03 1.087570e-03 8.848024e-04 8.290490e-04 6.732574e-04 6.776396e-04 3.652286e-04 4.728564e-04 4.135828e-04 2.905152e-04 3.697737e-04 1.906778e-04 3.510510e-04 2.014018e-04 7.861949e-05 3.070785e-04 9.375600e-05 9.164913e-05 1.075618e-04 8.770723e-05 3.434430e-05 8.409044e-05 8.239164e-05 3.230405e-05 4.751518e-05 0.000000e+00 1.524630e-05 1.496655e-05 1.469689e-05 1.443677e-05 2.837138e-05 2.788640e-05 2.741772e-05 1.348227e-05 0.000000e+00 1.305084e-05 2.569062e-05 0.000000e+00 1.245309e-05 0.000000e+00 0.000000e+00 2.381539e-05 0.000000e+00 0.000000e+00 0.000000e+00 0.000000e+00 0.000000e+00 0.000000e+00 0.000000e+00 0.000000e+00 1.052487e-05 0.000000e+00 0.000000e+00 0.000000e+00 0.000000e+00 0.000000e+00 0.000000e+00 9.652985e-06 0.000000e+00 0.000000e+00 0.000000e+00 0.000000e+00 0.000000e+00 0.000000e+00 0.000000e+00 0.000000e+00 0.000000e+00 0.000000e+00 0.000000e+00 0.000000e+00 8.365920e-06 0.000000e+00 0.000000e+00
SPEC p sel0 meanpt 0.5873 yield 0.04802 6.184306e-02 4.911067e-02 6.402576e-02 5.560679e-02 4.668545e-02 5.357527e-02 3.777744e-02 3.880349e-02 3.488034e-02 3.302764e-02 2.763016e-02 2.111521e-02 1.862568e-02 1.515761e-02 1.266967e-02 1.044408e-02 8.598501e-03 6.132337e-03 4.768503e-03 4.244132e-03 3.238554e-03 2.876422e-03 2.223117e-03 1.780213e-03 1.521948e-03 1.747584e-03 1.441403e-03 7.606366e-04 1.021144e-03 4.624357e-04 2.683643e-04 4.330747e-04 3.357994e-04 1.900358e-04 2.372496e-04 3.330405e-04 1.245831e-04 4.850436e-05 2.598448e-04 1.151211e-04 1.122786e-04 1.095731e-04 8.559594e-05 1.254423e-04 1.021862e-04 0.000000e+00 1.955821e-05 0.000000e+00 1.125101e-04 1.837287e-05 1.800905e-05 1.765936e-05 1.732299e-05 0.000000e+00 0.000000e+00 0.000000e+00 0.000000e+00 0.000000e+00 1.554627e-05 0.000000e+00 0.000000e+00 0.000000e+00 0.000000e+00 1.432215e-05 0.000000e+00 2.776967e-05 0.000000e+00 0.000000e+00 0.000000e+00 0.000000e+00 0.000000e+00 0.000000e+00 0.000000e+00 0.000000e+00 0.000000e+00 0.000000e+00 0.000000e+00 0.000000e+00 0.000000e+00 0.000000e+00 0.000000e+00 0.000000e+00 0.000000e+00 0.000000e+00 0.000000e+00 0.000000e+00 0.000000e+00 0.000000e+00 0.000000e+00 0.000000e+00 0.000000e+00 0.000000e+00 0.000000e+00 0.000000e+00 0.000000e+00 0.000000e+00 0.000000e+00 0.000000e+00 0.000000e+00 0.000000e+00
SPEC p sel1 meanpt 0.5888 yield 0.08262 7.504231e-02 6.416661e-02 7.275841e-02 6.805079e-02 5.981633e-02 5.887707e-02 4.655635e-02 4.687425e-02 4.260714e-02 4.147075e-02 3.363698e-02 2.510867e-02 2.166439e-02 1.879079e-02 1.479470e-02 1.205097e-02 1.043078e-02 7.364400e-03 5.864058e-03 4.852234e-03 4.018703e-03 3.300647e-03 2.573915e-03 2.360258e-03 1.664647e-03 1.759304e-03 1.600574e-03 9.491517e-04 1.345152e-03 7.189020e-04 3.744092e-04 5.696793e-04 4.015642e-04 2.921829e-04 2.364282e-04 4.135828e-04 1.340839e-04 1.087570e-04 3.389827e-04 1.445504e-04 1.007009e-04 1.375841e-04 9.596203e-05 1.875120e-04 1.466386e-04 0.000000e+00 5.262434e-05 0.000000e+00 1.177266e-04 1.647833e-05 4.845607e-05 1.583839e-05 1.553671e-05 0.000000e+00 1.496655e-05 0.000000e+00 0.000000e+00 1.418569e-05 1.394320e-05 0.000000e+00 0.000000e+00 0.000000e+00 0.000000e+00 1.284531e-05 0.000000e+00 2.490618e-05 0.000000e+00 0.000000e+00 0.000000e+00 0.000000e+00 0.000000e+00 0.000000e+00 0.000000e+00 0.000000e+00 0.000000e+00 0.000000e+00 0.000000e+00 0.000000e+00 0.000000e+00 0.000000e+00 0.000000e+00 0.000000e+00 0.000000e+00 9.768590e-06 0.000000e+00 0.000000e+00 0.000000e+00 0.000000e+00 0.000000e+00 0.000000e+00 0.000000e+00 0.000000e+00 0.000000e+00 0.000000e+00 0.000000e+00 0.000000e+00 0.000000e+00 0.000000e+00 0.000000e+00 0.000000e+00
SPEC pbar sel0 meanpt 0.5778 yield 0.04280 6.366198e-02 6.851241e-02 5.565876e-02 4.859098e-02 4.587704e-02 4.001610e-02 4.155518e-02 3.455936e-02 2.931661e-02 2.546479e-02 2.277973e-02 1.937538e-02 1.578817e-02 1.502288e-02 1.103892e-02 1.015071e-02 7.000062e-03 5.924462e-03 5.456741e-03 3.357994e-03 3.016735e-03 2.876422e-03 1.859334e-03 1.741513e-03 1.410586e-03 6.776345e-04 1.029574e-03 5.952808e-04 7.977691e-04 4.932647e-04 6.261834e-04 3.753314e-04 2.238663e-04 2.171837e-04 2.372496e-04 1.280925e-04 9.966650e-05 1.455131e-04 9.448902e-05 4.604845e-05 2.245572e-05 4.382924e-05 1.069949e-04 4.181411e-05 6.131170e-05 0.000000e+00 1.955821e-05 3.829292e-05 5.625506e-05 0.000000e+00 0.000000e+00 1.765936e-05 1.732299e-05 1.699919e-05 0.000000e+00 1.638661e-05 1.609658e-05 0.000000e+00 0.000000e+00 0.000000e+00 0.000000e+00 0.000000e+00 0.000000e+00 0.000000e+00 0.000000e+00 0.000000e+00 0.000000e+00 0.000000e+00 0.000000e+00 1.308571e-05 0.000000e+00 0.000000e+00 0.000000e+00 0.000000e+00 0.000000e+00 0.000000e+00 0.000000e+00 0.000000e+00 0.000000e+00 1.143971e-05 0.000000e+00 0.000000e+00 0.000000e+00 0.000000e+00 0.000000e+00 0.000000e+00 0.000000e+00 0.000000e+00 0.000000e+00 0.000000e+00 0.000000e+00 0.000000e+00 0.000000e+00 9.726811e-06 0.000000e+00 0.000000e+00 0.000000e+00 0.000000e+00 0.000000e+00 0.000000e+00
SPEC pbar sel1 meanpt 0.5788 yield 0.07292 6.851689e-02 8.374286e-02 6.492791e-02 5.616520e-02 5.745993e-02 4.656776e-02 4.969357e-02 4.187143e-02 3.483422e-02 3.056643e-02 2.532484e-02 2.354825e-02 1.996778e-02 1.758238e-02 1.406340e-02 1.147211e-02 8.403947e-03 6.711858e-03 5.952239e-03 4.141131e-03 3.700389e-03 3.793848e-03 2.066382e-03 2.117290e-03 1.731233e-03 8.636583e-04 1.261991e-03 7.415248e-04 8.586076e-04 5.253514e-04 7.220749e-04 3.625232e-04 3.764664e-04 3.408800e-04 2.364282e-04 1.838146e-04 1.117366e-04 2.392653e-04 1.483050e-04 1.032503e-04 2.014018e-05 5.896462e-05 9.596203e-05 3.750240e-05 5.498948e-05 3.585394e-05 1.754145e-05 3.434430e-05 5.045426e-05 0.000000e+00 0.000000e+00 1.583839e-05 1.553671e-05 1.524630e-05 0.000000e+00 1.469689e-05 1.443677e-05 1.418569e-05 0.000000e+00 0.000000e+00 0.000000e+00 1.326304e-05 0.000000e+00 0.000000e+00 0.000000e+00 0.000000e+00 0.000000e+00 0.000000e+00 0.000000e+00 1.173636e-05 0.000000e+00 0.000000e+00 0.000000e+00 0.000000e+00 0.000000e+00 0.000000e+00 0.000000e+00 0.000000e+00 0.000000e+00 1.026009e-05 0.000000e+00 0.000000e+00 0.000000e+00 0.000000e+00 0.000000e+00 0.000000e+00 0.000000e+00 0.000000e+00 0.000000e+00 0.000000e+00 0.000000e+00 0.000000e+00 0.000000e+00 8.723821e-06 0.000000e+00 0.000000e+00 0.000000e+00 0.000000e+00 0.000000e+00 0.000000e+00
SPEC pinc sel0 meanpt 0.5719 yield 0.06311 8.730785e-02 7.639437e-02 9.058190e-02 7.613453e-02 6.426828e-02 7.374868e-02 5.232875e-02 5.105084e-02 4.750574e-02 4.183501e-02 3.603181e-02 2.823270e-02 2.364588e-02 1.980595e-02 1.593117e-02 1.390589e-02 1.041741e-02 7.691406e-03 5.899179e-03 4.897075e-03 4.258920e-03 3.680128e-03 2.829421e-03 2.244617e-03 1.967396e-03 2.068568e-03 1.612999e-03 1.058277e-03 1.180698e-03 6.165809e-04 3.876373e-04 5.196896e-04 4.197493e-04 2.443317e-04 3.163328e-04 3.330405e-04 1.494998e-04 7.275655e-05 2.834671e-04 1.381453e-04 1.347343e-04 1.095731e-04 1.069949e-04 1.254423e-04 1.021862e-04 0.000000e+00 1.955821e-05 0.000000e+00 1.125101e-04 1.837287e-05 1.800905e-05 3.531871e-05 1.732299e-05 0.000000e+00 1.668728e-05 0.000000e+00 0.000000e+00 0.000000e+00 1.554627e-05 1.528499e-05 0.000000e+00 0.000000e+00 0.000000e+00 1.432215e-05 0.000000e+00 2.776967e-05 0.000000e+00 0.000000e+00 0.000000e+00 0.000000e+00 0.000000e+00 0.000000e+00 0.000000e+00 0.000000e+00 0.000000e+00 0.000000e+00 0.000000e+00 0.000000e+00 0.000000e+00 0.000000e+00 0.000000e+00 0.000000e+00 0.000000e+00 0.000000e+00 0.000000e+00 0.000000e+00 0.000000e+00 0.000000e+00 0.000000e+00 0.000000e+00 0.000000e+00 0.000000e+00 0.000000e+00 0.000000e+00 0.000000e+00 0.000000e+00 0.000000e+00 0.000000e+00 0.000000e+00 0.000000e+00
SPEC pinc sel1 meanpt 0.5750 yield 0.10863 1.044067e-01 9.407478e-02 1.008177e-01 9.228805e-02 8.247403e-02 8.082620e-02 6.349734e-02 6.253526e-02 5.805703e-02 5.392056e-02 4.311437e-02 3.305266e-02 2.838557e-02 2.398695e-02 1.884496e-02 1.631354e-02 1.275423e-02 9.322026e-03 7.407231e-03 5.897974e-03 5.212377e-03 4.059417e-03 3.298961e-03 2.950322e-03 2.130749e-03 2.207127e-03 1.816036e-03 1.305084e-03 1.516873e-03 8.848024e-04 5.616138e-04 6.732574e-04 5.019552e-04 4.139258e-04 3.309995e-04 4.595365e-04 1.564313e-04 1.305084e-04 3.813556e-04 1.652005e-04 1.208411e-04 1.375841e-04 1.151544e-04 1.875120e-04 1.466386e-04 0.000000e+00 5.262434e-05 1.717215e-05 1.177266e-04 1.647833e-05 6.460810e-05 3.167679e-05 1.553671e-05 0.000000e+00 2.993311e-05 0.000000e+00 0.000000e+00 1.418569e-05 1.394320e-05 1.370886e-05 0.000000e+00 0.000000e+00 0.000000e+00 1.284531e-05 0.000000e+00 2.490618e-05 0.000000e+00 0.000000e+00 0.000000e+00 0.000000e+00 0.000000e+00 0.000000e+00 0.000000e+00 0.000000e+00 0.000000e+00 0.000000e+00 0.000000e+00 0.000000e+00 0.000000e+00 0.000000e+00 0.000000e+00 0.000000e+00 0.000000e+00 9.768590e-06 0.000000e+00 0.000000e+00 0.000000e+00 0.000000e+00 0.000000e+00 0.000000e+00 0.000000e+00 0.000000e+00 0.000000e+00 0.000000e+00 0.000000e+00 0.000000e+00 0.000000e+00 0.000000e+00 0.000000e+00 0.000000e+00
SPEC pbarinc sel0 meanpt 0.5623 yield 0.05759 9.094568e-02 9.033938e-02 8.003220e-02 7.509515e-02 6.527879e-02 5.820524e-02 5.708590e-02 4.862562e-02 4.033708e-02 3.398497e-02 3.118138e-02 2.609746e-02 2.015356e-02 1.933438e-02 1.480219e-02 1.261505e-02 8.322908e-03 7.483530e-03 6.882376e-03 4.384048e-03 3.682191e-03 3.426326e-03 2.425218e-03 2.128516e-03 1.781793e-03 9.272893e-04 1.269808e-03 6.614231e-04 8.615907e-04 6.474099e-04 7.156382e-04 5.196896e-04 3.637827e-04 2.714796e-04 3.426939e-04 1.537110e-04 9.966650e-05 1.940175e-04 1.417335e-04 4.604845e-05 2.245572e-05 6.574387e-05 1.497929e-04 4.181411e-05 1.226234e-04 0.000000e+00 1.955821e-05 7.658584e-05 9.375843e-05 1.837287e-05 0.000000e+00 1.765936e-05 1.732299e-05 3.399839e-05 0.000000e+00 1.638661e-05 1.609658e-05 0.000000e+00 0.000000e+00 0.000000e+00 0.000000e+00 0.000000e+00 0.000000e+00 0.000000e+00 0.000000e+00 0.000000e+00 0.000000e+00 0.000000e+00 0.000000e+00 1.308571e-05 0.000000e+00 0.000000e+00 0.000000e+00 0.000000e+00 0.000000e+00 0.000000e+00 0.000000e+00 0.000000e+00 0.000000e+00 1.143971e-05 0.000000e+00 0.000000e+00 0.000000e+00 0.000000e+00 0.000000e+00 0.000000e+00 0.000000e+00 0.000000e+00 0.000000e+00 0.000000e+00 0.000000e+00 0.000000e+00 0.000000e+00 9.726811e-06 0.000000e+00 0.000000e+00 0.000000e+00 0.000000e+00 0.000000e+00 0.000000e+00
SPEC pbarinc sel1 meanpt 0.5629 yield 0.09822 1.011440e-01 1.087570e-01 9.788127e-02 8.529653e-02 8.120520e-02 6.762706e-02 6.738749e-02 5.818498e-02 4.836486e-02 4.147075e-02 3.542370e-02 3.184688e-02 2.551438e-02 2.199308e-02 1.833867e-02 1.489269e-02 1.023304e-02 8.669484e-03 7.539503e-03 5.437848e-03 4.496172e-03 4.362925e-03 2.755176e-03 2.637935e-03 2.164042e-03 1.311481e-03 1.477453e-03 8.898297e-04 9.444684e-04 6.912519e-04 8.023055e-04 4.919958e-04 5.019552e-04 3.895772e-04 3.546423e-04 2.527451e-04 1.117366e-04 3.045195e-04 1.906778e-04 1.239003e-04 2.014018e-05 7.861949e-05 1.343468e-04 3.750240e-05 1.099790e-04 3.585394e-05 1.754145e-05 8.586076e-05 8.409044e-05 1.647833e-05 0.000000e+00 1.583839e-05 1.553671e-05 3.049261e-05 0.000000e+00 1.469689e-05 1.443677e-05 1.418569e-05 0.000000e+00 0.000000e+00 0.000000e+00 1.326304e-05 0.000000e+00 0.000000e+00 0.000000e+00 0.000000e+00 0.000000e+00 0.000000e+00 0.000000e+00 1.173636e-05 0.000000e+00 0.000000e+00 0.000000e+00 0.000000e+00 0.000000e+00 0.000000e+00 0.000000e+00 0.000000e+00 0.000000e+00 1.026009e-05 0.000000e+00 0.000000e+00 0.000000e+00 0.000000e+00 0.000000e+00 0.000000e+00 0.000000e+00 0.000000e+00 0.000000e+00 0.000000e+00 0.000000e+00 0.000000e+00 0.000000e+00 8.723821e-06 0.000000e+00 0.000000e+00 0.000000e+00 0.000000e+00 0.000000e+00 0.000000e+00
SPEC chpm sel0eta05 meanpt 0.4690 yield 2.33120 3.421195e+00 3.202622e+00 3.500645e+00 3.268406e+00 2.790800e+00 2.321116e+00 1.849234e+00 1.512609e+00 1.213996e+00 9.587494e-01 7.774643e-01 6.100478e-01 4.811827e-01 3.869234e-01 2.988601e-01 2.418334e-01 1.829992e-01 1.459133e-01 1.206825e-01 8.971442e-02 7.241938e-02 5.581527e-02 4.688351e-02 3.597579e-02 2.785536e-02 2.309307e-02 1.991539e-02 1.527887e-02 1.257603e-02 1.048804e-02 8.787440e-03 7.619227e-03 5.700196e-03 4.883919e-03 3.875077e-03 3.443127e-03 2.860429e-03 2.699268e-03 2.199232e-03 1.950152e-03 1.446149e-03 1.257899e-03 1.512908e-03 1.317144e-03 1.058649e-03 6.296240e-04 6.023929e-04 4.556857e-04 5.381734e-04 4.629962e-04 3.529773e-04 2.843156e-04 2.546479e-04 1.427932e-04 2.102597e-04 2.064713e-04 1.577465e-04 1.217881e-04 1.088239e-04 9.629543e-05 1.473170e-04 1.138670e-04 4.074367e-05 7.017856e-05 7.896059e-05 4.859693e-05 1.914646e-05 5.658842e-05 5.576232e-05 3.663999e-05 4.515034e-05 0.000000e+00 0.000000e+00 3.464597e-05 2.563570e-05 8.432050e-06 8.321827e-06 1.642890e-05 0.000000e+00 1.601559e-05 7.908320e-06 1.562257e-05 2.314981e-05 1.524838e-05 1.506792e-05 7.445845e-06 7.359766e-06 1.455131e-05 0.000000e+00 0.000000e+00 0.000000e+00 0.000000e+00 0.000000e+00 6.808768e-06 0.000000e+00 1.333235e-05 0.000000e+00 6.529434e-06 0.000000e+00 0.000000e+00
