# gen_world scan_p2.28_s0.380_k0.217_q0.081 mode set MultipartonInteractions:pT0Ref=2.28;StringPT:sigma=0.380 nev 100000 seed 20260912
SUMMARY nev 100000 nnsd 78022 dnde 2.6014 eps 0.5119 classN 19.3161 17.4921 8.2674 1.4479 meanpt_ch05 0.4749
SPEC pip sel0 meanpt 0.4215 yield 0.92508 3.452298e+00 3.143689e+00 2.732372e+00 2.144499e+00 1.686335e+00 1.316232e+00 1.039859e+00 8.249380e-01 6.335169e-01 4.954146e-01 3.889877e-01 3.032841e-01 2.385687e-01 1.820935e-01 1.404954e-01 1.100149e-01 8.758345e-02 6.896281e-02 5.215858e-02 4.188165e-02 3.225244e-02 2.512639e-02 2.004847e-02 1.652502e-02 1.340057e-02 1.034284e-02 8.957292e-03 6.746516e-03 5.616295e-03 4.778502e-03 3.995646e-03 3.349111e-03 2.742362e-03 2.769092e-03 2.082524e-03 1.409018e-03 1.220915e-03 1.164105e-03 9.921347e-04 8.979447e-04 7.410389e-04 5.259509e-04 5.563736e-04 5.017693e-04 4.291819e-04 3.597851e-04 2.542567e-04 2.489040e-04 1.875169e-04 2.021015e-04 1.980995e-04 1.589342e-04 8.661494e-05 3.399839e-05 1.334982e-04 9.831966e-05 8.048290e-05 4.744992e-05 6.218508e-05 3.056998e-05 3.006469e-05 1.478792e-05 4.365393e-05 1.432215e-05 2.820021e-05 1.388484e-05 2.735208e-05 0.000000e+00 1.327674e-05 2.617142e-05 1.290010e-05 1.271968e-05 0.000000e+00 1.237356e-05 0.000000e+00 2.409157e-05 1.188832e-05 0.000000e+00 1.158544e-05 0.000000e+00 0.000000e+00 0.000000e+00 1.102372e-05 1.089170e-05 0.000000e+00 2.127384e-05 0.000000e+00 1.039379e-05 0.000000e+00 0.000000e+00 0.000000e+00 0.000000e+00 0.000000e+00 0.000000e+00 0.000000e+00 0.000000e+00 0.000000e+00 0.000000e+00 0.000000e+00 0.000000e+00
SPEC pip sel1 meanpt 0.4227 yield 1.57670 4.096064e+00 3.740854e+00 3.202763e+00 2.562080e+00 2.026092e+00 1.581754e+00 1.243883e+00 9.769630e-01 7.553768e-01 5.885999e-01 4.606615e-01 3.615009e-01 2.820573e-01 2.174655e-01 1.697737e-01 1.336051e-01 1.048865e-01 8.248079e-02 6.333529e-02 4.958460e-02 3.896654e-02 2.971573e-02 2.451474e-02 1.958278e-02 1.618576e-02 1.209524e-02 1.120775e-02 8.189161e-03 6.785261e-03 5.476539e-03 5.056209e-03 4.040891e-03 3.062947e-03 3.458650e-03 2.625227e-03 1.953681e-03 1.609543e-03 1.544864e-03 1.186835e-03 1.198102e-03 9.469038e-04 6.488270e-04 6.143616e-04 6.377533e-04 4.767343e-04 4.483237e-04 3.158512e-04 2.576681e-04 2.523554e-04 2.307735e-04 2.746759e-04 1.742804e-04 1.087932e-04 4.575415e-05 1.197723e-04 1.029125e-04 8.664946e-05 7.095209e-05 5.579139e-05 5.485372e-05 2.697352e-05 2.653493e-05 3.916555e-05 1.284959e-05 2.530075e-05 2.491447e-05 4.907964e-05 1.208813e-05 1.191167e-05 3.522082e-05 3.472124e-05 1.141187e-05 0.000000e+00 2.220270e-05 2.190467e-05 2.161454e-05 1.066600e-05 0.000000e+00 1.039426e-05 0.000000e+00 0.000000e+00 0.000000e+00 9.890292e-06 9.771845e-06 0.000000e+00 1.908653e-05 0.000000e+00 9.325132e-06 0.000000e+00 0.000000e+00 0.000000e+00 0.000000e+00 0.000000e+00 0.000000e+00 0.000000e+00 0.000000e+00 0.000000e+00 0.000000e+00 0.000000e+00 0.000000e+00
SPEC pim sel0 meanpt 0.4199 yield 0.91089 3.594173e+00 3.175823e+00 2.625784e+00 2.128129e+00 1.672188e+00 1.309122e+00 1.028386e+00 8.046874e-01 6.013114e-01 4.885219e-01 3.733970e-01 2.967993e-01 2.351492e-01 1.799377e-01 1.471438e-01 1.114818e-01 8.615036e-02 6.537695e-02 5.240438e-02 3.908332e-02 3.482554e-02 2.728370e-02 2.037183e-02 1.544142e-02 1.265815e-02 1.002186e-02 7.481569e-03 6.878801e-03 5.201455e-03 4.223579e-03 3.548373e-03 2.771678e-03 2.714379e-03 1.927505e-03 1.634386e-03 1.280925e-03 1.644497e-03 1.236861e-03 8.740234e-04 9.209689e-04 8.084061e-04 5.697802e-04 3.851817e-04 5.435834e-04 3.065585e-04 3.198090e-04 2.542567e-04 1.914646e-04 1.687652e-04 1.653558e-04 1.440724e-04 8.829678e-05 6.929195e-05 5.099758e-05 1.001237e-04 8.193305e-05 1.126761e-04 6.326656e-05 4.663881e-05 3.056998e-05 3.006469e-05 4.436375e-05 2.910262e-05 0.000000e+00 2.820021e-05 1.388484e-05 1.367604e-05 2.694687e-05 0.000000e+00 2.617142e-05 2.580019e-05 1.271968e-05 2.508846e-05 1.237356e-05 3.662242e-05 0.000000e+00 0.000000e+00 0.000000e+00 2.317087e-05 1.143971e-05 0.000000e+00 0.000000e+00 2.204744e-05 2.178340e-05 0.000000e+00 0.000000e+00 0.000000e+00 0.000000e+00 1.027635e-05 0.000000e+00 0.000000e+00 0.000000e+00 0.000000e+00 1.945362e-05 0.000000e+00 0.000000e+00 0.000000e+00 0.000000e+00 0.000000e+00 0.000000e+00
SPEC pim sel1 meanpt 0.4212 yield 1.54914 4.321266e+00 3.763157e+00 3.144668e+00 2.530841e+00 1.988377e+00 1.544072e+00 1.216768e+00 9.492207e-01 7.195711e-01 5.834465e-01 4.433323e-01 3.523481e-01 2.819267e-01 2.165589e-01 1.741066e-01 1.306045e-01 1.030568e-01 8.024276e-02 6.311476e-02 4.694845e-02 3.968299e-02 3.161328e-02 2.426089e-02 1.933973e-02 1.521995e-02 1.270321e-02 9.267950e-03 8.159491e-03 6.441703e-03 5.227606e-03 4.574665e-03 3.678247e-03 3.489751e-03 2.192102e-03 2.033960e-03 1.700852e-03 1.833091e-03 1.436070e-03 1.229222e-03 1.115475e-03 8.864632e-04 6.684884e-04 5.759640e-04 6.189958e-04 4.583983e-04 3.407260e-04 2.983040e-04 2.748460e-04 2.355317e-04 1.978058e-04 1.938889e-04 1.425930e-04 1.398770e-04 1.372625e-04 1.197723e-04 1.323161e-04 1.155326e-04 5.676167e-05 5.579139e-05 2.742686e-05 2.697352e-05 3.980239e-05 3.916555e-05 1.284959e-05 2.530075e-05 2.491447e-05 2.453982e-05 3.626440e-05 0.000000e+00 2.348055e-05 2.314749e-05 1.141187e-05 3.376341e-05 1.110135e-05 3.285701e-05 1.080727e-05 1.066600e-05 0.000000e+00 2.078851e-05 1.026351e-05 0.000000e+00 0.000000e+00 1.978058e-05 1.954369e-05 0.000000e+00 0.000000e+00 0.000000e+00 0.000000e+00 9.219763e-06 0.000000e+00 9.016012e-06 0.000000e+00 0.000000e+00 1.745346e-05 0.000000e+00 0.000000e+00 0.000000e+00 0.000000e+00 0.000000e+00 0.000000e+00
SPEC kp sel0 meanpt 0.5422 yield 0.10272 1.818914e-01 1.649148e-01 1.629747e-01 1.465525e-01 1.255050e-01 1.193869e-01 1.033982e-01 9.021812e-02 7.446846e-02 6.375771e-02 5.586663e-02 4.175593e-02 3.754238e-02 2.849631e-02 2.439853e-02 2.006672e-02 1.537809e-02 1.252452e-02 1.096264e-02 6.529434e-03 5.678560e-03 4.949137e-03 4.001610e-03 3.289525e-03 2.561327e-03 2.246893e-03 1.647318e-03 1.653558e-03 1.435984e-03 8.940423e-04 7.156382e-04 7.506628e-04 5.596657e-04 5.158113e-04 3.690549e-04 3.586590e-04 3.737494e-04 1.455131e-04 2.126003e-04 1.381453e-04 2.470130e-04 2.191462e-04 1.283939e-04 1.045353e-04 2.452468e-04 7.995225e-05 7.823284e-05 1.914646e-05 1.500135e-04 9.186433e-05 3.601809e-05 5.297807e-05 1.732299e-05 0.000000e+00 3.337456e-05 3.277322e-05 1.609658e-05 0.000000e+00 3.109254e-05 1.528499e-05 1.503234e-05 1.478792e-05 2.910262e-05 0.000000e+00 1.410011e-05 0.000000e+00 0.000000e+00 0.000000e+00 0.000000e+00 0.000000e+00 2.580019e-05 0.000000e+00 0.000000e+00 0.000000e+00 0.000000e+00 0.000000e+00 1.188832e-05 0.000000e+00 0.000000e+00 0.000000e+00 0.000000e+00 0.000000e+00 0.000000e+00 0.000000e+00 0.000000e+00 0.000000e+00 0.000000e+00 0.000000e+00 0.000000e+00 0.000000e+00 0.000000e+00 0.000000e+00 0.000000e+00 0.000000e+00 0.000000e+00 0.000000e+00 0.000000e+00 0.000000e+00 0.000000e+00 0.000000e+00
SPEC kp sel1 meanpt 0.5427 yield 0.17503 2.056192e-01 1.920200e-01 2.036609e-01 1.680855e-01 1.548490e-01 1.462774e-01 1.207605e-01 1.077053e-01 8.927443e-02 7.480965e-02 6.372174e-02 4.952456e-02 4.412652e-02 3.463250e-02 2.853008e-02 2.421526e-02 1.933552e-02 1.403432e-02 1.261413e-02 8.577926e-03 7.403245e-03 5.996277e-03 4.641844e-03 3.749894e-03 3.297100e-03 2.815824e-03 2.278499e-03 1.869265e-03 1.746417e-03 1.078712e-03 9.630874e-04 9.066101e-04 6.778654e-04 6.819873e-04 5.203153e-04 4.596896e-04 3.576763e-04 1.958278e-04 2.967087e-04 1.445986e-04 2.619096e-04 1.966142e-04 1.343916e-04 1.313021e-04 2.200312e-04 8.966473e-05 7.018917e-05 3.435575e-05 1.514132e-04 8.241910e-05 4.847222e-05 6.337468e-05 3.108377e-05 1.525138e-05 4.491463e-05 2.940357e-05 1.444158e-05 0.000000e+00 2.789569e-05 1.371343e-05 2.697352e-05 1.326746e-05 2.611037e-05 0.000000e+00 2.530075e-05 0.000000e+00 0.000000e+00 0.000000e+00 0.000000e+00 0.000000e+00 2.314749e-05 0.000000e+00 0.000000e+00 0.000000e+00 0.000000e+00 0.000000e+00 2.133200e-05 0.000000e+00 0.000000e+00 0.000000e+00 0.000000e+00 0.000000e+00 0.000000e+00 0.000000e+00 0.000000e+00 0.000000e+00 0.000000e+00 0.000000e+00 0.000000e+00 0.000000e+00 0.000000e+00 0.000000e+00 0.000000e+00 0.000000e+00 0.000000e+00 0.000000e+00 0.000000e+00 0.000000e+00 0.000000e+00 0.000000e+00
SPEC km sel0 meanpt 0.5462 yield 0.10087 1.818914e-01 1.764346e-01 1.677038e-01 1.418753e-01 1.305576e-01 1.174026e-01 1.011596e-01 7.966842e-02 7.232857e-02 5.944976e-02 5.205558e-02 3.985793e-02 3.405006e-02 2.903525e-02 2.414765e-02 1.918661e-02 1.747259e-02 1.190089e-02 8.750449e-03 7.368932e-03 6.610198e-03 5.287540e-03 5.295060e-03 3.018623e-03 2.969655e-03 2.425218e-03 1.887552e-03 1.554344e-03 1.467895e-03 1.171504e-03 6.261834e-04 6.929195e-04 7.835320e-04 6.244032e-04 5.008603e-04 2.818035e-04 4.235826e-04 2.667740e-04 2.598448e-04 2.072180e-04 2.021015e-04 1.314877e-04 1.069949e-04 1.463494e-04 1.226234e-04 7.995225e-05 3.911642e-05 9.573230e-05 3.750337e-05 1.837287e-05 5.402714e-05 3.531871e-05 0.000000e+00 1.699919e-05 1.668728e-05 1.638661e-05 1.609658e-05 1.581664e-05 7.773135e-05 0.000000e+00 3.006469e-05 0.000000e+00 1.455131e-05 0.000000e+00 0.000000e+00 0.000000e+00 0.000000e+00 0.000000e+00 0.000000e+00 0.000000e+00 1.290010e-05 0.000000e+00 0.000000e+00 0.000000e+00 0.000000e+00 0.000000e+00 0.000000e+00 0.000000e+00 0.000000e+00 0.000000e+00 0.000000e+00 0.000000e+00 0.000000e+00 0.000000e+00 0.000000e+00 0.000000e+00 0.000000e+00 0.000000e+00 0.000000e+00 0.000000e+00 0.000000e+00 0.000000e+00 0.000000e+00 9.726811e-06 0.000000e+00 0.000000e+00 0.000000e+00 0.000000e+00 0.000000e+00 0.000000e+00
SPEC km sel1 meanpt 0.5472 yield 0.17008 1.990916e-01 2.061631e-01 1.961542e-01 1.697174e-01 1.510412e-01 1.357443e-01 1.208860e-01 9.497647e-02 8.725855e-02 7.334953e-02 6.069107e-02 4.718314e-02 4.158076e-02 3.312149e-02 2.824872e-02 2.168845e-02 1.978058e-02 1.375457e-02 1.062939e-02 8.577926e-03 7.960479e-03 6.223983e-03 5.983626e-03 3.611009e-03 3.430316e-03 3.295794e-03 2.524823e-03 1.780252e-03 1.660528e-03 1.382965e-03 9.363350e-04 7.511912e-04 8.787144e-04 6.576306e-04 5.676167e-04 3.217827e-04 4.023858e-04 3.046210e-04 2.755153e-04 2.478833e-04 2.619096e-04 2.162757e-04 1.535904e-04 1.313021e-04 1.466875e-04 1.255306e-04 7.018917e-05 1.030672e-04 5.047108e-05 3.296764e-05 6.462963e-05 3.168734e-05 0.000000e+00 1.525138e-05 2.994308e-05 1.470178e-05 5.776630e-05 1.419042e-05 6.973924e-05 1.371343e-05 2.697352e-05 1.326746e-05 1.305518e-05 0.000000e+00 0.000000e+00 0.000000e+00 0.000000e+00 0.000000e+00 0.000000e+00 0.000000e+00 1.157375e-05 0.000000e+00 0.000000e+00 0.000000e+00 0.000000e+00 0.000000e+00 0.000000e+00 1.052837e-05 0.000000e+00 0.000000e+00 0.000000e+00 0.000000e+00 0.000000e+00 0.000000e+00 0.000000e+00 0.000000e+00 0.000000e+00 0.000000e+00 0.000000e+00 0.000000e+00 0.000000e+00 0.000000e+00 0.000000e+00 8.726728e-06 0.000000e+00 0.000000e+00 0.000000e+00 0.000000e+00 0.000000e+00 0.000000e+00
SPEC p sel0 meanpt 0.6037 yield 0.05409 7.821329e-02 8.063850e-02 6.257063e-02 5.664617e-02 5.557792e-02 5.969344e-02 4.617242e-02 4.292636e-02 3.980211e-02 2.881542e-02 2.754355e-02 2.309229e-02 2.080837e-02 1.515761e-02 1.367321e-02 1.126553e-02 9.425280e-03 8.315034e-03 7.029855e-03 4.710520e-03 4.347647e-03 4.145431e-03 2.506059e-03 2.438118e-03 2.227241e-03 1.676254e-03 1.269808e-03 1.190562e-03 8.615907e-04 1.202333e-03 5.665469e-04 6.351762e-04 5.316824e-04 4.072195e-04 2.636107e-04 2.818035e-04 2.242496e-04 3.395305e-04 1.653558e-04 9.209689e-05 1.571901e-04 6.574387e-05 8.559594e-05 8.362821e-05 4.087446e-05 1.199284e-04 5.867463e-05 7.658584e-05 5.625506e-05 1.837287e-05 1.800905e-05 0.000000e+00 0.000000e+00 0.000000e+00 3.337456e-05 0.000000e+00 4.828974e-05 0.000000e+00 1.554627e-05 1.528499e-05 0.000000e+00 0.000000e+00 1.455131e-05 1.432215e-05 0.000000e+00 0.000000e+00 0.000000e+00 0.000000e+00 0.000000e+00 0.000000e+00 0.000000e+00 0.000000e+00 0.000000e+00 0.000000e+00 0.000000e+00 0.000000e+00 0.000000e+00 0.000000e+00 0.000000e+00 0.000000e+00 0.000000e+00 0.000000e+00 0.000000e+00 0.000000e+00 0.000000e+00 0.000000e+00 0.000000e+00 0.000000e+00 0.000000e+00 0.000000e+00 0.000000e+00 0.000000e+00 0.000000e+00 0.000000e+00 0.000000e+00 0.000000e+00 0.000000e+00 0.000000e+00 0.000000e+00 0.000000e+00
SPEC p sel1 meanpt 0.6062 yield 0.09373 8.322680e-02 9.084233e-02 7.767835e-02 7.063788e-02 6.636386e-02 7.046833e-02 5.422923e-02 5.330867e-02 4.694107e-02 3.590176e-02 3.458070e-02 2.923226e-02 2.584927e-02 1.928057e-02 1.502472e-02 1.358160e-02 1.112658e-02 1.011777e-02 8.335912e-03 6.276531e-03 5.373323e-03 4.743890e-03 3.227532e-03 3.020748e-03 2.697627e-03 2.175864e-03 1.385574e-03 1.305518e-03 1.116562e-03 1.382965e-03 6.955631e-04 7.252880e-04 6.025470e-04 5.602038e-04 2.838084e-04 4.137206e-04 2.682572e-04 3.916555e-04 2.331283e-04 8.262775e-05 1.410282e-04 9.830712e-05 9.599401e-05 9.378725e-05 3.667187e-05 1.793295e-04 8.773646e-05 8.588937e-05 6.729477e-05 1.648382e-05 4.847222e-05 0.000000e+00 3.108377e-05 0.000000e+00 2.994308e-05 0.000000e+00 4.332473e-05 0.000000e+00 2.789569e-05 1.371343e-05 1.348676e-05 0.000000e+00 2.611037e-05 1.284959e-05 0.000000e+00 0.000000e+00 0.000000e+00 0.000000e+00 1.191167e-05 0.000000e+00 0.000000e+00 0.000000e+00 0.000000e+00 0.000000e+00 0.000000e+00 0.000000e+00 0.000000e+00 0.000000e+00 0.000000e+00 0.000000e+00 0.000000e+00 0.000000e+00 0.000000e+00 0.000000e+00 0.000000e+00 0.000000e+00 0.000000e+00 0.000000e+00 0.000000e+00 0.000000e+00 0.000000e+00 0.000000e+00 0.000000e+00 0.000000e+00 0.000000e+00 0.000000e+00 0.000000e+00 0.000000e+00 0.000000e+00 0.000000e+00
SPEC pbar sel0 meanpt 0.5898 yield 0.04764 6.366198e-02 6.366198e-02 6.366198e-02 5.872493e-02 5.092958e-02 4.547284e-02 4.169510e-02 4.001610e-02 3.177749e-02 2.843249e-02 2.503172e-02 2.048255e-02 1.797087e-02 1.630286e-02 1.078804e-02 9.329267e-03 8.267789e-03 6.392182e-03 5.505901e-03 4.757159e-03 4.214556e-03 3.384025e-03 3.112363e-03 1.586712e-03 1.559069e-03 1.390934e-03 1.544361e-03 9.590636e-04 7.339476e-04 3.391195e-04 7.454564e-04 3.753314e-04 3.637827e-04 3.529235e-04 2.108885e-04 1.280925e-04 1.494998e-04 2.182696e-04 1.653558e-04 1.381453e-04 4.491145e-05 1.314877e-04 1.069949e-04 1.045353e-04 0.000000e+00 5.996419e-05 5.867463e-05 1.914646e-05 1.875169e-05 1.837287e-05 0.000000e+00 1.765936e-05 0.000000e+00 3.399839e-05 0.000000e+00 1.638661e-05 0.000000e+00 0.000000e+00 0.000000e+00 0.000000e+00 0.000000e+00 0.000000e+00 0.000000e+00 0.000000e+00 0.000000e+00 0.000000e+00 0.000000e+00 0.000000e+00 0.000000e+00 0.000000e+00 0.000000e+00 0.000000e+00 0.000000e+00 0.000000e+00 0.000000e+00 0.000000e+00 0.000000e+00 0.000000e+00 0.000000e+00 0.000000e+00 0.000000e+00 0.000000e+00 0.000000e+00 0.000000e+00 0.000000e+00 1.063692e-05 0.000000e+00 0.000000e+00 0.000000e+00 0.000000e+00 0.000000e+00 0.000000e+00 0.000000e+00 0.000000e+00 0.000000e+00 0.000000e+00 0.000000e+00 0.000000e+00 0.000000e+00 0.000000e+00
SPEC pbar sel1 meanpt 0.6012 yield 0.08157 7.180352e-02 7.506731e-02 7.604645e-02 6.597531e-02 5.892965e-02 5.385264e-02 4.770164e-02 4.982729e-02 3.926155e-02 3.323919e-02 2.968500e-02 2.412371e-02 2.101885e-02 1.885749e-02 1.299891e-02 1.105479e-02 1.068151e-02 7.739860e-03 6.527592e-03 6.192844e-03 5.333521e-03 3.984867e-03 3.445118e-03 2.187438e-03 1.964939e-03 1.727892e-03 1.816641e-03 1.068151e-03 8.302640e-04 6.085044e-04 9.095826e-04 6.216755e-04 4.268041e-04 4.871338e-04 3.311098e-04 2.298448e-04 3.129668e-04 2.828623e-04 1.907413e-04 1.445986e-04 1.007345e-04 1.572914e-04 1.151928e-04 1.500596e-04 0.000000e+00 5.379884e-05 5.264187e-05 1.717787e-05 3.364738e-05 1.648382e-05 4.847222e-05 1.584367e-05 0.000000e+00 4.575415e-05 0.000000e+00 1.470178e-05 1.444158e-05 1.419042e-05 1.394785e-05 0.000000e+00 0.000000e+00 0.000000e+00 0.000000e+00 1.284959e-05 0.000000e+00 0.000000e+00 0.000000e+00 0.000000e+00 1.191167e-05 0.000000e+00 0.000000e+00 0.000000e+00 0.000000e+00 0.000000e+00 0.000000e+00 0.000000e+00 0.000000e+00 0.000000e+00 0.000000e+00 0.000000e+00 0.000000e+00 0.000000e+00 0.000000e+00 0.000000e+00 0.000000e+00 9.543264e-06 0.000000e+00 0.000000e+00 0.000000e+00 0.000000e+00 0.000000e+00 0.000000e+00 0.000000e+00 0.000000e+00 0.000000e+00 0.000000e+00 0.000000e+00 0.000000e+00 0.000000e+00 0.000000e+00
SPEC pinc sel0 meanpt 0.5891 yield 0.07162 9.822134e-02 1.073159e-01 9.130946e-02 7.873298e-02 8.245742e-02 7.970149e-02 6.436156e-02 5.881154e-02 5.296249e-02 4.116489e-02 3.672473e-02 2.894445e-02 2.633787e-02 1.940175e-02 1.749920e-02 1.390589e-02 1.190562e-02 1.044576e-02 9.045408e-03 6.249601e-03 5.323650e-03 5.118338e-03 3.152784e-03 3.134723e-03 2.598448e-03 2.175563e-03 1.647318e-03 1.554344e-03 1.148788e-03 1.448965e-03 8.945477e-04 7.506628e-04 6.156323e-04 4.615154e-04 2.899717e-04 2.818035e-04 2.740829e-04 3.637827e-04 1.889780e-04 1.151211e-04 1.571901e-04 1.314877e-04 1.069949e-04 1.254423e-04 6.131170e-05 1.199284e-04 7.823284e-05 7.658584e-05 5.625506e-05 3.674573e-05 1.800905e-05 5.297807e-05 0.000000e+00 0.000000e+00 3.337456e-05 0.000000e+00 4.828974e-05 1.581664e-05 1.554627e-05 1.528499e-05 0.000000e+00 0.000000e+00 1.455131e-05 1.432215e-05 0.000000e+00 0.000000e+00 0.000000e+00 0.000000e+00 0.000000e+00 0.000000e+00 0.000000e+00 0.000000e+00 0.000000e+00 0.000000e+00 0.000000e+00 0.000000e+00 0.000000e+00 0.000000e+00 0.000000e+00 0.000000e+00 0.000000e+00 0.000000e+00 1.102372e-05 0.000000e+00 0.000000e+00 0.000000e+00 0.000000e+00 0.000000e+00 0.000000e+00 0.000000e+00 0.000000e+00 0.000000e+00 0.000000e+00 0.000000e+00 0.000000e+00 0.000000e+00 0.000000e+00 0.000000e+00 0.000000e+00 0.000000e+00
SPEC pinc sel1 meanpt 0.5925 yield 0.12325 1.142329e-01 1.218484e-01 1.093372e-01 9.768076e-02 9.682595e-02 9.435338e-02 7.519284e-02 7.028041e-02 6.220412e-02 4.921461e-02 4.592628e-02 3.597271e-02 3.296434e-02 2.472023e-02 1.947023e-02 1.742446e-02 1.414312e-02 1.286868e-02 1.062939e-02 7.992116e-03 6.726604e-03 5.882423e-03 4.061613e-03 3.749894e-03 3.130580e-03 2.847822e-03 1.785851e-03 1.780252e-03 1.431490e-03 1.604239e-03 1.016592e-03 8.807069e-04 7.029715e-04 6.089172e-04 3.547605e-04 4.367051e-04 3.353215e-04 4.569315e-04 2.543218e-04 1.032847e-04 1.410282e-04 1.769528e-04 1.151928e-04 1.313021e-04 5.500780e-05 1.793295e-04 1.228310e-04 8.588937e-05 6.729477e-05 4.945146e-05 4.847222e-05 4.753101e-05 3.108377e-05 0.000000e+00 2.994308e-05 0.000000e+00 4.332473e-05 1.419042e-05 2.789569e-05 1.371343e-05 1.348676e-05 0.000000e+00 2.611037e-05 1.284959e-05 0.000000e+00 0.000000e+00 0.000000e+00 0.000000e+00 1.191167e-05 0.000000e+00 0.000000e+00 0.000000e+00 0.000000e+00 0.000000e+00 0.000000e+00 0.000000e+00 0.000000e+00 0.000000e+00 0.000000e+00 0.000000e+00 0.000000e+00 0.000000e+00 9.890292e-06 0.000000e+00 0.000000e+00 0.000000e+00 0.000000e+00 0.000000e+00 0.000000e+00 0.000000e+00 0.000000e+00 0.000000e+00 0.000000e+00 0.000000e+00 0.000000e+00 0.000000e+00 0.000000e+00 0.000000e+00 0.000000e+00 0.000000e+00
SPEC pbarinc sel0 meanpt 0.5744 yield 0.06363 9.458351e-02 8.852046e-02 8.403381e-02 8.055189e-02 7.599017e-02 6.382733e-02 5.820524e-02 5.359732e-02 4.450989e-02 3.972890e-02 3.395305e-02 2.680921e-02 2.357312e-02 2.115329e-02 1.367321e-02 1.185228e-02 1.063789e-02 8.263065e-03 6.980696e-03 6.109684e-03 5.101831e-03 4.356933e-03 3.961190e-03 1.857614e-03 1.856034e-03 1.711919e-03 1.750275e-03 1.124419e-03 8.615907e-04 4.007776e-04 8.945477e-04 4.330747e-04 5.036992e-04 4.072195e-04 2.636107e-04 1.537110e-04 1.494998e-04 2.425218e-04 3.070893e-04 1.841938e-04 6.736717e-05 1.314877e-04 1.283939e-04 1.045353e-04 2.043723e-05 9.994031e-05 5.867463e-05 1.914646e-05 1.875169e-05 3.674573e-05 1.800905e-05 1.765936e-05 0.000000e+00 3.399839e-05 1.668728e-05 1.638661e-05 1.609658e-05 0.000000e+00 0.000000e+00 0.000000e+00 0.000000e+00 0.000000e+00 0.000000e+00 0.000000e+00 0.000000e+00 0.000000e+00 0.000000e+00 0.000000e+00 0.000000e+00 0.000000e+00 0.000000e+00 0.000000e+00 0.000000e+00 0.000000e+00 0.000000e+00 0.000000e+00 0.000000e+00 0.000000e+00 0.000000e+00 0.000000e+00 0.000000e+00 0.000000e+00 0.000000e+00 0.000000e+00 0.000000e+00 1.063692e-05 0.000000e+00 0.000000e+00 0.000000e+00 0.000000e+00 0.000000e+00 0.000000e+00 0.000000e+00 0.000000e+00 0.000000e+00 0.000000e+00 0.000000e+00 0.000000e+00 0.000000e+00 0.000000e+00
SPEC pbarinc sel1 meanpt 0.5831 yield 0.10894 1.077053e-01 1.082492e-01 1.041151e-01 9.325132e-02 8.522135e-02 7.551238e-02 6.640570e-02 6.690782e-02 5.452460e-02 4.638026e-02 4.040891e-02 3.214130e-02 2.689368e-02 2.429715e-02 1.654407e-02 1.452916e-02 1.404421e-02 9.931266e-03 8.159491e-03 7.657368e-03 6.527592e-03 5.161352e-03 4.533050e-03 2.534650e-03 2.431195e-03 2.111868e-03 2.001384e-03 1.364860e-03 9.734129e-04 7.191415e-04 1.070097e-03 6.993849e-04 6.025470e-04 5.602038e-04 3.784112e-04 2.528293e-04 3.129668e-04 3.046210e-04 3.179022e-04 2.065694e-04 1.208813e-04 1.572914e-04 1.343916e-04 1.500596e-04 1.833593e-05 7.173179e-05 5.264187e-05 1.717787e-05 3.364738e-05 3.296764e-05 6.462963e-05 1.584367e-05 0.000000e+00 6.100554e-05 1.497154e-05 1.470178e-05 2.888315e-05 1.419042e-05 1.394785e-05 0.000000e+00 0.000000e+00 0.000000e+00 0.000000e+00 1.284959e-05 1.265037e-05 0.000000e+00 0.000000e+00 0.000000e+00 1.191167e-05 0.000000e+00 0.000000e+00 0.000000e+00 0.000000e+00 0.000000e+00 0.000000e+00 0.000000e+00 0.000000e+00 0.000000e+00 0.000000e+00 0.000000e+00 0.000000e+00 0.000000e+00 0.000000e+00 0.000000e+00 0.000000e+00 9.543264e-06 0.000000e+00 0.000000e+00 0.000000e+00 0.000000e+00 0.000000e+00 0.000000e+00 0.000000e+00 0.000000e+00 0.000000e+00 0.000000e+00 0.000000e+00 0.000000e+00 0.000000e+00 0.000000e+00
SPEC chpm sel0eta05 meanpt 0.4749 yield 2.60144 3.827358e+00 3.570164e+00 3.896877e+00 3.573620e+00 3.061717e+00 2.548563e+00 2.081453e+00 1.677875e+00 1.322671e+00 1.072939e+00 8.560414e-01 6.778063e-01 5.490209e-01 4.249791e-01 3.407891e-01 2.692286e-01 2.146373e-01 1.669035e-01 1.323481e-01 1.017286e-01 8.406486e-02 6.733364e-02 5.361753e-02 4.139383e-02 3.492314e-02 2.798630e-02 2.294234e-02 1.847355e-02 1.505550e-02 1.221447e-02 1.058250e-02 8.589314e-03 7.384789e-03 6.480219e-03 5.000694e-03 4.088713e-03 3.767394e-03 3.395305e-03 2.794513e-03 2.433660e-03 2.027752e-03 1.672086e-03 1.363115e-03 1.390319e-03 1.087261e-03 9.934067e-04 7.529911e-04 6.299185e-04 5.775520e-04 4.887182e-04 5.294659e-04 3.955696e-04 2.425218e-04 2.022904e-04 3.037085e-04 2.408832e-04 2.704226e-04 1.328598e-04 1.958830e-04 9.629543e-05 8.418113e-05 7.246079e-05 1.222310e-04 4.010203e-05 7.896059e-05 3.887754e-05 5.743938e-05 3.772562e-05 2.788116e-05 4.579998e-05 7.224054e-05 1.780755e-05 2.634289e-05 2.598448e-05 4.272616e-05 2.529615e-05 3.328731e-05 8.214449e-06 2.432942e-05 8.007796e-06 0.000000e+00 0.000000e+00 3.858302e-05 2.287257e-05 0.000000e+00 2.233754e-05 0.000000e+00 7.275655e-06 7.193444e-06 0.000000e+00 7.034473e-06 0.000000e+00 0.000000e+00 2.042630e-05 0.000000e+00 0.000000e+00 0.000000e+00 0.000000e+00 0.000000e+00 0.000000e+00
