# gen_world scan_p2.60_s0.380_k0.217_q0.095 mode set MultipartonInteractions:pT0Ref=2.60;StringPT:sigma=0.380;StringFlav:probStoUD=0.217;StringFlav:probQQtoQ=0.095 nev 100000 seed 20260924
SUMMARY nev 100000 nnsd 77651 dnde 2.1068 eps 0.5069 classN 17.1080 15.4698 7.1429 1.1116 meanpt_ch05 0.4630
SPEC pip sel0 meanpt 0.4089 yield 0.75296 2.913900e+00 2.667134e+00 2.243448e+00 1.795528e+00 1.430677e+00 1.098128e+00 8.589470e-01 6.723917e-01 5.141106e-01 3.970018e-01 3.145854e-01 2.484003e-01 1.840013e-01 1.463215e-01 1.149052e-01 8.724918e-02 6.928407e-02 5.342409e-02 4.134342e-02 3.082825e-02 2.422261e-02 1.848524e-02 1.467257e-02 1.075868e-02 1.020819e-02 8.238609e-03 5.147869e-03 4.663033e-03 3.701649e-03 3.021246e-03 2.445097e-03 1.790042e-03 1.846897e-03 1.493138e-03 1.265331e-03 1.127214e-03 1.071415e-03 5.092958e-04 6.850454e-04 5.295571e-04 4.042030e-04 3.506340e-04 2.781868e-04 2.717917e-04 2.043723e-04 2.998209e-04 1.955821e-04 1.914646e-04 2.062686e-04 1.286101e-04 9.004523e-05 8.829678e-05 5.196896e-05 8.499596e-05 1.668728e-05 3.277322e-05 4.828974e-05 3.163328e-05 3.109254e-05 1.528499e-05 0.000000e+00 1.478792e-05 0.000000e+00 4.296646e-05 2.820021e-05 0.000000e+00 0.000000e+00 4.042030e-05 0.000000e+00 0.000000e+00 0.000000e+00 1.271968e-05 0.000000e+00 0.000000e+00 1.220747e-05 1.204579e-05 0.000000e+00 2.346985e-05 1.158544e-05 2.287942e-05 2.259520e-05 0.000000e+00 0.000000e+00 1.089170e-05 0.000000e+00 0.000000e+00 1.051395e-05 0.000000e+00 0.000000e+00 0.000000e+00 0.000000e+00 0.000000e+00 0.000000e+00 0.000000e+00 9.623882e-06 0.000000e+00 0.000000e+00 0.000000e+00 0.000000e+00 0.000000e+00
SPEC pip sel1 meanpt 0.4118 yield 1.26911 3.381051e+00 3.129631e+00 2.609739e+00 2.127387e+00 1.684513e+00 1.293570e+00 1.006268e+00 7.833369e-01 6.079410e-01 4.672268e-01 3.706491e-01 2.900834e-01 2.212932e-01 1.762368e-01 1.371690e-01 1.043058e-01 8.198475e-02 6.469768e-02 4.914653e-02 3.741868e-02 2.787481e-02 2.219308e-02 1.789089e-02 1.287335e-02 1.197981e-02 9.613114e-03 6.837219e-03 5.932715e-03 4.631419e-03 3.779636e-03 2.983707e-03 2.264341e-03 2.295573e-03 1.811006e-03 1.497113e-03 1.316375e-03 1.325233e-03 6.996032e-04 9.156738e-04 6.226690e-04 5.668081e-04 4.741287e-04 4.629727e-04 4.146355e-04 2.026589e-04 3.243353e-04 2.292047e-04 1.898594e-04 2.028489e-04 1.490632e-04 1.623460e-04 1.114356e-04 1.093130e-04 1.379183e-04 6.017229e-05 2.954405e-05 5.804230e-05 5.703287e-05 7.007243e-05 1.377895e-05 1.355120e-05 2.666171e-05 0.000000e+00 5.164394e-05 3.813244e-05 0.000000e+00 0.000000e+00 4.858355e-05 2.393715e-05 1.179637e-05 0.000000e+00 1.146640e-05 0.000000e+00 0.000000e+00 1.100466e-05 1.085891e-05 0.000000e+00 2.115735e-05 1.044392e-05 2.062509e-05 2.036888e-05 0.000000e+00 0.000000e+00 9.818533e-06 0.000000e+00 0.000000e+00 9.478006e-06 0.000000e+00 0.000000e+00 0.000000e+00 0.000000e+00 0.000000e+00 0.000000e+00 0.000000e+00 8.675635e-06 0.000000e+00 0.000000e+00 0.000000e+00 0.000000e+00 0.000000e+00
SPEC pim sel0 meanpt 0.4086 yield 0.73860 2.910262e+00 2.639244e+00 2.276552e+00 1.731606e+00 1.398340e+00 1.078285e+00 8.417373e-01 6.337095e-01 5.082259e-01 4.062879e-01 3.006404e-01 2.399384e-01 1.846561e-01 1.469952e-01 1.093230e-01 8.589966e-02 6.476435e-02 5.009808e-02 4.198249e-02 3.045514e-02 2.435570e-02 1.730083e-02 1.309618e-02 1.153269e-02 9.725620e-03 6.919005e-03 5.079231e-03 4.629962e-03 3.605917e-03 3.668656e-03 2.743280e-03 2.396347e-03 1.734964e-03 1.683174e-03 1.212609e-03 1.101596e-03 8.222486e-04 7.760698e-04 4.724451e-04 5.525814e-04 3.817473e-04 3.287193e-04 3.637827e-04 2.299776e-04 3.065585e-04 2.198687e-04 1.369075e-04 9.573230e-05 1.687652e-04 1.469829e-04 5.402714e-05 1.236155e-04 1.039379e-04 6.799677e-05 1.001237e-04 4.915983e-05 4.828974e-05 1.581664e-05 3.109254e-05 1.528499e-05 0.000000e+00 2.957583e-05 4.365393e-05 2.864431e-05 2.820021e-05 0.000000e+00 4.102813e-05 4.042030e-05 0.000000e+00 0.000000e+00 1.290010e-05 1.271968e-05 0.000000e+00 0.000000e+00 2.441495e-05 1.204579e-05 0.000000e+00 0.000000e+00 1.158544e-05 0.000000e+00 0.000000e+00 0.000000e+00 0.000000e+00 1.089170e-05 0.000000e+00 0.000000e+00 0.000000e+00 1.039379e-05 0.000000e+00 1.016153e-05 1.004925e-05 0.000000e+00 0.000000e+00 9.726811e-06 0.000000e+00 0.000000e+00 9.424423e-06 0.000000e+00 0.000000e+00 0.000000e+00
SPEC pim sel1 meanpt 0.4107 yield 1.24984 3.508947e+00 3.120886e+00 2.654338e+00 2.074214e+00 1.631314e+00 1.272105e+00 9.889883e-01 7.514176e-01 5.981029e-01 4.825881e-01 3.582343e-01 2.815285e-01 2.193912e-01 1.735647e-01 1.314018e-01 1.038826e-01 7.751285e-02 6.071556e-02 4.932380e-02 3.762890e-02 2.943452e-02 2.211682e-02 1.621476e-02 1.371064e-02 1.050743e-02 8.455682e-03 6.527842e-03 5.604776e-03 4.631419e-03 4.335465e-03 3.225629e-03 2.810906e-03 2.371251e-03 1.982318e-03 1.235712e-03 1.316375e-03 9.433861e-04 1.071267e-03 6.601369e-04 7.472028e-04 4.453493e-04 4.543733e-04 4.629727e-04 3.015531e-04 3.684708e-04 2.522608e-04 1.763113e-04 1.380796e-04 2.704652e-04 1.987509e-04 3.246921e-05 1.910324e-04 9.369686e-05 4.597276e-05 1.203446e-04 5.908811e-05 5.804230e-05 1.425822e-05 8.408692e-05 1.377895e-05 0.000000e+00 3.999256e-05 5.247024e-05 3.873295e-05 2.542163e-05 1.251676e-05 3.698560e-05 3.643767e-05 0.000000e+00 0.000000e+00 1.162904e-05 1.146640e-05 1.130824e-05 0.000000e+00 3.301399e-05 1.085891e-05 0.000000e+00 0.000000e+00 1.044392e-05 0.000000e+00 0.000000e+00 0.000000e+00 0.000000e+00 9.818533e-06 0.000000e+00 0.000000e+00 0.000000e+00 9.369686e-06 0.000000e+00 9.160307e-06 9.059088e-06 8.960082e-06 0.000000e+00 8.768422e-06 0.000000e+00 8.584790e-06 8.495829e-06 0.000000e+00 0.000000e+00 0.000000e+00
SPEC kp sel0 meanpt 0.5208 yield 0.08221 1.546077e-01 1.449068e-01 1.389650e-01 1.158908e-01 1.200483e-01 1.000402e-01 8.688811e-02 7.142268e-02 6.237804e-02 4.585577e-02 4.538623e-02 3.448028e-02 2.793851e-02 2.357851e-02 1.963172e-02 1.425794e-02 1.207097e-02 1.028985e-02 7.521454e-03 4.570603e-03 4.791285e-03 3.299425e-03 3.233624e-03 2.244617e-03 1.670431e-03 1.319604e-03 1.407084e-03 7.275655e-04 7.658584e-04 8.015552e-04 5.367286e-04 5.485613e-04 1.399164e-04 4.072195e-04 3.954160e-04 5.123700e-05 1.993330e-04 1.940175e-04 1.889780e-04 1.381453e-04 1.571901e-04 1.095731e-04 4.279797e-05 1.463494e-04 6.131170e-05 5.996419e-05 3.911642e-05 5.743938e-05 0.000000e+00 3.674573e-05 3.601809e-05 5.297807e-05 0.000000e+00 5.099758e-05 1.668728e-05 1.638661e-05 3.219316e-05 1.581664e-05 1.554627e-05 1.528499e-05 1.503234e-05 0.000000e+00 0.000000e+00 2.864431e-05 4.230032e-05 0.000000e+00 0.000000e+00 0.000000e+00 0.000000e+00 1.308571e-05 0.000000e+00 0.000000e+00 0.000000e+00 0.000000e+00 0.000000e+00 0.000000e+00 0.000000e+00 0.000000e+00 0.000000e+00 0.000000e+00 0.000000e+00 0.000000e+00 0.000000e+00 0.000000e+00 0.000000e+00 0.000000e+00 0.000000e+00 0.000000e+00 0.000000e+00 0.000000e+00 1.004925e-05 0.000000e+00 0.000000e+00 0.000000e+00 0.000000e+00 0.000000e+00 0.000000e+00 0.000000e+00 0.000000e+00 0.000000e+00
SPEC kp sel1 meanpt 0.5246 yield 0.14117 1.885649e-01 1.732611e-01 1.603622e-01 1.428877e-01 1.413781e-01 1.182071e-01 1.041837e-01 8.766902e-02 7.513661e-02 5.756192e-02 5.223600e-02 4.099237e-02 3.515506e-02 2.720679e-02 2.250340e-02 1.766639e-02 1.381319e-02 1.166526e-02 8.641636e-03 6.180389e-03 5.878906e-03 4.461496e-03 3.680204e-03 2.965406e-03 2.509737e-03 1.575393e-03 1.732508e-03 9.241917e-04 1.236963e-03 8.059518e-04 6.988864e-04 5.986188e-04 3.279390e-04 5.384073e-04 4.990376e-04 1.385658e-04 2.246157e-04 1.967634e-04 2.342421e-04 1.452894e-04 1.821883e-04 1.382875e-04 5.787159e-05 1.507765e-04 9.211770e-05 7.207450e-05 1.057868e-04 5.177984e-05 3.380814e-05 4.968773e-05 4.870381e-05 4.775811e-05 0.000000e+00 4.597276e-05 3.008615e-05 1.477203e-05 2.902115e-05 1.425822e-05 1.401449e-05 1.377895e-05 1.355120e-05 1.333085e-05 0.000000e+00 2.582197e-05 3.813244e-05 0.000000e+00 1.232853e-05 0.000000e+00 0.000000e+00 1.179637e-05 0.000000e+00 0.000000e+00 0.000000e+00 0.000000e+00 0.000000e+00 0.000000e+00 0.000000e+00 0.000000e+00 0.000000e+00 0.000000e+00 0.000000e+00 0.000000e+00 0.000000e+00 0.000000e+00 0.000000e+00 0.000000e+00 0.000000e+00 0.000000e+00 0.000000e+00 0.000000e+00 9.059088e-06 0.000000e+00 0.000000e+00 0.000000e+00 0.000000e+00 0.000000e+00 0.000000e+00 0.000000e+00 8.323325e-06 0.000000e+00
SPEC km sel0 meanpt 0.5307 yield 0.07855 1.637022e-01 1.151979e-01 1.247775e-01 1.132923e-01 1.032739e-01 1.007017e-01 8.171120e-02 6.402576e-02 6.237804e-02 5.006799e-02 3.949641e-02 3.479661e-02 2.684717e-02 2.303957e-02 1.743648e-02 1.408191e-02 1.151979e-02 7.795344e-03 8.062212e-03 6.016407e-03 3.504736e-03 3.172524e-03 2.586899e-03 2.244617e-03 2.115879e-03 1.640589e-03 1.269808e-03 8.929212e-04 9.573230e-04 9.557004e-04 8.647294e-04 6.063045e-04 2.238663e-04 3.800715e-04 4.217771e-04 2.818035e-04 1.494998e-04 1.697653e-04 9.448902e-05 2.302422e-04 8.982290e-05 1.753170e-04 1.069949e-04 2.090705e-05 6.131170e-05 3.997612e-05 3.911642e-05 9.573230e-05 5.625506e-05 5.511860e-05 3.601809e-05 0.000000e+00 3.464597e-05 0.000000e+00 3.337456e-05 0.000000e+00 0.000000e+00 0.000000e+00 4.663881e-05 0.000000e+00 0.000000e+00 0.000000e+00 0.000000e+00 1.432215e-05 0.000000e+00 0.000000e+00 2.735208e-05 0.000000e+00 0.000000e+00 1.308571e-05 0.000000e+00 0.000000e+00 0.000000e+00 1.237356e-05 0.000000e+00 0.000000e+00 0.000000e+00 0.000000e+00 0.000000e+00 0.000000e+00 0.000000e+00 0.000000e+00 0.000000e+00 0.000000e+00 0.000000e+00 1.063692e-05 0.000000e+00 0.000000e+00 0.000000e+00 0.000000e+00 0.000000e+00 0.000000e+00 0.000000e+00 0.000000e+00 0.000000e+00 0.000000e+00 0.000000e+00 0.000000e+00 0.000000e+00 0.000000e+00
SPEC km sel1 meanpt 0.5288 yield 0.13348 1.918443e-01 1.492122e-01 1.452770e-01 1.382029e-01 1.251634e-01 1.167165e-01 9.661587e-02 7.892398e-02 7.272529e-02 5.894272e-02 4.606762e-02 4.092108e-02 3.194126e-02 2.757117e-02 2.024175e-02 1.766639e-02 1.386288e-02 9.229140e-03 9.395009e-03 6.895128e-03 4.639137e-03 3.965774e-03 2.951451e-03 2.546760e-03 2.175106e-03 2.282713e-03 1.454069e-03 1.103068e-03 1.265729e-03 9.449090e-04 9.676888e-04 6.766995e-04 4.288433e-04 3.915689e-04 4.515102e-04 3.002258e-04 1.572310e-04 2.186260e-04 2.129474e-04 2.283120e-04 1.012157e-04 1.580429e-04 9.645265e-05 3.769414e-05 5.527062e-05 5.405588e-05 5.289339e-05 8.629974e-05 6.761629e-05 4.968773e-05 3.246921e-05 0.000000e+00 6.246457e-05 0.000000e+00 3.008615e-05 1.477203e-05 0.000000e+00 0.000000e+00 4.204346e-05 0.000000e+00 0.000000e+00 0.000000e+00 0.000000e+00 1.291098e-05 0.000000e+00 0.000000e+00 2.465707e-05 0.000000e+00 0.000000e+00 2.359273e-05 0.000000e+00 0.000000e+00 0.000000e+00 1.115439e-05 0.000000e+00 0.000000e+00 0.000000e+00 0.000000e+00 0.000000e+00 0.000000e+00 0.000000e+00 0.000000e+00 0.000000e+00 0.000000e+00 0.000000e+00 9.588860e-06 0.000000e+00 0.000000e+00 0.000000e+00 0.000000e+00 0.000000e+00 0.000000e+00 0.000000e+00 0.000000e+00 0.000000e+00 0.000000e+00 0.000000e+00 0.000000e+00 8.323325e-06 0.000000e+00
SPEC p sel0 meanpt 0.5901 yield 0.05048 4.365393e-02 4.729175e-02 6.366198e-02 5.976431e-02 5.456741e-02 5.043351e-02 4.379384e-02 4.232006e-02 3.595029e-02 3.159166e-02 2.503172e-02 2.285505e-02 1.913497e-02 1.866071e-02 1.536668e-02 1.073746e-02 8.929212e-03 7.327624e-03 6.194138e-03 4.430687e-03 3.238554e-03 3.341725e-03 2.344378e-03 2.244617e-03 1.039379e-03 1.212609e-03 1.201169e-03 8.267789e-04 7.658584e-04 6.782390e-04 3.280008e-04 2.887165e-04 3.078162e-04 3.529235e-04 3.690549e-04 1.793295e-04 9.966650e-05 2.182696e-04 1.653558e-04 1.381453e-04 4.491145e-05 1.095731e-04 4.279797e-05 1.045353e-04 2.043723e-05 3.997612e-05 5.867463e-05 0.000000e+00 0.000000e+00 1.837287e-05 5.402714e-05 1.765936e-05 1.732299e-05 0.000000e+00 3.337456e-05 1.638661e-05 0.000000e+00 0.000000e+00 0.000000e+00 4.585497e-05 3.006469e-05 0.000000e+00 2.910262e-05 0.000000e+00 0.000000e+00 0.000000e+00 1.367604e-05 0.000000e+00 1.327674e-05 0.000000e+00 0.000000e+00 0.000000e+00 1.254423e-05 1.237356e-05 0.000000e+00 0.000000e+00 0.000000e+00 0.000000e+00 0.000000e+00 0.000000e+00 0.000000e+00 0.000000e+00 0.000000e+00 0.000000e+00 0.000000e+00 0.000000e+00 0.000000e+00 0.000000e+00 0.000000e+00 0.000000e+00 0.000000e+00 0.000000e+00 0.000000e+00 0.000000e+00 0.000000e+00 0.000000e+00 0.000000e+00 0.000000e+00 0.000000e+00 0.000000e+00
SPEC p sel1 meanpt 0.5921 yield 0.08652 5.738932e-02 6.777406e-02 7.411421e-02 7.097537e-02 6.413029e-02 5.813464e-02 5.347928e-02 4.820703e-02 4.243916e-02 3.883488e-02 3.193501e-02 2.694803e-02 2.328367e-02 2.186260e-02 1.786702e-02 1.248284e-02 1.063317e-02 8.620111e-03 6.913309e-03 5.591780e-03 4.039249e-03 4.080171e-03 3.024326e-03 2.686309e-03 1.539305e-03 1.446790e-03 1.515944e-03 1.103068e-03 1.006830e-03 8.337432e-04 4.032037e-04 4.424574e-04 5.297476e-04 5.139342e-04 4.277465e-04 1.616601e-04 1.572310e-04 3.060764e-04 1.703579e-04 1.452894e-04 4.048630e-05 9.877681e-05 9.645265e-05 7.538827e-05 3.684708e-05 5.405588e-05 3.526226e-05 0.000000e+00 1.690407e-05 4.968773e-05 6.493841e-05 1.591937e-05 1.561614e-05 0.000000e+00 3.008615e-05 1.477203e-05 0.000000e+00 0.000000e+00 0.000000e+00 4.133685e-05 1.355120e-05 0.000000e+00 2.623512e-05 0.000000e+00 0.000000e+00 0.000000e+00 2.465707e-05 0.000000e+00 1.196858e-05 0.000000e+00 0.000000e+00 0.000000e+00 1.130824e-05 1.115439e-05 0.000000e+00 0.000000e+00 0.000000e+00 0.000000e+00 0.000000e+00 0.000000e+00 0.000000e+00 0.000000e+00 0.000000e+00 0.000000e+00 0.000000e+00 0.000000e+00 0.000000e+00 0.000000e+00 0.000000e+00 0.000000e+00 0.000000e+00 0.000000e+00 0.000000e+00 0.000000e+00 0.000000e+00 0.000000e+00 0.000000e+00 0.000000e+00 0.000000e+00 0.000000e+00
SPEC pbar sel0 meanpt 0.5754 yield 0.04587 6.548089e-02 5.699263e-02 5.493119e-02 5.430756e-02 5.274850e-02 4.795318e-02 4.393376e-02 3.649953e-02 3.231247e-02 3.044287e-02 2.468526e-02 2.000805e-02 1.848016e-02 1.212609e-02 1.216791e-02 1.020939e-02 8.874094e-03 5.976431e-03 5.161782e-03 3.917660e-03 3.061099e-03 3.130223e-03 1.940175e-03 1.973715e-03 1.187862e-03 1.105614e-03 1.063893e-03 8.929212e-04 4.786615e-04 2.774614e-04 4.770921e-04 3.753314e-04 4.197493e-04 3.257756e-04 1.318053e-04 1.280925e-04 1.494998e-04 9.700873e-05 1.417335e-04 1.151211e-04 8.982290e-05 4.382924e-05 4.279797e-05 8.362821e-05 4.087446e-05 1.998806e-05 3.911642e-05 5.743938e-05 5.625506e-05 0.000000e+00 5.402714e-05 1.765936e-05 0.000000e+00 0.000000e+00 0.000000e+00 0.000000e+00 1.609658e-05 0.000000e+00 3.109254e-05 0.000000e+00 0.000000e+00 0.000000e+00 0.000000e+00 0.000000e+00 0.000000e+00 0.000000e+00 0.000000e+00 0.000000e+00 0.000000e+00 0.000000e+00 0.000000e+00 0.000000e+00 0.000000e+00 0.000000e+00 1.220747e-05 0.000000e+00 0.000000e+00 0.000000e+00 0.000000e+00 0.000000e+00 0.000000e+00 0.000000e+00 0.000000e+00 0.000000e+00 1.076280e-05 0.000000e+00 0.000000e+00 0.000000e+00 0.000000e+00 0.000000e+00 0.000000e+00 0.000000e+00 0.000000e+00 0.000000e+00 0.000000e+00 0.000000e+00 0.000000e+00 0.000000e+00 0.000000e+00 0.000000e+00
SPEC pbar sel1 meanpt 0.5801 yield 0.07818 7.050688e-02 6.832062e-02 6.919513e-02 6.113720e-02 5.902902e-02 5.828370e-02 4.956924e-02 4.438108e-02 3.964204e-02 3.719519e-02 2.920219e-02 2.259927e-02 2.223426e-02 1.585038e-02 1.441801e-02 1.195391e-02 1.083192e-02 7.542597e-03 5.539510e-03 4.456607e-03 4.039249e-03 3.813244e-03 2.295573e-03 2.372325e-03 1.338527e-03 1.382488e-03 1.454069e-03 1.043442e-03 6.328647e-04 3.612887e-04 5.644852e-04 4.684843e-04 5.045215e-04 3.426228e-04 1.901096e-04 1.385658e-04 2.246157e-04 8.745040e-05 1.064737e-04 1.452894e-04 1.214589e-04 9.877681e-05 5.787159e-05 1.130824e-04 5.527062e-05 1.801863e-05 3.526226e-05 5.177984e-05 6.761629e-05 1.656258e-05 6.493841e-05 1.591937e-05 0.000000e+00 0.000000e+00 0.000000e+00 0.000000e+00 1.451057e-05 1.425822e-05 2.802897e-05 0.000000e+00 0.000000e+00 0.000000e+00 0.000000e+00 0.000000e+00 0.000000e+00 2.503351e-05 0.000000e+00 0.000000e+00 0.000000e+00 0.000000e+00 0.000000e+00 1.146640e-05 0.000000e+00 0.000000e+00 1.100466e-05 0.000000e+00 0.000000e+00 0.000000e+00 0.000000e+00 0.000000e+00 0.000000e+00 0.000000e+00 0.000000e+00 0.000000e+00 9.702337e-06 0.000000e+00 0.000000e+00 0.000000e+00 0.000000e+00 0.000000e+00 0.000000e+00 0.000000e+00 0.000000e+00 0.000000e+00 0.000000e+00 0.000000e+00 0.000000e+00 0.000000e+00 0.000000e+00 0.000000e+00
SPEC pinc sel0 meanpt 0.5705 yield 0.06693 6.184306e-02 7.154394e-02 9.458351e-02 8.263065e-02 7.538387e-02 6.796123e-02 6.226281e-02 5.990289e-02 4.911067e-02 4.374966e-02 3.222076e-02 3.028887e-02 2.400966e-02 2.364588e-02 2.000805e-02 1.308444e-02 1.129931e-02 9.250475e-03 7.718093e-03 5.456741e-03 4.214556e-03 3.891629e-03 2.708160e-03 2.709020e-03 1.373465e-03 1.569259e-03 1.475722e-03 9.921347e-04 9.573230e-04 7.707261e-04 3.578191e-04 4.042030e-04 3.637827e-04 4.886634e-04 4.217771e-04 2.561850e-04 1.744164e-04 2.182696e-04 2.126003e-04 1.381453e-04 4.491145e-05 1.534024e-04 4.279797e-05 1.045353e-04 2.043723e-05 3.997612e-05 5.867463e-05 0.000000e+00 0.000000e+00 1.837287e-05 5.402714e-05 1.765936e-05 1.732299e-05 0.000000e+00 3.337456e-05 1.638661e-05 0.000000e+00 0.000000e+00 0.000000e+00 4.585497e-05 3.006469e-05 0.000000e+00 2.910262e-05 0.000000e+00 0.000000e+00 0.000000e+00 1.367604e-05 0.000000e+00 1.327674e-05 0.000000e+00 0.000000e+00 0.000000e+00 1.254423e-05 1.237356e-05 0.000000e+00 0.000000e+00 0.000000e+00 0.000000e+00 0.000000e+00 0.000000e+00 0.000000e+00 0.000000e+00 0.000000e+00 0.000000e+00 0.000000e+00 0.000000e+00 0.000000e+00 0.000000e+00 0.000000e+00 0.000000e+00 0.000000e+00 0.000000e+00 0.000000e+00 0.000000e+00 0.000000e+00 0.000000e+00 0.000000e+00 0.000000e+00 0.000000e+00 0.000000e+00
SPEC pinc sel1 meanpt 0.5732 yield 0.11509 8.362444e-02 9.564887e-02 1.075640e-01 1.002556e-01 8.799696e-02 8.034505e-02 7.605662e-02 6.919513e-02 5.873966e-02 5.229764e-02 4.060197e-02 3.628716e-02 2.997362e-02 2.775336e-02 2.312535e-02 1.539198e-02 1.386288e-02 1.100938e-02 8.818900e-03 7.021258e-03 5.398996e-03 4.804688e-03 3.388703e-03 3.209616e-03 1.974327e-03 1.864751e-03 1.825321e-03 1.281943e-03 1.208196e-03 9.727004e-04 5.376049e-04 5.725919e-04 5.801998e-04 6.607726e-04 4.752739e-04 2.771315e-04 2.695389e-04 3.060764e-04 2.342421e-04 1.452894e-04 4.048630e-05 1.382875e-04 9.645265e-05 7.538827e-05 3.684708e-05 5.405588e-05 3.526226e-05 0.000000e+00 1.690407e-05 4.968773e-05 6.493841e-05 1.591937e-05 1.561614e-05 0.000000e+00 3.008615e-05 1.477203e-05 0.000000e+00 0.000000e+00 0.000000e+00 4.133685e-05 1.355120e-05 0.000000e+00 2.623512e-05 0.000000e+00 0.000000e+00 0.000000e+00 2.465707e-05 0.000000e+00 1.196858e-05 0.000000e+00 0.000000e+00 0.000000e+00 1.130824e-05 1.115439e-05 0.000000e+00 0.000000e+00 0.000000e+00 0.000000e+00 0.000000e+00 0.000000e+00 0.000000e+00 0.000000e+00 0.000000e+00 0.000000e+00 0.000000e+00 0.000000e+00 0.000000e+00 0.000000e+00 0.000000e+00 0.000000e+00 0.000000e+00 0.000000e+00 0.000000e+00 0.000000e+00 0.000000e+00 0.000000e+00 0.000000e+00 0.000000e+00 0.000000e+00 0.000000e+00
SPEC pbarinc sel0 meanpt 0.5575 yield 0.06120 8.548894e-02 8.427633e-02 8.185111e-02 7.769360e-02 7.033133e-02 7.110299e-02 5.988423e-02 5.432489e-02 4.440289e-02 4.011183e-02 3.204753e-02 2.609746e-02 2.386415e-02 1.623549e-02 1.549213e-02 1.284974e-02 1.058277e-02 6.911872e-03 6.439937e-03 4.850436e-03 3.682191e-03 3.680128e-03 2.586899e-03 2.554219e-03 1.484827e-03 1.497929e-03 1.201169e-03 1.124419e-03 7.020368e-04 3.391195e-04 6.261834e-04 4.330747e-04 4.757159e-04 3.257756e-04 1.845275e-04 1.280925e-04 1.744164e-04 1.212609e-04 1.417335e-04 1.381453e-04 8.982290e-05 6.574387e-05 6.419695e-05 1.045353e-04 6.131170e-05 3.997612e-05 5.867463e-05 5.743938e-05 5.625506e-05 0.000000e+00 5.402714e-05 3.531871e-05 0.000000e+00 0.000000e+00 0.000000e+00 0.000000e+00 1.609658e-05 0.000000e+00 3.109254e-05 3.056998e-05 0.000000e+00 0.000000e+00 1.455131e-05 0.000000e+00 0.000000e+00 0.000000e+00 0.000000e+00 0.000000e+00 0.000000e+00 0.000000e+00 0.000000e+00 0.000000e+00 0.000000e+00 0.000000e+00 1.220747e-05 0.000000e+00 0.000000e+00 0.000000e+00 0.000000e+00 0.000000e+00 0.000000e+00 0.000000e+00 0.000000e+00 0.000000e+00 1.076280e-05 0.000000e+00 0.000000e+00 0.000000e+00 0.000000e+00 0.000000e+00 0.000000e+00 0.000000e+00 0.000000e+00 0.000000e+00 0.000000e+00 0.000000e+00 0.000000e+00 0.000000e+00 0.000000e+00 0.000000e+00
SPEC pbarinc sel1 meanpt 0.5637 yield 0.10456 9.346261e-02 9.892826e-02 9.936552e-02 8.807504e-02 7.943411e-02 8.287913e-02 6.672297e-02 6.515055e-02 5.410993e-02 4.979495e-02 3.880611e-02 3.193841e-02 2.879304e-02 2.113385e-02 1.848897e-02 1.502172e-02 1.321694e-02 8.948050e-03 7.090573e-03 5.633824e-03 4.759115e-03 4.461496e-03 3.097202e-03 3.035180e-03 1.706621e-03 1.800449e-03 1.608757e-03 1.341569e-03 8.629974e-04 4.446630e-04 7.257666e-04 5.465650e-04 5.801998e-04 3.426228e-04 2.614006e-04 1.847544e-04 3.144620e-04 1.093130e-04 1.064737e-04 1.868007e-04 1.214589e-04 1.185322e-04 7.716212e-05 1.319295e-04 7.369416e-05 3.603725e-05 5.289339e-05 5.177984e-05 6.761629e-05 1.656258e-05 6.493841e-05 3.183874e-05 0.000000e+00 0.000000e+00 0.000000e+00 0.000000e+00 1.451057e-05 1.425822e-05 2.802897e-05 2.755790e-05 0.000000e+00 0.000000e+00 1.311756e-05 0.000000e+00 0.000000e+00 2.503351e-05 0.000000e+00 0.000000e+00 0.000000e+00 0.000000e+00 0.000000e+00 1.146640e-05 0.000000e+00 0.000000e+00 1.100466e-05 0.000000e+00 0.000000e+00 0.000000e+00 0.000000e+00 0.000000e+00 0.000000e+00 0.000000e+00 0.000000e+00 0.000000e+00 9.702337e-06 0.000000e+00 0.000000e+00 0.000000e+00 0.000000e+00 0.000000e+00 0.000000e+00 0.000000e+00 0.000000e+00 0.000000e+00 0.000000e+00 0.000000e+00 0.000000e+00 0.000000e+00 0.000000e+00 0.000000e+00
SPEC chpm sel0eta05 meanpt 0.4630 yield 2.10682 3.069781e+00 2.970892e+00 3.263058e+00 2.953188e+00 2.569539e+00 2.101308e+00 1.705651e+00 1.356000e+00 1.105397e+00 8.806797e-01 6.894289e-01 5.531395e-01 4.329524e-01 3.493392e-01 2.738782e-01 2.132882e-01 1.668330e-01 1.300523e-01 1.052315e-01 7.926732e-02 6.064968e-02 4.782051e-02 3.726348e-02 3.004304e-02 2.439943e-02 1.982259e-02 1.542301e-02 1.273240e-02 1.063267e-02 8.912677e-03 7.242854e-03 5.780103e-03 5.014605e-03 4.389826e-03 3.561380e-03 2.743742e-03 2.494154e-03 2.054160e-03 1.868520e-03 1.676163e-03 1.163206e-03 1.227219e-03 9.436952e-04 9.220010e-04 6.294667e-04 6.436156e-04 5.202484e-04 4.154782e-04 5.119211e-04 4.115522e-04 3.151583e-04 3.090387e-04 2.182696e-04 1.903910e-04 2.102597e-04 1.032356e-04 1.239437e-04 7.750154e-05 1.850006e-04 9.629543e-05 4.209056e-05 6.210925e-05 7.130141e-05 1.002551e-04 7.896059e-05 2.915816e-05 7.658584e-05 6.601983e-05 2.788116e-05 3.663999e-05 9.030068e-06 2.671132e-05 1.756192e-05 1.732299e-05 4.272616e-05 1.686410e-05 0.000000e+00 1.642890e-05 1.621961e-05 1.601559e-05 1.581664e-05 0.000000e+00 0.000000e+00 1.524838e-05 7.533962e-06 7.445845e-06 1.471953e-05 7.275655e-06 0.000000e+00 7.113070e-06 1.406895e-05 6.957593e-06 0.000000e+00 6.808768e-06 6.736717e-06 6.666176e-06 6.597096e-06 0.000000e+00 1.292629e-05 0.000000e+00
