# gen_world scan_p2.60_s0.380_k0.270_q0.081 mode set MultipartonInteractions:pT0Ref=2.60;StringPT:sigma=0.380;StringFlav:probStoUD=0.270;StringFlav:probQQtoQ=0.081 nev 100000 seed 20260926
SUMMARY nev 100000 nnsd 78099 dnde 2.1363 eps 0.5120 classN 17.3223 15.5990 7.1630 1.1141 meanpt_ch05 0.4620
SPEC pip sel0 meanpt 0.4081 yield 0.75398 2.943002e+00 2.709575e+00 2.292923e+00 1.837622e+00 1.399351e+00 1.099616e+00 8.526507e-01 6.666925e-01 5.148596e-01 4.100214e-01 3.067035e-01 2.399384e-01 1.868388e-01 1.478036e-01 1.157205e-01 8.642773e-02 6.658326e-02 5.269653e-02 3.922954e-02 3.054842e-02 2.448879e-02 1.801994e-02 1.531929e-02 1.149399e-02 8.946085e-03 6.919005e-03 5.868570e-03 5.357527e-03 4.244132e-03 3.360366e-03 2.802916e-03 2.396347e-03 1.623031e-03 1.683174e-03 1.054443e-03 9.478846e-04 9.468318e-04 8.245742e-04 6.614231e-04 5.065329e-04 5.838488e-04 2.848901e-04 5.135756e-04 2.090705e-04 3.474329e-04 2.998209e-04 1.369075e-04 9.573230e-05 7.500675e-05 1.102372e-04 1.080543e-04 8.829678e-05 8.661494e-05 5.099758e-05 3.337456e-05 4.915983e-05 4.828974e-05 3.163328e-05 6.218508e-05 1.528499e-05 6.012938e-05 7.393958e-05 0.000000e+00 1.432215e-05 2.820021e-05 5.553935e-05 0.000000e+00 0.000000e+00 0.000000e+00 1.308571e-05 1.290010e-05 0.000000e+00 0.000000e+00 0.000000e+00 0.000000e+00 1.204579e-05 0.000000e+00 1.173493e-05 0.000000e+00 0.000000e+00 1.129760e-05 0.000000e+00 0.000000e+00 0.000000e+00 0.000000e+00 0.000000e+00 1.051395e-05 0.000000e+00 0.000000e+00 1.016153e-05 0.000000e+00 0.000000e+00 0.000000e+00 0.000000e+00 0.000000e+00 0.000000e+00 9.424423e-06 0.000000e+00 0.000000e+00 0.000000e+00
SPEC pip sel1 meanpt 0.4092 yield 1.27370 3.529576e+00 3.196454e+00 2.708888e+00 2.175504e+00 1.660178e+00 1.298599e+00 1.008397e+00 7.857994e-01 6.016726e-01 4.719258e-01 3.688335e-01 2.855133e-01 2.180023e-01 1.755278e-01 1.371692e-01 1.014461e-01 7.859970e-02 6.157835e-02 4.758682e-02 3.745485e-02 2.990189e-02 2.142124e-02 1.825924e-02 1.373605e-02 1.058024e-02 8.630943e-03 7.197881e-03 6.699006e-03 4.633453e-03 4.172435e-03 3.233852e-03 3.234701e-03 2.106835e-03 2.116943e-03 1.394015e-03 1.171053e-03 1.049638e-03 9.999107e-04 8.469035e-04 5.778240e-04 7.044459e-04 3.928408e-04 6.137559e-04 2.810843e-04 3.663571e-04 3.941358e-04 1.928299e-04 1.372875e-04 1.512639e-04 1.482081e-04 1.291318e-04 9.496830e-05 1.086859e-04 6.094539e-05 5.982713e-05 4.406187e-05 5.770935e-05 4.252928e-05 4.180229e-05 4.109973e-05 5.389386e-05 6.627192e-05 0.000000e+00 2.567385e-05 2.527580e-05 4.977982e-05 1.225781e-05 0.000000e+00 0.000000e+00 1.172870e-05 3.468700e-05 0.000000e+00 0.000000e+00 0.000000e+00 0.000000e+00 1.079662e-05 0.000000e+00 1.051799e-05 0.000000e+00 0.000000e+00 1.012602e-05 0.000000e+00 0.000000e+00 0.000000e+00 0.000000e+00 0.000000e+00 9.423637e-06 0.000000e+00 0.000000e+00 9.107761e-06 0.000000e+00 0.000000e+00 0.000000e+00 0.000000e+00 0.000000e+00 0.000000e+00 8.447094e-06 0.000000e+00 0.000000e+00 0.000000e+00
SPEC pim sel0 meanpt 0.4055 yield 0.74282 2.972105e+00 2.722307e+00 2.267822e+00 1.806181e+00 1.408041e+00 1.082584e+00 8.550293e-01 6.477758e-01 5.013782e-01 3.902048e-01 3.023727e-01 2.340863e-01 1.835648e-01 1.399890e-01 1.100129e-01 8.390473e-02 6.878801e-02 5.342409e-02 4.144173e-02 3.050178e-02 2.417824e-02 1.856984e-02 1.434921e-02 1.234539e-02 9.094568e-03 7.774964e-03 6.486315e-03 4.166966e-03 3.733560e-03 2.682127e-03 2.624007e-03 2.049887e-03 1.595047e-03 1.411694e-03 1.028082e-03 1.075977e-03 9.717484e-04 5.820524e-04 3.779561e-04 3.683876e-04 3.817473e-04 3.506340e-04 2.995858e-04 2.299776e-04 2.656840e-04 1.199284e-04 5.867463e-05 2.297575e-04 5.625506e-05 5.511860e-05 1.080543e-04 5.297807e-05 3.464597e-05 1.189943e-04 1.668728e-05 1.638661e-05 6.438632e-05 4.744992e-05 4.663881e-05 1.528499e-05 1.503234e-05 2.957583e-05 2.910262e-05 1.432215e-05 4.230032e-05 0.000000e+00 2.735208e-05 1.347343e-05 1.327674e-05 2.617142e-05 0.000000e+00 2.543935e-05 0.000000e+00 0.000000e+00 0.000000e+00 1.204579e-05 0.000000e+00 0.000000e+00 0.000000e+00 0.000000e+00 0.000000e+00 0.000000e+00 1.102372e-05 1.089170e-05 0.000000e+00 0.000000e+00 0.000000e+00 0.000000e+00 0.000000e+00 0.000000e+00 0.000000e+00 1.987884e-05 0.000000e+00 0.000000e+00 0.000000e+00 0.000000e+00 0.000000e+00 0.000000e+00 0.000000e+00 0.000000e+00
SPEC pim sel1 meanpt 0.4078 yield 1.25592 3.483928e+00 3.175260e+00 2.681174e+00 2.124965e+00 1.658910e+00 1.273849e+00 1.017300e+00 7.661272e-01 5.920827e-01 4.572532e-01 3.628558e-01 2.815439e-01 2.165024e-01 1.687047e-01 1.293550e-01 1.011831e-01 8.087222e-02 6.250995e-02 4.798338e-02 3.674421e-02 2.898734e-02 2.164872e-02 1.775204e-02 1.463792e-02 1.084641e-02 1.035713e-02 7.505482e-03 5.305850e-03 4.290235e-03 3.675059e-03 3.233852e-03 2.277229e-03 2.332568e-03 1.897949e-03 1.394015e-03 1.171053e-03 1.138969e-03 8.260132e-04 5.716598e-04 5.159143e-04 5.434297e-04 4.714089e-04 4.027773e-04 2.623454e-04 2.747678e-04 1.254069e-04 7.011996e-05 2.230922e-04 8.403552e-05 9.880540e-05 1.129903e-04 1.107964e-04 6.210625e-05 1.218908e-04 1.495678e-05 2.937458e-05 1.154187e-04 7.088214e-05 4.180229e-05 1.369991e-05 2.694693e-05 3.976315e-05 2.608463e-05 1.283692e-05 3.791370e-05 2.488991e-05 2.451563e-05 1.207622e-05 3.569976e-05 3.518610e-05 0.000000e+00 2.280125e-05 0.000000e+00 0.000000e+00 0.000000e+00 1.079662e-05 0.000000e+00 0.000000e+00 0.000000e+00 0.000000e+00 0.000000e+00 0.000000e+00 9.880540e-06 9.762211e-06 0.000000e+00 0.000000e+00 0.000000e+00 0.000000e+00 0.000000e+00 0.000000e+00 0.000000e+00 1.781737e-05 0.000000e+00 0.000000e+00 0.000000e+00 0.000000e+00 0.000000e+00 0.000000e+00 0.000000e+00 0.000000e+00
SPEC kp sel0 meanpt 0.5241 yield 0.10059 1.600644e-01 1.812851e-01 1.626109e-01 1.512297e-01 1.356101e-01 1.144262e-01 1.077357e-01 8.839920e-02 7.607339e-02 5.925829e-02 5.136266e-02 4.357484e-02 3.790616e-02 2.916999e-02 2.257962e-02 1.901058e-02 1.377965e-02 1.138120e-02 9.438687e-03 7.368932e-03 5.279286e-03 4.399233e-03 3.314465e-03 3.328225e-03 2.301483e-03 1.961574e-03 1.544361e-03 1.422060e-03 1.244520e-03 1.079017e-03 4.472738e-04 7.795344e-04 4.477326e-04 4.615154e-04 3.954160e-04 3.330405e-04 4.235826e-04 1.455131e-04 2.126003e-04 1.151211e-04 4.491145e-05 8.765849e-05 6.419695e-05 2.090705e-05 4.087446e-05 1.199284e-04 3.911642e-05 0.000000e+00 1.875169e-05 3.674573e-05 1.800905e-05 1.765936e-05 1.732299e-05 1.699919e-05 0.000000e+00 1.638661e-05 3.219316e-05 0.000000e+00 1.554627e-05 0.000000e+00 1.503234e-05 1.478792e-05 0.000000e+00 0.000000e+00 0.000000e+00 1.388484e-05 0.000000e+00 0.000000e+00 1.327674e-05 0.000000e+00 1.290010e-05 0.000000e+00 0.000000e+00 0.000000e+00 0.000000e+00 3.613736e-05 1.188832e-05 0.000000e+00 0.000000e+00 0.000000e+00 0.000000e+00 0.000000e+00 0.000000e+00 0.000000e+00 0.000000e+00 0.000000e+00 0.000000e+00 0.000000e+00 0.000000e+00 0.000000e+00 0.000000e+00 0.000000e+00 0.000000e+00 0.000000e+00 0.000000e+00 0.000000e+00 0.000000e+00 0.000000e+00 0.000000e+00 0.000000e+00
SPEC kp sel1 meanpt 0.5260 yield 0.17144 2.135679e-01 2.037861e-01 1.975910e-01 1.811950e-01 1.657461e-01 1.370925e-01 1.285420e-01 1.011866e-01 9.014540e-02 7.121790e-02 6.156282e-02 5.018455e-02 4.434387e-02 3.393417e-02 2.720896e-02 2.345513e-02 1.679692e-02 1.402049e-02 1.127984e-02 8.527666e-03 6.521157e-03 5.042522e-03 4.130066e-03 3.780883e-03 3.160765e-03 2.269618e-03 1.907131e-03 1.600648e-03 1.487281e-03 1.519761e-03 6.414253e-04 8.280834e-04 7.273598e-04 4.623208e-04 5.670571e-04 4.592364e-04 4.689873e-04 2.173719e-04 1.905533e-04 1.031829e-04 6.038108e-05 9.821019e-05 9.589936e-05 5.621687e-05 9.158928e-05 1.074916e-04 5.258997e-05 0.000000e+00 1.680710e-05 4.940270e-05 3.228295e-05 3.165610e-05 3.105313e-05 3.047269e-05 0.000000e+00 1.468729e-05 2.885468e-05 1.417643e-05 1.393410e-05 0.000000e+00 1.347346e-05 1.325438e-05 0.000000e+00 0.000000e+00 0.000000e+00 1.244496e-05 0.000000e+00 0.000000e+00 2.379984e-05 0.000000e+00 1.156233e-05 0.000000e+00 0.000000e+00 0.000000e+00 0.000000e+00 3.238985e-05 1.065548e-05 0.000000e+00 0.000000e+00 0.000000e+00 0.000000e+00 0.000000e+00 0.000000e+00 0.000000e+00 0.000000e+00 0.000000e+00 0.000000e+00 0.000000e+00 0.000000e+00 0.000000e+00 0.000000e+00 0.000000e+00 0.000000e+00 0.000000e+00 0.000000e+00 0.000000e+00 0.000000e+00 0.000000e+00 0.000000e+00 0.000000e+00
SPEC km sel0 meanpt 0.5154 yield 0.09706 2.109940e-01 1.540014e-01 1.702503e-01 1.356390e-01 1.293450e-01 1.134341e-01 1.081554e-01 8.633777e-02 7.692935e-02 6.327905e-02 5.196896e-02 3.740635e-02 3.259493e-02 2.869842e-02 2.107431e-02 1.912793e-02 1.493714e-02 1.143317e-02 8.013052e-03 6.529434e-03 5.190558e-03 4.356933e-03 3.071943e-03 2.322017e-03 1.930276e-03 2.032903e-03 1.063893e-03 1.289775e-03 7.977691e-04 7.090680e-04 6.560016e-04 6.351762e-04 4.477326e-04 2.171837e-04 2.636107e-04 4.098960e-04 2.242496e-04 2.910262e-04 1.653558e-04 2.072180e-04 6.736717e-05 6.574387e-05 6.419695e-05 4.181411e-05 6.131170e-05 5.996419e-05 7.823284e-05 1.914646e-05 1.875169e-05 1.837287e-05 1.800905e-05 5.297807e-05 1.732299e-05 3.399839e-05 3.337456e-05 3.277322e-05 0.000000e+00 0.000000e+00 1.554627e-05 0.000000e+00 0.000000e+00 0.000000e+00 0.000000e+00 1.432215e-05 1.410011e-05 0.000000e+00 0.000000e+00 0.000000e+00 0.000000e+00 0.000000e+00 0.000000e+00 0.000000e+00 0.000000e+00 0.000000e+00 0.000000e+00 0.000000e+00 0.000000e+00 0.000000e+00 0.000000e+00 0.000000e+00 0.000000e+00 0.000000e+00 0.000000e+00 0.000000e+00 0.000000e+00 0.000000e+00 0.000000e+00 0.000000e+00 0.000000e+00 0.000000e+00 0.000000e+00 0.000000e+00 0.000000e+00 0.000000e+00 0.000000e+00 0.000000e+00 0.000000e+00 0.000000e+00 0.000000e+00 0.000000e+00
SPEC km sel1 meanpt 0.5213 yield 0.16506 2.347616e-01 1.836792e-01 1.953086e-01 1.616315e-01 1.583192e-01 1.372407e-01 1.262847e-01 1.037951e-01 8.841921e-02 7.465008e-02 5.822461e-02 4.600251e-02 3.880088e-02 3.351150e-02 2.456677e-02 2.287664e-02 1.768617e-02 1.346153e-02 1.017829e-02 7.691621e-03 7.356183e-03 5.118350e-03 3.876465e-03 2.740273e-03 2.628425e-03 2.461417e-03 1.599529e-03 1.452439e-03 1.086859e-03 9.394887e-04 8.552337e-04 8.280834e-04 5.016274e-04 3.163248e-04 4.252928e-04 5.051600e-04 2.679927e-04 3.260578e-04 1.693807e-04 2.270023e-04 1.207622e-04 1.178522e-04 9.589936e-05 5.621687e-05 9.158928e-05 1.074916e-04 7.011996e-05 3.432188e-05 1.680710e-05 3.293513e-05 1.614148e-05 6.331220e-05 1.552656e-05 4.570904e-05 7.478391e-05 2.937458e-05 0.000000e+00 0.000000e+00 1.393410e-05 0.000000e+00 0.000000e+00 0.000000e+00 0.000000e+00 2.567385e-05 1.263790e-05 0.000000e+00 0.000000e+00 0.000000e+00 0.000000e+00 0.000000e+00 0.000000e+00 0.000000e+00 0.000000e+00 0.000000e+00 0.000000e+00 0.000000e+00 0.000000e+00 0.000000e+00 0.000000e+00 0.000000e+00 0.000000e+00 0.000000e+00 0.000000e+00 0.000000e+00 0.000000e+00 0.000000e+00 0.000000e+00 0.000000e+00 9.210673e-06 0.000000e+00 0.000000e+00 0.000000e+00 0.000000e+00 0.000000e+00 0.000000e+00 0.000000e+00 0.000000e+00 0.000000e+00 0.000000e+00 0.000000e+00
SPEC p sel0 meanpt 0.5806 yield 0.04001 6.729980e-02 5.699263e-02 4.729175e-02 4.833113e-02 4.284552e-02 4.183501e-02 3.959635e-02 3.637827e-02 2.685572e-02 2.355014e-02 2.070097e-02 1.724014e-02 1.593368e-02 1.165452e-02 9.909943e-03 8.390473e-03 6.228401e-03 5.924462e-03 4.375225e-03 3.451272e-03 2.395642e-03 2.241917e-03 1.859334e-03 1.586712e-03 1.447707e-03 1.034284e-03 1.201169e-03 8.267789e-04 6.382153e-04 6.474099e-04 4.770921e-04 3.464597e-04 1.958830e-04 1.357398e-04 1.318053e-04 5.123700e-05 2.242496e-04 1.940175e-04 9.448902e-05 9.209689e-05 6.736717e-05 2.191462e-05 0.000000e+00 4.181411e-05 8.174893e-05 3.997612e-05 9.779106e-05 0.000000e+00 3.750337e-05 5.511860e-05 7.203618e-05 0.000000e+00 0.000000e+00 3.399839e-05 0.000000e+00 0.000000e+00 0.000000e+00 1.581664e-05 1.554627e-05 0.000000e+00 1.503234e-05 1.478792e-05 0.000000e+00 0.000000e+00 0.000000e+00 0.000000e+00 0.000000e+00 0.000000e+00 1.327674e-05 0.000000e+00 1.290010e-05 0.000000e+00 0.000000e+00 0.000000e+00 0.000000e+00 0.000000e+00 0.000000e+00 0.000000e+00 0.000000e+00 0.000000e+00 0.000000e+00 0.000000e+00 0.000000e+00 0.000000e+00 0.000000e+00 0.000000e+00 0.000000e+00 0.000000e+00 0.000000e+00 0.000000e+00 0.000000e+00 0.000000e+00 0.000000e+00 0.000000e+00 0.000000e+00 0.000000e+00 0.000000e+00 0.000000e+00 0.000000e+00 0.000000e+00
SPEC p sel1 meanpt 0.5841 yield 0.07009 6.195099e-02 6.684186e-02 6.227705e-02 5.869041e-02 5.398069e-02 5.053896e-02 4.702757e-02 4.206146e-02 3.250988e-02 2.797233e-02 2.577410e-02 2.218611e-02 1.956347e-02 1.581984e-02 1.180554e-02 9.886915e-03 7.756224e-03 7.359591e-03 5.287424e-03 4.138426e-03 3.459394e-03 3.033096e-03 2.391091e-03 1.873098e-03 1.796645e-03 1.438490e-03 1.384208e-03 1.037457e-03 8.866485e-04 6.908005e-04 5.612471e-04 4.140417e-04 3.762206e-04 1.946614e-04 1.653917e-04 9.184728e-05 2.233273e-04 1.738975e-04 1.058629e-04 1.444560e-04 6.038108e-05 3.928408e-05 1.917987e-05 3.747791e-05 9.158928e-05 5.374580e-05 8.764996e-05 3.432188e-05 3.361421e-05 4.940270e-05 6.456591e-05 0.000000e+00 0.000000e+00 3.047269e-05 1.495678e-05 0.000000e+00 0.000000e+00 1.417643e-05 1.393410e-05 0.000000e+00 1.347346e-05 1.325438e-05 0.000000e+00 0.000000e+00 0.000000e+00 0.000000e+00 0.000000e+00 0.000000e+00 1.189992e-05 0.000000e+00 2.312467e-05 0.000000e+00 0.000000e+00 0.000000e+00 0.000000e+00 0.000000e+00 0.000000e+00 0.000000e+00 0.000000e+00 0.000000e+00 0.000000e+00 0.000000e+00 0.000000e+00 0.000000e+00 0.000000e+00 0.000000e+00 0.000000e+00 0.000000e+00 0.000000e+00 0.000000e+00 0.000000e+00 0.000000e+00 0.000000e+00 0.000000e+00 0.000000e+00 0.000000e+00 0.000000e+00 0.000000e+00 0.000000e+00 0.000000e+00
SPEC pbar sel0 meanpt 0.5755 yield 0.03667 5.274850e-02 5.517371e-02 4.365393e-02 4.105548e-02 4.001610e-02 3.803183e-02 3.595852e-02 2.837505e-02 2.674873e-02 2.383734e-02 1.914190e-02 1.890089e-02 1.324169e-02 1.199136e-02 1.053715e-02 7.745052e-03 4.905555e-03 5.040989e-03 4.276905e-03 3.031523e-03 2.306915e-03 2.199616e-03 1.859334e-03 1.122308e-03 9.651378e-04 7.489644e-04 4.804678e-04 5.291385e-04 7.020368e-04 4.624357e-04 4.174556e-04 3.175881e-04 2.798329e-04 1.900358e-04 1.581664e-04 7.685551e-05 1.494998e-04 7.275655e-05 9.448902e-05 2.302422e-05 2.021015e-04 1.095731e-04 2.139898e-05 8.362821e-05 0.000000e+00 1.998806e-05 1.955821e-05 5.743938e-05 0.000000e+00 1.837287e-05 0.000000e+00 0.000000e+00 1.732299e-05 0.000000e+00 1.668728e-05 1.638661e-05 3.219316e-05 0.000000e+00 0.000000e+00 0.000000e+00 0.000000e+00 0.000000e+00 1.455131e-05 0.000000e+00 0.000000e+00 2.776967e-05 0.000000e+00 0.000000e+00 0.000000e+00 0.000000e+00 1.290010e-05 0.000000e+00 0.000000e+00 0.000000e+00 0.000000e+00 0.000000e+00 0.000000e+00 0.000000e+00 0.000000e+00 0.000000e+00 0.000000e+00 0.000000e+00 0.000000e+00 0.000000e+00 0.000000e+00 0.000000e+00 0.000000e+00 0.000000e+00 0.000000e+00 0.000000e+00 1.004925e-05 0.000000e+00 0.000000e+00 0.000000e+00 0.000000e+00 0.000000e+00 0.000000e+00 0.000000e+00 0.000000e+00 0.000000e+00
SPEC pbar sel1 meanpt 0.5786 yield 0.06237 5.706012e-02 5.923384e-02 5.575589e-02 5.100476e-02 4.492352e-02 4.357318e-02 4.376699e-02 3.423607e-02 3.174269e-02 2.848716e-02 2.259115e-02 2.154817e-02 1.610726e-02 1.449146e-02 1.163689e-02 9.255835e-03 6.669365e-03 6.614316e-03 4.582434e-03 3.804008e-03 2.902710e-03 2.616045e-03 1.847661e-03 1.422167e-03 1.330848e-03 8.950607e-04 7.074840e-04 6.521157e-04 7.722422e-04 4.973764e-04 4.810689e-04 3.622865e-04 3.511392e-04 3.163248e-04 2.362738e-04 1.148091e-04 1.786618e-04 1.086859e-04 1.058629e-04 6.190972e-05 1.811432e-04 1.178522e-04 3.835975e-05 1.124337e-04 0.000000e+00 3.583053e-05 5.258997e-05 5.148282e-05 0.000000e+00 1.646757e-05 0.000000e+00 0.000000e+00 1.552656e-05 0.000000e+00 1.495678e-05 1.468729e-05 2.885468e-05 1.417643e-05 0.000000e+00 0.000000e+00 0.000000e+00 0.000000e+00 1.304231e-05 0.000000e+00 0.000000e+00 2.488991e-05 0.000000e+00 0.000000e+00 1.189992e-05 0.000000e+00 1.156233e-05 0.000000e+00 0.000000e+00 0.000000e+00 0.000000e+00 0.000000e+00 0.000000e+00 0.000000e+00 0.000000e+00 0.000000e+00 0.000000e+00 0.000000e+00 0.000000e+00 0.000000e+00 0.000000e+00 0.000000e+00 0.000000e+00 0.000000e+00 0.000000e+00 0.000000e+00 9.007123e-06 0.000000e+00 0.000000e+00 0.000000e+00 0.000000e+00 0.000000e+00 0.000000e+00 0.000000e+00 0.000000e+00 0.000000e+00
SPEC pinc sel0 meanpt 0.5571 yield 0.05710 9.276460e-02 9.518981e-02 7.275655e-02 7.665422e-02 6.083256e-02 6.333127e-02 5.722582e-02 5.238471e-02 4.012309e-02 3.580388e-02 2.979554e-02 2.459488e-02 2.262729e-02 1.630286e-02 1.417498e-02 1.161758e-02 8.102433e-03 7.639437e-03 5.604220e-03 4.757159e-03 3.416009e-03 2.918722e-03 2.546479e-03 1.896314e-03 1.781793e-03 1.462264e-03 1.304127e-03 9.921347e-04 8.615907e-04 7.090680e-04 5.665469e-04 4.330747e-04 2.798329e-04 1.900358e-04 1.318053e-04 1.280925e-04 2.491663e-04 2.182696e-04 1.181113e-04 9.209689e-05 1.122786e-04 2.191462e-05 0.000000e+00 4.181411e-05 8.174893e-05 3.997612e-05 9.779106e-05 1.914646e-05 3.750337e-05 5.511860e-05 7.203618e-05 0.000000e+00 0.000000e+00 3.399839e-05 0.000000e+00 0.000000e+00 0.000000e+00 1.581664e-05 1.554627e-05 0.000000e+00 1.503234e-05 1.478792e-05 0.000000e+00 0.000000e+00 0.000000e+00 0.000000e+00 0.000000e+00 0.000000e+00 1.327674e-05 0.000000e+00 1.290010e-05 0.000000e+00 0.000000e+00 0.000000e+00 0.000000e+00 0.000000e+00 0.000000e+00 0.000000e+00 0.000000e+00 0.000000e+00 0.000000e+00 0.000000e+00 0.000000e+00 0.000000e+00 0.000000e+00 0.000000e+00 0.000000e+00 0.000000e+00 0.000000e+00 0.000000e+00 0.000000e+00 0.000000e+00 0.000000e+00 0.000000e+00 0.000000e+00 0.000000e+00 0.000000e+00 0.000000e+00 0.000000e+00 0.000000e+00
SPEC pinc sel1 meanpt 0.5618 yield 0.09909 9.618706e-02 1.075991e-01 9.260043e-02 9.176199e-02 7.771045e-02 7.662359e-02 6.634023e-02 6.053807e-02 4.833328e-02 4.204430e-02 3.710849e-02 3.076285e-02 2.784534e-02 2.125414e-02 1.675263e-02 1.388375e-02 9.732332e-03 9.362518e-03 6.873652e-03 5.685111e-03 4.532999e-03 3.715543e-03 3.115664e-03 2.324029e-03 2.195900e-03 2.013887e-03 1.599529e-03 1.333873e-03 1.115461e-03 7.736966e-04 6.681513e-04 5.951849e-04 5.267088e-04 2.433267e-04 1.890190e-04 1.607327e-04 2.456600e-04 2.391091e-04 1.482081e-04 1.444560e-04 1.006351e-04 3.928408e-05 5.753962e-05 3.747791e-05 9.158928e-05 5.374580e-05 8.764996e-05 5.148282e-05 3.361421e-05 4.940270e-05 6.456591e-05 0.000000e+00 0.000000e+00 3.047269e-05 1.495678e-05 0.000000e+00 0.000000e+00 1.417643e-05 1.393410e-05 0.000000e+00 1.347346e-05 1.325438e-05 0.000000e+00 0.000000e+00 0.000000e+00 0.000000e+00 0.000000e+00 0.000000e+00 1.189992e-05 0.000000e+00 2.312467e-05 0.000000e+00 0.000000e+00 0.000000e+00 0.000000e+00 0.000000e+00 0.000000e+00 0.000000e+00 0.000000e+00 0.000000e+00 0.000000e+00 0.000000e+00 0.000000e+00 0.000000e+00 0.000000e+00 0.000000e+00 0.000000e+00 0.000000e+00 0.000000e+00 0.000000e+00 0.000000e+00 0.000000e+00 0.000000e+00 0.000000e+00 0.000000e+00 0.000000e+00 0.000000e+00 0.000000e+00 0.000000e+00 0.000000e+00
SPEC pbarinc sel0 meanpt 0.5547 yield 0.05273 8.003220e-02 7.942590e-02 7.021007e-02 6.703996e-02 6.487459e-02 5.737846e-02 5.078967e-02 4.232006e-02 4.108605e-02 3.455936e-02 2.884277e-02 2.649287e-02 1.877119e-02 1.623549e-02 1.392410e-02 9.681315e-03 6.614231e-03 6.496120e-03 5.702540e-03 3.824383e-03 3.460372e-03 3.214824e-03 2.425218e-03 1.354510e-03 1.150741e-03 9.272893e-04 7.893399e-04 7.606366e-04 7.977691e-04 6.474099e-04 5.069104e-04 4.330747e-04 3.078162e-04 2.443317e-04 2.372496e-04 1.024740e-04 1.993330e-04 1.455131e-04 1.181113e-04 4.604845e-05 2.245572e-04 1.095731e-04 2.139898e-05 1.045353e-04 0.000000e+00 1.998806e-05 1.955821e-05 5.743938e-05 0.000000e+00 1.837287e-05 0.000000e+00 3.531871e-05 3.464597e-05 0.000000e+00 1.668728e-05 1.638661e-05 3.219316e-05 0.000000e+00 0.000000e+00 0.000000e+00 0.000000e+00 0.000000e+00 1.455131e-05 0.000000e+00 0.000000e+00 2.776967e-05 0.000000e+00 1.347343e-05 0.000000e+00 0.000000e+00 1.290010e-05 0.000000e+00 0.000000e+00 0.000000e+00 0.000000e+00 0.000000e+00 0.000000e+00 0.000000e+00 0.000000e+00 0.000000e+00 0.000000e+00 0.000000e+00 0.000000e+00 0.000000e+00 0.000000e+00 0.000000e+00 0.000000e+00 0.000000e+00 0.000000e+00 0.000000e+00 1.004925e-05 0.000000e+00 0.000000e+00 0.000000e+00 0.000000e+00 0.000000e+00 0.000000e+00 0.000000e+00 0.000000e+00 0.000000e+00
SPEC pbarinc sel1 meanpt 0.5565 yield 0.08949 8.314475e-02 8.912248e-02 8.868773e-02 7.965127e-02 7.318187e-02 6.669365e-02 6.195099e-02 5.184320e-02 4.814148e-02 4.247332e-02 3.415844e-02 2.984138e-02 2.236757e-02 1.926156e-02 1.517855e-02 1.204310e-02 8.892486e-03 8.617243e-03 6.256785e-03 4.765461e-03 4.095605e-03 3.601802e-03 2.572234e-03 1.699663e-03 1.530476e-03 1.086859e-03 1.107366e-03 8.892486e-04 9.152501e-04 6.908005e-04 5.345210e-04 4.916745e-04 3.762206e-04 3.649901e-04 3.307833e-04 1.607327e-04 2.456600e-04 2.173719e-04 1.482081e-04 1.031829e-04 2.012703e-04 1.374943e-04 3.835975e-05 1.311727e-04 0.000000e+00 3.583053e-05 5.258997e-05 5.148282e-05 0.000000e+00 1.646757e-05 0.000000e+00 3.165610e-05 3.105313e-05 0.000000e+00 1.495678e-05 1.468729e-05 2.885468e-05 1.417643e-05 0.000000e+00 0.000000e+00 0.000000e+00 0.000000e+00 1.304231e-05 0.000000e+00 0.000000e+00 2.488991e-05 0.000000e+00 1.207622e-05 1.189992e-05 0.000000e+00 1.156233e-05 0.000000e+00 0.000000e+00 0.000000e+00 0.000000e+00 0.000000e+00 0.000000e+00 0.000000e+00 0.000000e+00 0.000000e+00 0.000000e+00 0.000000e+00 0.000000e+00 0.000000e+00 0.000000e+00 0.000000e+00 0.000000e+00 0.000000e+00 0.000000e+00 0.000000e+00 9.007123e-06 0.000000e+00 0.000000e+00 0.000000e+00 0.000000e+00 0.000000e+00 0.000000e+00 0.000000e+00 0.000000e+00 0.000000e+00
SPEC chpm sel0eta05 meanpt 0.4620 yield 2.13629 3.093972e+00 3.051106e+00 3.315770e+00 3.043406e+00 2.567983e+00 2.114851e+00 1.749235e+00 1.390208e+00 1.104273e+00 8.858397e-01 7.082850e-01 5.590629e-01 4.392167e-01 3.508482e-01 2.757661e-01 2.165739e-01 1.676432e-01 1.327807e-01 1.030980e-01 7.939791e-02 6.319616e-02 4.752441e-02 3.972507e-02 3.112664e-02 2.429549e-02 2.119569e-02 1.648004e-02 1.351949e-02 1.072202e-02 9.236382e-03 7.263727e-03 6.487459e-03 5.112546e-03 4.218794e-03 3.358400e-03 2.851339e-03 2.668571e-03 2.189972e-03 1.637022e-03 1.353824e-03 1.398992e-03 1.012456e-03 1.018592e-03 6.439372e-04 7.296092e-04 6.576072e-04 4.107224e-04 3.886731e-04 2.362713e-04 3.086641e-04 2.647330e-04 2.472310e-04 2.061435e-04 2.141898e-04 1.401732e-04 1.147063e-04 1.802817e-04 1.217881e-04 1.088239e-04 4.279797e-05 8.418113e-05 1.035154e-04 3.055775e-05 5.012754e-05 5.922044e-05 8.747447e-05 2.871969e-05 1.886281e-05 6.505604e-05 3.663999e-05 6.321047e-05 1.780755e-05 0.000000e+00 0.000000e+00 0.000000e+00 4.216025e-05 8.321827e-06 8.214449e-06 0.000000e+00 0.000000e+00 7.908320e-06 0.000000e+00 7.716603e-06 7.624189e-06 0.000000e+00 7.445845e-06 7.359766e-06 0.000000e+00 7.193444e-06 7.113070e-06 7.034473e-06 1.391519e-05 0.000000e+00 0.000000e+00 0.000000e+00 0.000000e+00 6.597096e-06 0.000000e+00 0.000000e+00 0.000000e+00
