# gen_world w1 mode set MultipartonInteractions:pT0Ref=2.55;StringPT:sigma=0.36;StringFlav:probStoUD=0.27;StringFlav:probQQtoQ=0.11 nev 300000 seed 20260950
SUMMARY nev 300000 nnsd 233656 dnde 2.1816 eps 0.5142 classN 17.8974 15.9565 7.0216 1.0597 meanpt_ch05 0.4509
SPEC pip sel0 meanpt 0.3954 yield 0.76941 3.155209e+00 2.853875e+00 2.420974e+00 1.960442e+00 1.501614e+00 1.139246e+00 9.015282e-01 6.864176e-01 5.192107e-01 4.046285e-01 3.075408e-01 2.414147e-01 1.820369e-01 1.380353e-01 1.090512e-01 8.243786e-02 6.307405e-02 4.691065e-02 3.734508e-02 2.829421e-02 2.323182e-02 1.677913e-02 1.420100e-02 1.077158e-02 8.525384e-03 6.788233e-03 5.022032e-03 4.453582e-03 3.776107e-03 3.062352e-03 2.633946e-03 1.944024e-03 1.473786e-03 1.321201e-03 1.353201e-03 1.016201e-03 6.644433e-04 7.599017e-04 6.378009e-04 4.221108e-04 3.293506e-04 3.944632e-04 2.781868e-04 2.926987e-04 2.384344e-04 2.198687e-04 1.890627e-04 1.404074e-04 5.625506e-05 1.592315e-04 7.203618e-05 7.652387e-05 7.506628e-05 8.499596e-05 7.787398e-05 5.462203e-05 3.755869e-05 4.744992e-05 4.663881e-05 4.075997e-05 2.004313e-05 9.858610e-06 2.425218e-05 9.548103e-06 4.700035e-06 4.628279e-06 2.735208e-05 4.042030e-05 8.851161e-06 4.361903e-06 8.600064e-06 2.119946e-05 1.254423e-05 1.237356e-05 8.138316e-06 4.015262e-06 0.000000e+00 7.823284e-06 3.861812e-06 0.000000e+00 0.000000e+00 0.000000e+00 0.000000e+00 0.000000e+00 0.000000e+00 0.000000e+00 0.000000e+00 0.000000e+00 0.000000e+00 0.000000e+00 3.349749e-06 3.313140e-06 0.000000e+00 0.000000e+00 0.000000e+00 0.000000e+00 0.000000e+00 0.000000e+00 0.000000e+00 0.000000e+00
SPEC pip sel1 meanpt 0.3965 yield 1.30135 3.789377e+00 3.405208e+00 2.855384e+00 2.292014e+00 1.778802e+00 1.341594e+00 1.064439e+00 8.119679e-01 6.162410e-01 4.804765e-01 3.650449e-01 2.849224e-01 2.151564e-01 1.650100e-01 1.281879e-01 9.806812e-02 7.448899e-02 5.620466e-02 4.441839e-02 3.428808e-02 2.797702e-02 1.998464e-02 1.667457e-02 1.271868e-02 1.033125e-02 8.515719e-03 6.353979e-03 5.409575e-03 4.368924e-03 3.565073e-03 3.090861e-03 2.508364e-03 1.802429e-03 1.642895e-03 1.468916e-03 1.174265e-03 8.509718e-04 8.936697e-04 8.209193e-04 5.104319e-04 4.305545e-04 4.989634e-04 3.974715e-04 3.194362e-04 2.938897e-04 2.874306e-04 2.402338e-04 2.064962e-04 8.988380e-05 1.706317e-04 9.711455e-05 1.005193e-04 8.822523e-05 1.018543e-04 1.049847e-04 7.854711e-05 5.304536e-05 4.738440e-05 4.657441e-05 3.205415e-05 3.602780e-05 1.772099e-05 2.615619e-05 1.716285e-05 4.224190e-06 1.663880e-05 2.458288e-05 4.440093e-05 1.193257e-05 7.840583e-06 1.159405e-05 1.905317e-05 1.127422e-05 1.482777e-05 1.462874e-05 3.608745e-06 3.561572e-06 1.054685e-05 6.941663e-06 0.000000e+00 0.000000e+00 0.000000e+00 0.000000e+00 0.000000e+00 0.000000e+00 0.000000e+00 0.000000e+00 0.000000e+00 0.000000e+00 0.000000e+00 3.010611e-06 2.977708e-06 0.000000e+00 0.000000e+00 0.000000e+00 0.000000e+00 0.000000e+00 0.000000e+00 0.000000e+00 0.000000e+00
SPEC pim sel0 meanpt 0.3929 yield 0.75867 3.157028e+00 2.889647e+00 2.414062e+00 1.910379e+00 1.467324e+00 1.148892e+00 8.620251e-01 6.745744e-01 5.208513e-01 3.994271e-01 3.067901e-01 2.364851e-01 1.835890e-01 1.395848e-01 1.038244e-01 8.057983e-02 6.063045e-02 4.814058e-02 3.652575e-02 2.753244e-02 2.136854e-02 1.642662e-02 1.294797e-02 9.971775e-03 7.931453e-03 6.455360e-03 5.422422e-03 4.023657e-03 3.520821e-03 2.723232e-03 2.335763e-03 1.828538e-03 1.567064e-03 1.339300e-03 1.089591e-03 8.539501e-04 7.807209e-04 5.578002e-04 5.984305e-04 4.221108e-04 3.218654e-04 2.848901e-04 2.924528e-04 2.439156e-04 1.771227e-04 1.865552e-04 1.760239e-04 1.340252e-04 1.125101e-04 7.961575e-05 1.080543e-04 5.886452e-05 4.042030e-05 5.099758e-05 3.893699e-05 8.193305e-05 4.292422e-05 3.690549e-05 3.109254e-05 2.037998e-05 3.006469e-05 3.943444e-05 1.940175e-05 2.387026e-05 1.410011e-05 4.628279e-06 9.117362e-06 1.347343e-05 1.327674e-05 0.000000e+00 1.720013e-05 4.239892e-06 4.181411e-06 4.124521e-06 8.138316e-06 0.000000e+00 7.925550e-06 7.823284e-06 1.544725e-05 0.000000e+00 0.000000e+00 7.439320e-06 3.674573e-06 7.261132e-06 0.000000e+00 3.545641e-06 0.000000e+00 3.464597e-06 3.425449e-06 0.000000e+00 0.000000e+00 0.000000e+00 0.000000e+00 3.242270e-06 0.000000e+00 3.174369e-06 0.000000e+00 0.000000e+00 0.000000e+00 0.000000e+00
SPEC pim sel1 meanpt 0.3950 yield 1.28193 3.731071e+00 3.418105e+00 2.845684e+00 2.250678e+00 1.729457e+00 1.346598e+00 1.022229e+00 7.950391e-01 6.164334e-01 4.695207e-01 3.574419e-01 2.802313e-01 2.182080e-01 1.654540e-01 1.243734e-01 9.687281e-02 7.295330e-02 5.802625e-02 4.382928e-02 3.364535e-02 2.591695e-02 1.969317e-02 1.552418e-02 1.230129e-02 9.675120e-03 7.885321e-03 6.477357e-03 4.795301e-03 4.330684e-03 3.417298e-03 2.912198e-03 2.309425e-03 1.827580e-03 1.610362e-03 1.350455e-03 1.036117e-03 9.256185e-04 7.919512e-04 7.218428e-04 5.173296e-04 4.843738e-04 3.413960e-04 3.590065e-04 2.943824e-04 2.510308e-04 2.694662e-04 2.109370e-04 1.835522e-04 1.460612e-04 1.100850e-04 1.402766e-04 1.005193e-04 6.227663e-05 6.111258e-05 5.499198e-05 8.836549e-05 4.822306e-05 3.790752e-05 2.794464e-05 1.831666e-05 3.152433e-05 3.544199e-05 2.179682e-05 3.003499e-05 1.267257e-05 8.319398e-06 1.229144e-05 2.018224e-05 1.591009e-05 7.840583e-06 1.545874e-05 7.621266e-06 1.127422e-05 3.706942e-06 7.314370e-06 3.608745e-06 7.123144e-06 7.031233e-06 1.388333e-05 0.000000e+00 3.384600e-06 6.686142e-06 3.302549e-06 6.525995e-06 3.224382e-06 3.186670e-06 0.000000e+00 6.227663e-06 3.078647e-06 0.000000e+00 0.000000e+00 0.000000e+00 0.000000e+00 2.914014e-06 0.000000e+00 5.705974e-06 0.000000e+00 0.000000e+00 0.000000e+00 0.000000e+00
SPEC kp sel0 meanpt 0.5086 yield 0.09976 1.861355e-01 1.798703e-01 1.731606e-01 1.577258e-01 1.424816e-01 1.223633e-01 1.049840e-01 9.413889e-02 7.767831e-02 6.053472e-02 5.208445e-02 4.262585e-02 3.278895e-02 2.723879e-02 2.247508e-02 1.738725e-02 1.368778e-02 1.049773e-02 7.881959e-03 6.358425e-03 4.569466e-03 3.863429e-03 3.260571e-03 2.605820e-03 2.276735e-03 1.700030e-03 1.407084e-03 1.179538e-03 1.138151e-03 7.707261e-04 7.255776e-04 5.196896e-04 4.104215e-04 3.981701e-04 2.548236e-04 3.159615e-04 2.491663e-04 2.021015e-04 1.023631e-04 1.688443e-04 1.721605e-04 1.095731e-04 7.132995e-05 9.059723e-05 4.087446e-05 7.328956e-05 4.563583e-05 5.105722e-05 3.750337e-05 2.449715e-05 4.802412e-05 4.120516e-05 5.774329e-06 1.133280e-05 2.781214e-05 2.731102e-05 5.365527e-06 5.272213e-06 1.554627e-05 2.547498e-05 0.000000e+00 9.858610e-06 0.000000e+00 9.548103e-06 4.700035e-06 1.851312e-05 9.117362e-06 1.347343e-05 4.425581e-06 0.000000e+00 4.300032e-06 0.000000e+00 4.181411e-06 8.249041e-06 0.000000e+00 0.000000e+00 3.962775e-06 3.911642e-06 0.000000e+00 3.813236e-06 0.000000e+00 0.000000e+00 0.000000e+00 0.000000e+00 0.000000e+00 0.000000e+00 0.000000e+00 0.000000e+00 0.000000e+00 0.000000e+00 0.000000e+00 0.000000e+00 0.000000e+00 3.242270e-06 0.000000e+00 0.000000e+00 0.000000e+00 0.000000e+00 0.000000e+00 0.000000e+00
SPEC kp sel1 meanpt 0.5113 yield 0.17042 2.228725e-01 2.172417e-01 2.059800e-01 1.870634e-01 1.708629e-01 1.476239e-01 1.246611e-01 1.108368e-01 9.071324e-02 7.238839e-02 6.175766e-02 5.124622e-02 3.988818e-02 3.126229e-02 2.733998e-02 2.056636e-02 1.639715e-02 1.279785e-02 9.572928e-03 7.908334e-03 6.033998e-03 4.764887e-03 3.766006e-03 3.304305e-03 2.791328e-03 2.019411e-03 1.645043e-03 1.585223e-03 1.175881e-03 9.420660e-04 9.647774e-04 7.525093e-04 5.868375e-04 4.554560e-04 2.764090e-04 4.067717e-04 2.985866e-04 2.107026e-04 1.698454e-04 2.000341e-04 1.950950e-04 1.510021e-04 8.975162e-05 1.002153e-04 6.122703e-05 7.784579e-05 5.273425e-05 5.736006e-05 5.617738e-05 2.752124e-05 4.316202e-05 4.232393e-05 1.037944e-05 1.018543e-05 3.999417e-05 2.945516e-05 9.644611e-06 9.476879e-06 1.862976e-05 2.747499e-05 1.351043e-05 8.860497e-06 4.359364e-06 1.287214e-05 8.448381e-06 1.663880e-05 4.097147e-06 1.614579e-05 3.977522e-06 0.000000e+00 3.864685e-06 0.000000e+00 7.516145e-06 7.413885e-06 0.000000e+00 3.608745e-06 3.561572e-06 3.515616e-06 0.000000e+00 3.427173e-06 0.000000e+00 0.000000e+00 0.000000e+00 3.262997e-06 0.000000e+00 0.000000e+00 0.000000e+00 0.000000e+00 0.000000e+00 0.000000e+00 0.000000e+00 2.977708e-06 0.000000e+00 2.914014e-06 0.000000e+00 0.000000e+00 0.000000e+00 0.000000e+00 0.000000e+00 0.000000e+00
SPEC km sel0 meanpt 0.5084 yield 0.09538 1.691590e-01 1.835082e-01 1.646723e-01 1.522691e-01 1.358796e-01 1.224735e-01 9.896756e-02 8.403381e-02 7.297054e-02 5.865199e-02 4.991907e-02 3.938343e-02 3.400156e-02 2.564444e-02 2.168061e-02 1.611597e-02 1.214446e-02 9.735519e-03 8.324398e-03 6.218508e-03 4.776497e-03 3.891629e-03 3.395305e-03 2.605820e-03 1.893155e-03 1.593035e-03 1.384205e-03 1.168514e-03 8.615907e-04 6.782390e-04 5.267892e-04 4.908180e-04 5.130269e-04 3.529235e-04 2.811847e-04 2.988825e-04 2.657773e-04 2.263537e-04 1.181113e-04 1.534948e-04 1.122786e-04 1.314877e-04 7.846294e-05 6.272116e-05 4.768687e-05 7.328956e-05 7.823284e-05 5.105722e-05 4.375394e-05 4.899431e-05 4.202111e-05 1.765936e-05 3.464597e-05 3.399839e-05 0.000000e+00 1.638661e-05 5.365527e-06 1.054443e-05 5.182090e-06 5.094996e-06 1.002156e-05 1.478792e-05 0.000000e+00 1.432215e-05 4.700035e-06 9.256558e-06 4.558681e-06 8.982290e-06 0.000000e+00 0.000000e+00 0.000000e+00 0.000000e+00 0.000000e+00 0.000000e+00 4.069158e-06 4.015262e-06 0.000000e+00 0.000000e+00 0.000000e+00 0.000000e+00 0.000000e+00 0.000000e+00 0.000000e+00 0.000000e+00 3.587601e-06 0.000000e+00 0.000000e+00 0.000000e+00 0.000000e+00 3.387176e-06 0.000000e+00 0.000000e+00 0.000000e+00 0.000000e+00 0.000000e+00 0.000000e+00 0.000000e+00 0.000000e+00 0.000000e+00 0.000000e+00
SPEC km sel1 meanpt 0.5102 yield 0.16303 1.999858e-01 2.143354e-01 1.931198e-01 1.859736e-01 1.625074e-01 1.462369e-01 1.190861e-01 9.892124e-02 8.786042e-02 6.997927e-02 6.048618e-02 4.653148e-02 4.014975e-02 3.073756e-02 2.574280e-02 1.921284e-02 1.487798e-02 1.197268e-02 1.001476e-02 7.349441e-03 5.608694e-03 4.878940e-03 4.008193e-03 2.933296e-03 2.324253e-03 2.040781e-03 1.696451e-03 1.297902e-03 1.061161e-03 9.697738e-04 6.163855e-04 6.400654e-04 6.287545e-04 4.066571e-04 3.237934e-04 3.990967e-04 3.135159e-04 2.252338e-04 1.769223e-04 1.931364e-04 1.749128e-04 1.575674e-04 1.089841e-04 9.395182e-05 6.734973e-05 6.586952e-05 8.203105e-05 6.309606e-05 5.617738e-05 4.403398e-05 4.316202e-05 1.587147e-05 4.151776e-05 3.055629e-05 1.499781e-05 1.963678e-05 4.822306e-06 1.895376e-05 1.397232e-05 1.373749e-05 9.006951e-06 1.329074e-05 4.359364e-06 1.287214e-05 8.448381e-06 8.319398e-06 4.097147e-06 1.210935e-05 0.000000e+00 0.000000e+00 0.000000e+00 3.810633e-06 0.000000e+00 0.000000e+00 3.657185e-06 7.217491e-06 0.000000e+00 0.000000e+00 0.000000e+00 0.000000e+00 3.384600e-06 0.000000e+00 0.000000e+00 3.262997e-06 3.224382e-06 0.000000e+00 0.000000e+00 0.000000e+00 0.000000e+00 3.044249e-06 0.000000e+00 0.000000e+00 0.000000e+00 0.000000e+00 0.000000e+00 0.000000e+00 0.000000e+00 0.000000e+00 0.000000e+00 0.000000e+00
SPEC p sel0 meanpt 0.5656 yield 0.05481 8.791416e-02 7.700068e-02 6.960376e-02 6.833918e-02 6.662613e-02 5.737846e-02 5.302833e-02 4.583662e-02 3.983778e-02 3.449554e-02 2.956456e-02 2.401493e-02 2.073562e-02 1.646005e-02 1.289965e-02 1.097216e-02 8.929212e-03 7.968574e-03 5.915566e-03 4.943714e-03 3.445584e-03 3.214824e-03 2.452165e-03 1.960815e-03 1.571442e-03 1.283939e-03 1.166850e-03 9.039450e-04 7.552215e-04 4.521593e-04 4.472738e-04 3.849553e-04 3.078162e-04 2.895783e-04 2.460366e-04 2.647245e-04 1.910275e-04 1.455131e-04 1.181113e-04 1.227959e-04 2.994097e-05 1.241829e-04 4.993096e-05 4.878312e-05 4.768687e-05 5.996419e-05 6.519404e-05 5.105722e-05 3.750337e-05 3.062144e-05 2.401206e-05 2.354581e-05 2.309732e-05 1.133280e-05 2.224971e-05 1.638661e-05 1.073105e-05 5.272213e-06 1.036418e-05 5.094996e-06 0.000000e+00 4.929305e-06 4.850436e-06 1.432215e-05 4.700035e-06 4.628279e-06 4.558681e-06 0.000000e+00 4.425581e-06 0.000000e+00 4.300032e-06 0.000000e+00 0.000000e+00 4.124521e-06 0.000000e+00 0.000000e+00 0.000000e+00 0.000000e+00 0.000000e+00 0.000000e+00 0.000000e+00 0.000000e+00 0.000000e+00 0.000000e+00 3.587601e-06 0.000000e+00 0.000000e+00 0.000000e+00 0.000000e+00 0.000000e+00 0.000000e+00 0.000000e+00 0.000000e+00 0.000000e+00 0.000000e+00 0.000000e+00 0.000000e+00 0.000000e+00 0.000000e+00 0.000000e+00
SPEC p sel1 meanpt 0.5702 yield 0.09416 1.008103e-01 9.172829e-02 8.271894e-02 8.197162e-02 7.816582e-02 6.801599e-02 6.371379e-02 5.656275e-02 4.811328e-02 4.049620e-02 3.593881e-02 2.835956e-02 2.436885e-02 1.973823e-02 1.574632e-02 1.355270e-02 1.063421e-02 9.668447e-03 7.025057e-03 5.854403e-03 4.359364e-03 3.865134e-03 3.099992e-03 2.527504e-03 1.935024e-03 1.613392e-03 1.388005e-03 1.119564e-03 9.273209e-04 5.911003e-04 6.074524e-04 4.670748e-04 3.856361e-04 3.578583e-04 3.001012e-04 2.762977e-04 2.314046e-04 1.743746e-04 1.839991e-04 1.517500e-04 6.054673e-05 1.181755e-04 7.051913e-05 8.142491e-05 4.898162e-05 7.185765e-05 6.445297e-05 5.736006e-05 5.055964e-05 3.302549e-05 2.697626e-05 3.703343e-05 2.594860e-05 1.527815e-05 3.499490e-05 1.472758e-05 1.446692e-05 9.476879e-06 1.862976e-05 4.579164e-06 4.503476e-06 4.430248e-06 4.359364e-06 1.287214e-05 4.224190e-06 8.319398e-06 4.097147e-06 4.036448e-06 7.955044e-06 0.000000e+00 7.729369e-06 0.000000e+00 3.758073e-06 3.706942e-06 0.000000e+00 0.000000e+00 0.000000e+00 3.515616e-06 0.000000e+00 0.000000e+00 0.000000e+00 0.000000e+00 0.000000e+00 0.000000e+00 3.224382e-06 0.000000e+00 0.000000e+00 0.000000e+00 0.000000e+00 3.044249e-06 0.000000e+00 2.977708e-06 0.000000e+00 0.000000e+00 0.000000e+00 0.000000e+00 0.000000e+00 0.000000e+00 0.000000e+00 0.000000e+00
SPEC pbar sel0 meanpt 0.5652 yield 0.04915 7.639437e-02 6.932082e-02 6.475333e-02 5.829185e-02 5.658842e-02 5.087446e-02 4.719848e-02 4.171375e-02 3.748389e-02 3.162357e-02 2.604222e-02 2.122066e-02 1.784961e-02 1.448394e-02 1.266967e-02 1.050276e-02 7.881959e-03 6.825257e-03 5.309261e-03 4.337409e-03 3.268129e-03 2.989222e-03 2.290484e-03 1.612512e-03 1.571442e-03 1.367157e-03 1.121091e-03 6.614231e-04 7.339476e-04 3.288431e-04 4.075162e-04 3.753314e-04 2.798329e-04 2.714796e-04 1.757404e-04 2.220270e-04 1.910275e-04 1.293450e-04 1.338594e-04 9.209689e-05 5.988193e-05 7.304874e-05 5.706396e-05 2.090705e-05 2.043723e-05 3.997612e-05 4.563583e-05 3.191077e-05 6.250562e-06 3.062144e-05 1.200603e-05 0.000000e+00 5.774329e-06 1.699919e-05 1.112485e-05 5.462203e-06 1.073105e-05 5.272213e-06 0.000000e+00 1.018999e-05 5.010781e-06 4.929305e-06 0.000000e+00 4.774052e-06 4.700035e-06 9.256558e-06 4.558681e-06 0.000000e+00 0.000000e+00 0.000000e+00 4.300032e-06 0.000000e+00 0.000000e+00 0.000000e+00 0.000000e+00 0.000000e+00 0.000000e+00 0.000000e+00 0.000000e+00 0.000000e+00 3.765867e-06 0.000000e+00 0.000000e+00 3.630566e-06 0.000000e+00 0.000000e+00 0.000000e+00 0.000000e+00 0.000000e+00 0.000000e+00 0.000000e+00 0.000000e+00 0.000000e+00 0.000000e+00 0.000000e+00 3.174369e-06 0.000000e+00 0.000000e+00 0.000000e+00 0.000000e+00
SPEC pbar sel1 meanpt 0.5651 yield 0.08383 8.446268e-02 8.373612e-02 7.716075e-02 6.967198e-02 6.708577e-02 6.098156e-02 5.587531e-02 5.049597e-02 4.327310e-02 3.828784e-02 3.116427e-02 2.544542e-02 2.260330e-02 1.685217e-02 1.531415e-02 1.244528e-02 9.692981e-03 8.080393e-03 6.126674e-03 4.848396e-03 3.960642e-03 3.662373e-03 2.615619e-03 1.970989e-03 1.801574e-03 1.762978e-03 1.285190e-03 8.223346e-04 8.699609e-04 4.433252e-04 4.913218e-04 4.584252e-04 3.521025e-04 2.927931e-04 2.053324e-04 2.379231e-04 1.791520e-04 1.307809e-04 1.486147e-04 1.103637e-04 6.727414e-05 7.878369e-05 9.616245e-05 2.505382e-05 4.285892e-05 3.592883e-05 4.687489e-05 2.868003e-05 2.247095e-05 4.953823e-05 1.618576e-05 0.000000e+00 1.037944e-05 1.527815e-05 1.499781e-05 1.472758e-05 9.644611e-06 4.738440e-06 9.314881e-06 9.158328e-06 4.503476e-06 8.860497e-06 0.000000e+00 4.290713e-06 4.224190e-06 8.319398e-06 4.097147e-06 0.000000e+00 0.000000e+00 0.000000e+00 7.729369e-06 0.000000e+00 0.000000e+00 0.000000e+00 0.000000e+00 0.000000e+00 0.000000e+00 0.000000e+00 0.000000e+00 0.000000e+00 3.384600e-06 0.000000e+00 0.000000e+00 3.262997e-06 0.000000e+00 0.000000e+00 0.000000e+00 0.000000e+00 0.000000e+00 0.000000e+00 0.000000e+00 0.000000e+00 0.000000e+00 0.000000e+00 0.000000e+00 2.852987e-06 0.000000e+00 0.000000e+00 0.000000e+00 0.000000e+00
SPEC pinc sel0 meanpt 0.5459 yield 0.07722 1.261113e-01 1.125705e-01 1.088923e-01 1.060167e-01 1.021286e-01 8.681179e-02 7.756034e-02 6.620846e-02 5.660031e-02 4.853627e-02 4.157517e-02 3.318858e-02 2.849631e-02 2.209643e-02 1.741558e-02 1.460998e-02 1.159328e-02 9.995364e-03 7.636160e-03 6.420610e-03 4.761709e-03 4.413333e-03 3.300991e-03 2.554219e-03 2.016891e-03 1.652477e-03 1.544361e-03 1.047253e-03 9.998707e-04 5.960282e-04 5.665469e-04 5.004418e-04 4.104215e-04 3.257756e-04 3.075458e-04 3.074220e-04 2.574718e-04 1.778493e-04 1.417335e-04 1.381453e-04 4.491145e-05 1.460975e-04 5.706396e-05 5.575214e-05 6.131170e-05 7.995225e-05 8.475225e-05 5.743938e-05 4.375394e-05 3.062144e-05 3.001508e-05 3.531871e-05 2.309732e-05 1.133280e-05 2.781214e-05 2.731102e-05 1.073105e-05 5.272213e-06 1.036418e-05 5.094996e-06 0.000000e+00 1.478792e-05 4.850436e-06 1.432215e-05 4.700035e-06 4.628279e-06 4.558681e-06 0.000000e+00 4.425581e-06 0.000000e+00 4.300032e-06 0.000000e+00 0.000000e+00 4.124521e-06 0.000000e+00 0.000000e+00 0.000000e+00 0.000000e+00 0.000000e+00 0.000000e+00 0.000000e+00 0.000000e+00 0.000000e+00 0.000000e+00 3.587601e-06 0.000000e+00 0.000000e+00 0.000000e+00 0.000000e+00 0.000000e+00 0.000000e+00 0.000000e+00 0.000000e+00 0.000000e+00 0.000000e+00 0.000000e+00 0.000000e+00 0.000000e+00 0.000000e+00 0.000000e+00
SPEC pinc sel1 meanpt 0.5510 yield 0.13246 1.487633e-01 1.345954e-01 1.269665e-01 1.240083e-01 1.190349e-01 1.046247e-01 9.318141e-02 8.090254e-02 6.773042e-02 5.727402e-02 5.065166e-02 3.951859e-02 3.354531e-02 2.637819e-02 2.147739e-02 1.808785e-02 1.387070e-02 1.208167e-02 9.116373e-03 7.824500e-03 5.994126e-03 5.208427e-03 4.056631e-03 3.281117e-03 2.479945e-03 2.030096e-03 1.809547e-03 1.297902e-03 1.195001e-03 7.481113e-04 8.129143e-04 5.881682e-04 4.778534e-04 4.147903e-04 4.185622e-04 3.453722e-04 3.284453e-04 2.107026e-04 2.193836e-04 1.724432e-04 7.400156e-05 1.575674e-04 1.025733e-04 1.002153e-04 7.347243e-05 8.982207e-05 8.203105e-05 6.309606e-05 5.617738e-05 3.302549e-05 3.237152e-05 4.761442e-05 3.113832e-05 1.527815e-05 4.499344e-05 2.945516e-05 1.446692e-05 9.476879e-06 1.862976e-05 4.579164e-06 4.503476e-06 1.329074e-05 4.359364e-06 1.716285e-05 4.224190e-06 8.319398e-06 4.097147e-06 4.036448e-06 7.955044e-06 0.000000e+00 7.729369e-06 0.000000e+00 3.758073e-06 3.706942e-06 0.000000e+00 0.000000e+00 0.000000e+00 3.515616e-06 0.000000e+00 0.000000e+00 0.000000e+00 0.000000e+00 0.000000e+00 0.000000e+00 3.224382e-06 0.000000e+00 0.000000e+00 0.000000e+00 0.000000e+00 3.044249e-06 0.000000e+00 2.977708e-06 0.000000e+00 0.000000e+00 0.000000e+00 0.000000e+00 0.000000e+00 0.000000e+00 0.000000e+00 0.000000e+00
SPEC pbarinc sel0 meanpt 0.5449 yield 0.07055 1.127726e-01 1.095390e-01 9.919142e-02 9.415043e-02 8.575841e-02 7.749674e-02 7.093763e-02 6.131760e-02 5.570869e-02 4.582386e-02 3.730217e-02 3.097425e-02 2.502825e-02 1.991823e-02 1.695562e-02 1.404280e-02 1.032555e-02 8.973307e-03 6.997082e-03 5.705481e-03 4.096253e-03 3.919829e-03 2.950682e-03 1.999515e-03 2.227241e-03 1.818914e-03 1.418524e-03 8.598501e-04 9.041384e-04 4.829884e-04 6.063045e-04 4.523224e-04 3.731105e-04 3.710222e-04 2.372496e-04 2.818035e-04 2.325552e-04 1.616812e-04 1.496076e-04 1.074464e-04 8.233765e-05 9.496336e-05 9.272893e-05 2.787607e-05 2.724964e-05 4.663881e-05 4.563583e-05 3.191077e-05 1.875169e-05 3.674573e-05 1.200603e-05 0.000000e+00 1.154866e-05 1.699919e-05 1.112485e-05 1.638661e-05 1.609658e-05 5.272213e-06 0.000000e+00 1.018999e-05 5.010781e-06 4.929305e-06 0.000000e+00 4.774052e-06 4.700035e-06 9.256558e-06 4.558681e-06 0.000000e+00 0.000000e+00 0.000000e+00 4.300032e-06 0.000000e+00 0.000000e+00 0.000000e+00 0.000000e+00 4.015262e-06 0.000000e+00 0.000000e+00 0.000000e+00 0.000000e+00 3.765867e-06 0.000000e+00 0.000000e+00 3.630566e-06 0.000000e+00 0.000000e+00 0.000000e+00 0.000000e+00 0.000000e+00 0.000000e+00 0.000000e+00 0.000000e+00 0.000000e+00 0.000000e+00 0.000000e+00 3.174369e-06 0.000000e+00 0.000000e+00 0.000000e+00 0.000000e+00
SPEC pbarinc sel1 meanpt 0.5451 yield 0.12034 1.318708e-01 1.315075e-01 1.181388e-01 1.119422e-01 1.025056e-01 9.219065e-02 8.546869e-02 7.418185e-02 6.407625e-02 5.518038e-02 4.494297e-02 3.622537e-02 3.125664e-02 2.343158e-02 2.040633e-02 1.668160e-02 1.271481e-02 1.078943e-02 8.085443e-03 6.483157e-03 4.957448e-03 4.701524e-03 3.487491e-03 2.573880e-03 2.457703e-03 2.286529e-03 1.665606e-03 1.060118e-03 1.089841e-03 6.003362e-04 6.967836e-04 5.708691e-04 4.862368e-04 3.741246e-04 2.922038e-04 3.069975e-04 2.314046e-04 1.743746e-04 1.698454e-04 1.310568e-04 8.745638e-05 1.116102e-04 1.346274e-04 3.758073e-05 4.898162e-05 4.191696e-05 4.687489e-05 4.015204e-05 3.370643e-05 5.504248e-05 2.158101e-05 5.290491e-06 1.556916e-05 1.527815e-05 1.499781e-05 2.454597e-05 1.446692e-05 4.738440e-06 9.314881e-06 9.158328e-06 4.503476e-06 8.860497e-06 0.000000e+00 4.290713e-06 4.224190e-06 8.319398e-06 8.194294e-06 0.000000e+00 0.000000e+00 0.000000e+00 7.729369e-06 0.000000e+00 0.000000e+00 0.000000e+00 0.000000e+00 3.608745e-06 0.000000e+00 0.000000e+00 0.000000e+00 0.000000e+00 3.384600e-06 0.000000e+00 0.000000e+00 3.262997e-06 0.000000e+00 0.000000e+00 0.000000e+00 0.000000e+00 0.000000e+00 0.000000e+00 0.000000e+00 0.000000e+00 0.000000e+00 0.000000e+00 0.000000e+00 2.852987e-06 0.000000e+00 0.000000e+00 0.000000e+00 0.000000e+00
SPEC chpm sel0eta05 meanpt 0.4509 yield 2.18164 3.337585e+00 3.188333e+00 3.505823e+00 3.255855e+00 2.736569e+00 2.231526e+00 1.800393e+00 1.440487e+00 1.145167e+00 9.007835e-01 7.096593e-01 5.623290e-01 4.415765e-01 3.389489e-01 2.668681e-01 2.079351e-01 1.586534e-01 1.252868e-01 9.767238e-02 7.601349e-02 5.917976e-02 4.620182e-02 3.712201e-02 2.876980e-02 2.345532e-02 1.924839e-02 1.535895e-02 1.200703e-02 1.043908e-02 8.107011e-03 7.117618e-03 5.672316e-03 4.590192e-03 3.876729e-03 3.253834e-03 2.923071e-03 2.284855e-03 1.986254e-03 1.774819e-03 1.364569e-03 1.116049e-03 1.114724e-03 9.287159e-04 7.415035e-04 6.294667e-04 6.529434e-04 5.567571e-04 4.780233e-04 3.325299e-04 3.515342e-04 2.941477e-04 2.431105e-04 1.859334e-04 1.864245e-04 2.180471e-04 2.102948e-04 1.164319e-04 1.033354e-04 1.051964e-04 8.559594e-05 7.716603e-05 7.591130e-05 4.753428e-05 8.020407e-05 3.290025e-05 5.183672e-05 4.786615e-05 7.230743e-05 3.097906e-05 1.221333e-05 3.612027e-05 2.374339e-05 2.634289e-05 2.598448e-05 1.993887e-05 1.686410e-05 1.109577e-05 1.916705e-05 1.621961e-05 2.669265e-06 7.908320e-06 5.207524e-06 2.572201e-06 1.270698e-05 7.533962e-06 2.481948e-06 0.000000e+00 4.850436e-06 2.397815e-06 4.742047e-06 2.344824e-06 6.957593e-06 0.000000e+00 4.539178e-06 0.000000e+00 6.666176e-06 0.000000e+00 0.000000e+00 0.000000e+00 0.000000e+00
